15323.83184
15252.04189
15229.18669
15183.38789
15332.89936
15238.75955
15255.69052
15352.71247
15398.95790
15342.22810
15303.43626
15328.82806
15289.63915
15258.27649
15238.03837
15443.86414
15227.59715
15321.25824
15259.36602
15482.78315
15452.68017
15588.54708
15540.65816
15583.03144
15580.59930
15558.24403
15548.47122
15508.99480
15517.90640
15591.22355
15557.57877
15535.57117
15438.57282
15515.74920
15424.35020
15313.16326
15340.39681
15442.25438
15481.17974
15432.33546
15553.79945
15395.85793
15511.41372
15627.13784
15506.19150
15694.14902
15721.37654
15675.98307
15628.64192
15792.59105
15762.37249
15766.21614
15900.80490
15762.43395
15683.57810
15612.87011
15611.48208
15574.82293
15524.68078
15595.64640
15546.29180
15626.05799
15546.91135
15565.91901
15495.60125
15533.82025
15456.75829
15517.79481
15592.11739
15505.80227
15481.84683
15571.87236
15664.34490
15791.72261
15842.66349
15712.49805
15750.64502
15661.18290
15899.32216
15691.21290
15610.78911
15613.83576
15682.52720
15724.72054
15630.52131
15679.93808
15784.42702
15822.28887
15718.26871
15604.25353
15655.82399
15529.06556
15666.91022
15622.42897
15557.28858
15578.35567
15533.11596
15596.85679
15634.29649
15593.41400
15520.27359
15671.13903
15562.21435
15518.58675
15580.03633
15606.53190
15635.32302
15637.68619
15665.76473
15574.23195
15541.05561
15530.31069
15429.92150
15539.90698
15549.14179
15671.97500
15686.09476
15609.97870
15561.35064
15644.57203
15596.29195
15596.10168
15607.49224
15652.47282
15580.98467
15708.95336
15668.17000
15764.14776
15752.31708
15682.03349
15639.95759
15676.69090
15604.36502
15564.27885
15520.79073
15452.84462
15469.14438
15473.50773
15470.58017
15479.47586
15465.05270
15366.00185
15334.57276
15363.26013
15238.16809
15311.11854
15178.26422
15295.26779
15232.88800
15273.62807
15359.36294
15447.83988
15391.96531
15348.82816
15337.17772
15307.00670
15389.45884
15239.41394
15194.44547
15266.04086
15363.73775
15280.51678
15419.74495
15431.49782
15492.23912
15525.99266
15566.86630
15423.12748
15360.34061
15268.14544
15244.27883
15235.40327
15335.31390
15280.93171
15325.31778
15405.12967
15306.94761
15455.04554
15458.87088
15491.04852
15328.45971
15186.83363
15270.21854
15404.84294
15368.85241
15401.77786
15437.80430
15253.58905
15320.87491
15258.93083
15258.93251
15267.34948
15199.37861
15242.49827
15134.48121
15099.64462
14957.33937
15146.33900
15198.06268
15230.11766
15263.76691
15258.00880
15216.39700
15346.34421
15394.21655
15420.38961
15518.71920
15289.66206
15306.04688
15320.23450
15397.90630
15162.32526
15298.73369
15197.41357
15229.30560
15152.31439
15204.37399
15214.44101
15175.66769
15254.16719
15400.50202
15327.68814
15346.95900
15192.97810
15218.23883
15291.04050
15443.55492
15479.39549
15299.72856
15398.25075
15468.59432
15574.19977
15480.36561
15477.65247
15488.13417
15515.90051
15521.30143
15506.83300
15455.14136
15456.89233
15301.02367
15335.79941
15407.64393
15306.94616
15130.48978
15257.45409
15330.03708
15376.10513
15398.85114
15455.33225
15368.37635
15224.15630
15197.94277
15300.62188
15283.90328
15194.97400
15201.85029
15169.16449
15210.36363
15374.33318
15251.48263
15210.27706
15234.81545
15270.46087
15216.69510
15151.90658
15199.80301
15186.76193
15209.04885
15335.69506
15320.58609
15380.40342
15441.42723
15393.73972
15354.18107
15425.88141
15477.24155
15476.35532
15271.97468
15351.11789
15410.12965
15372.74686
15390.63472
15370.21314
15168.86817
15155.07516
15093.31830
15157.01150
15275.25321
15404.27945
15354.39235
15376.38285
15385.56191
15351.69939
15249.08999
15330.41674
15360.71649
15415.20148
15449.97668
15614.18943
15612.86189
15565.81721
15408.25747
15433.74360
15266.79134
15311.68938
15375.28125
15310.88221
15288.93853
15220.12846
15211.63576
15274.41958
15352.81110
15397.99223
15482.67492
15456.40610
15404.90792
15453.96953
15471.29455
15394.29952
15334.77799
15393.88540
15300.93097
15217.64581
15283.47031
15374.99835
15340.81823
15257.92272
15243.26634
15339.09882
15433.16799
15173.47155
15135.44346
15103.75219
15159.19040
15146.01476
15225.37302
15190.28563
15154.23636
15218.36893
15346.66717
15407.75429
15349.29944
15294.91387
15433.60736
15535.40061
15350.64803
15390.14684
15429.07692
15422.63413
15320.53941
15481.17482
15506.93448
15351.00667
15396.51129
15574.61203
15554.92185
15468.80360
15451.20392
15466.32607
15307.01729
15382.96958
15354.27318
15300.62858
15356.34494
15407.84323
15319.65464
15324.59886
15303.50953
15226.57549
15202.88973
15281.73132
15251.10385
15353.59833
15315.62429
15264.96764
15197.67729
15186.03479
15195.14428
15283.51882
15381.81209
15319.67722
15229.92001
15365.59198
15351.09359
15256.49821
15140.55097
15155.42252
15165.63516
15248.68739
15095.98202
15097.57108
15034.08140
15191.94395
15280.40380
15237.11781
15233.71112
15244.67849
15229.08505
15308.89998
15290.65679
15225.46850
15247.23265
15219.77814
15280.74342
15358.07387
15328.21660
15433.96931
15377.45157
15378.71518
15413.44952
15339.33567
15143.43700
15384.80714
15209.80708
15235.92302
15280.08177
15098.40815
15146.38413
15218.92032
15283.14713
15235.81266
15218.46512
15286.59154
15265.68382
15251.23048
15345.49661
15302.25336
15181.30734
15224.98822
15285.57256
15234.65945
15100.00475
15327.37951
15237.65188
15030.37245
15184.72032
15197.35921
15213.82697
15409.86046
15310.35054
15392.25247
15417.73213
15336.14056
15327.71238
15390.66932
15268.73174
15292.96696
15192.10826
15292.81112
15392.21697
15433.29187
15432.11095
15502.99855
15493.20165
15504.70808
15394.66838
15419.71642
15578.98628
15500.62596
15636.52979
15654.66120
15593.50834
15449.79228
15586.35210
15514.97467
15435.07467
15503.29963
15396.66697
15366.37553
15368.54697
15469.30165
15602.67420
15420.19701
15538.21989
15558.49920
15615.85821
15581.58750
15485.95680
15347.40573
15288.93930
15263.43044
15371.39890
15386.08842
15261.57835
15251.17997
15349.05245
15345.48707
15242.35608
15264.49134
15456.73202
15380.45598
15466.19664
15367.20963
15423.77336
15415.60455
15419.63715
15449.42359
15303.16721
15343.72402
15305.12653
15371.42585
15463.63577
15464.74283
15369.11902
15320.74204
15294.04062
15365.70838
15306.87500
15325.75388
15293.25387
15207.32775
15229.87463
15292.77864
15406.71968
15388.57607
15571.19448
15650.10559
15718.38782
15767.63143
15513.57141
15566.64607
15594.49068
15644.99410
15569.58452
15446.56684
15476.81582
15570.08706
15451.00386
15370.49687
15382.18929
15500.25438
15557.72501
15528.93203
15432.87450
15487.98632
15373.33285
15385.90890
15399.25858
15460.90364
15509.52800
15307.92937
15300.38240
15465.35960
15562.13884
15593.00188
15500.88715
15555.83410
15435.62988
15592.12586
15609.50404
15554.10179
15360.45339
15427.80822
15352.39380
15456.96618
15408.93616
15373.01307
15423.62700
15469.00126
15612.63853
15699.33855
15704.84832
15742.88715
15646.93044
15551.10695
15592.04833
15632.05980
15526.28529
15569.52640
15609.04595
15653.24020
15629.02938
15645.57053
15595.04406
15534.61505
15560.62632
15573.19796
15572.98500
15543.63634
15602.99903
15552.01749
15479.47747
15409.26076
15491.53095
15417.34518
15525.69621
15498.42302
15449.41702
15524.53493
15470.73812
15420.13889
15430.31609
15399.11376
15463.18743
15401.90834
15492.16904
15496.62095
15491.04146
15456.13522
15497.85328
15546.34072
15499.07914
15478.84459
15599.48378
15631.68479
15400.72652
15365.05136
15275.69220
15453.22987
15428.71166
15370.67186
15409.10514
15376.88732
15177.33451
15192.44001
15288.38574
15239.74634
15361.50212
15411.87872
15286.33847
15216.39952
15210.30626
15331.12249
15370.48978
15362.64094
15433.16673
15497.18871
15639.75409
15638.47888
15551.77483
15550.95060
15491.54654
15460.06581
15449.67458
15494.37778
15462.14925
15412.48561
15380.82501
15270.24002
15339.73540
15355.48231
15299.98583
15193.11795
15437.63020
15434.58002
15368.10299
15264.99889
15183.30669
15336.33130
15481.25751
15541.71223
15651.59714
15501.38017
15507.05093
15496.89209
15457.54699
15534.82204
15672.30922
15652.93668
15628.37835
15489.10948
15478.63104
15428.09469
15593.64601
15421.88233
15297.37544
15310.91052
15375.01893
15408.60871
15441.42248
15146.06875
15182.24894
15155.06293
15178.75455
14988.37059
14878.28450
14887.77340
14956.43386
14967.91412
15055.22370
15065.36971
15223.61554
15289.85949
15409.12528
15333.17199
15353.09532
15268.56338
15426.44525
15275.71511
15311.49344
15329.44232
15267.55767
15251.70731
15232.25230
15121.15562
14974.32455
14878.61445
14956.71282
14993.86785
15030.66986
14952.89253
15014.95283
15140.15827
15147.36121
15090.65778
15082.27170
15066.35097
15115.90284
15122.94050
15199.55995
15380.98391
15408.26682
15307.32903
15379.29290
15481.84584
15496.64755
15279.88235
15286.11126
15169.22685
15242.37436
15133.49261
15090.85125
15164.40819
15159.62873
15157.64887
15129.43163
15078.33437
15142.25170
15081.24363
15151.33834
15067.03700
15220.01626
15160.73216
15148.06449
15206.36152
15199.16697
15273.68320
15322.26850
15189.38071
15229.87741
15194.24533
15296.56560
15433.49779
15184.17470
15158.85478
15167.88108
15124.48821
15035.96662
15009.38964
14990.40203
15161.37417
15296.77324
15144.30869
15141.04206
14906.03244
14907.97439
14870.81716
14820.69552
14905.65872
14961.59942
15045.69028
15076.80127
15007.02371
14884.74866
14968.97988
14907.49284
14989.90913
14959.39502
15130.49969
15206.04721
15100.93335
15078.72047
15282.82527
15264.61666
15341.35573
15274.06852
15248.57666
15100.17022
15143.76181
15138.42407
15189.53574
15092.15029
15060.78107
15065.98725
15062.31221
14978.17244
14996.55240
15005.85276
15044.30085
15114.65974
15042.39198
15347.54870
15166.88669
15177.62125
15312.96339
15163.74349
15082.03036
15216.68045
15155.68576
15043.60016
15008.57491
15053.69409
15163.32462
15323.20904
15226.55782
15256.57237
15285.39697
15312.57175
15396.62273
15518.20707
15530.82613
15494.00655
15498.32614
15524.81394
15638.82604
15658.84150
15729.62878
15571.22095
15708.88872
15610.28332
15493.16263
15465.03456
15420.33448
15325.62336
15379.80473
15403.85641
15474.11628
15427.00810
15437.12331
15466.19620
15424.05970
15432.75140
15447.14033
15514.93428
15436.78397
15450.43261
15305.42705
15302.96826
15250.42739
15253.84930
15320.03810
15458.06680
15394.40368
15520.59855
15435.97748
15353.65936
15285.50044
15088.10002
15081.44927
15322.32921
15479.09355
15178.10372
15264.50998
15192.49657
15272.62172
15217.03385
15046.20343
14973.10136
14994.08632
15077.52548
15148.91003
15165.68258
15148.13812
15089.74629
15128.91866
15061.83071
15091.75014
15372.29349
15484.02809
15538.13140
15655.06072
15547.91182
15671.92200
15656.98454
15483.63527
15549.66630
15421.92944
15408.38582
15429.31537
15568.86198
15485.57500
15553.93795
15571.86828
15427.42422
15436.22124
15395.29659
15533.79999
15605.88587
15533.39898
15470.63533
15506.49689
15380.08829
15445.66102
15363.15950
15437.33804
15586.32092
15597.88567
15426.43614
15540.38709
15588.06458
15535.90348
15513.17869
15550.12218
15545.18230
15497.98005
15532.09338
15524.98755
15505.99439
15540.93038
15483.10188
15526.02497
15441.02733
15384.33539
15494.70593
15376.60280
15360.94856
15371.26870
15349.15231
15346.77210
15320.27921
15221.16732
15285.05480
15294.53161
15397.41228
15419.71634
15387.75147
15357.62263
15397.66810
15398.66553
15414.88056
15260.47773
15376.22809
15380.92961
15354.27036
15321.57296
15383.77326
15455.76031
15447.92883
15415.25393
15339.15014
15243.04435
15170.27472
15307.70029
15136.68842
15183.62143
15205.08857
15135.67315
15219.15230
15183.00296
15238.44259
15213.73868
15319.10579
15240.92900
15246.89481
15240.17274
15185.26435
15193.46397
15191.63978
15296.39099
15302.77201
15355.05979
15302.41166
15196.52968
15223.01935
15057.20794
15165.87000
15185.04998
15132.40508
15235.63905
15248.87228
15166.41243
15264.39860
15224.78934
15295.90731
15347.49097
15542.05679
15386.99941
15334.16538
15481.73079
15465.61524
15527.25809
15462.06195
15581.64393
15480.20549
15404.06103
15418.37563
15235.76529
15366.13868
15379.75729
15428.44058
15406.66103
15487.55082
15429.29126
15611.49194
15563.90481
15511.42113
15395.25024
15615.98274
15562.36774
15440.12518
15456.19432
15520.19460
15413.07928
15476.78245
15554.38372
15563.02233
15590.00395
15443.39873
15446.78489
15454.74548
15545.39917
15464.32427
15258.67064
15272.25598
15171.72094
15300.59309
15230.84054
15316.61737
15263.27567
15320.74366
15247.73810
15198.12941
15219.09038
15375.69688
15316.52540
15335.75886
15447.14868
15486.62771
15140.40449
15274.13376
15369.50948
15388.48259
15342.66729
15408.15821
15316.88898
15307.00238
15168.68060
15181.53205
15264.31672
15314.33765
15347.08169
15392.99846
15198.62388
15175.12240
15073.83779
14941.60876
14997.46678
15023.44524
15095.26139
15207.12384
15208.27150
15238.03958
15301.23549
15341.61648
15310.49401
15274.72802
15158.49760
15207.03542
15197.42669
15180.00573
15168.87590
15002.12645
15100.90086
15067.14170
14961.63073
14904.86115
15038.87973
15035.81157
15047.79520
15086.45835
15045.63360
15346.78275
15316.30946
15471.55553
15457.11828
15441.14518
15305.20059
15325.56981
15176.41233
15109.70391
15115.09036
15181.00582
15153.67463
15114.06564
15172.18820
15208.63006
15172.91689
15160.93829
15236.53018
15324.10796
15332.12080
15283.15170
15419.68838
15406.29277
15621.66500
15529.12019
15539.81343
15362.26123
15448.62453
15214.38675
15137.38698
15156.63631
15163.70048
15246.30670
15428.17135
15535.82687
15285.90909
15287.37052
15334.08964
15180.30982
15308.84295
15197.01344
15235.06493
15198.17575
15257.85421
15183.31399
15173.19983
15064.48453
15260.92424
15284.76665
15256.29676
15323.71589
15273.44431
15162.50203
15262.11150
15291.55346
15203.39981
15257.60446
15303.49420
15422.75087
15377.69241
15263.62998
15296.55140
15357.44322
15342.29787
15358.31815
15269.16244
15405.51448
15277.82808
15262.59172
15259.81432
15217.22154
15119.85523
15199.10560
15206.09596
15180.94544
15239.17013
15316.96010
15332.59762
15326.91051
15362.38016
15353.76089
15369.77478
15424.61902
15453.08361
15455.44765
15432.67186
15421.85109
15389.80185
15346.04120
15367.97153
15265.45456
15249.09245
15291.38645
15493.68092
15372.40975
15384.48451
15254.09367
15209.57199
15127.98019
15194.09462
15148.79008
15233.00405
15196.34469
15260.32378
15118.84036
15183.18092
15209.55387
15265.33329
15168.31355
15320.02808
15295.38286
15399.04414
15181.48527
15360.72935
15123.04493
15017.65430
14964.40288
15072.42161
15055.25464
15153.21840
15278.95462
15253.25637
15278.93367
15233.84537
15260.77424
15286.38951
15241.74907
15279.29664
15360.28969
15284.54324
15180.71913
15283.26453
15184.35349
15252.67975
15297.39416
15246.34755
15338.21647
15202.84499
15286.21182
15343.20232
15257.66761
15311.52682
15303.89480
15249.06526
15202.76806
15221.24073
15227.59233
15203.80860
15256.34687
15248.31691
15426.21617
15396.88472
15330.78121
15224.99041
15297.68595
15406.11152
15211.31275
15258.39318
15280.24092
15283.77287
15183.53896
15196.58208
15240.48578
15301.31113
15099.45039
14958.67173
14973.14841
15140.46625
15134.61872
15023.43328
15048.13327
15222.92407
15315.06869
15345.16431
15337.47777
15440.71491
15418.25198
15307.60965
15357.19741
15343.01870
15234.33684
15201.35878
15236.82734
15377.73461
15469.25954
15428.75499
15207.91438
15296.47220
15294.41067
15270.08105
15087.78098
15261.61379
15289.06718
15198.79788
15210.42036
15202.56024
15224.75498
15179.60125
15135.85398
15197.78268
15292.23776
15391.92878
15230.68438
15256.24259
15399.12041
15309.26535
15312.17614
15276.94079
15219.08367
15261.50521
15244.77089
15257.12546
15313.91920
15412.49996
15472.72270
15566.54820
15601.15281
15577.03982
15334.11529
15251.28667
15438.99604
15317.28041
15375.44267
15450.92983
15402.63445
15339.55919
15478.33488
15385.66720
15407.23558
15586.08099
15561.46647
15528.87020
15565.28561
15642.17664
15672.38458
15597.26260
15561.23869
15643.36478
15546.53459
15605.50216
15589.15299
15551.64869
15485.24550
15558.00401
15604.95927
15805.36704
15784.19840
15745.09249
15673.86340
15813.42461
15661.57473
15569.94323
15621.29752
15639.95203
15538.49650
15570.59349
15567.18959
15420.22998
15370.97177
15453.36438
15478.14407
15433.51212
15296.32621
15347.87528
15315.24582
15329.59206
15399.29427
15300.80560
15346.57434
15437.00881
15385.94295
15313.99871
15304.37581
15380.69643
15259.59411
15271.65219
15292.50619
15420.11181
15409.57936
15517.00305
15391.55766
15418.36553
15411.11846
15334.59815
15340.44545
15438.57538
15515.18332
15489.04086
15434.09574
15360.28880
15303.83114
15305.67716
15545.96630
15520.23894
15425.84902
15484.72016
15493.91173
15494.03303
15552.09968
15570.64277
15500.78157
15358.74258
15379.97523
15567.83837
15536.21323
15570.75285
15483.26995
15484.26320
15479.86392
15422.16428
15456.37374
15459.26336
15240.65968
15289.33995
15196.20018
15104.01789
15197.90091
15077.35948
15083.70172
15191.73077
15201.20392
15248.76602
15223.43600
15291.71651
15151.89223
15012.38882
15127.43893
15164.51700
15222.10910
15202.28544
15197.64703
15475.82239
15372.90496
15361.13116
15280.75811
15306.64181
15282.01320
15334.03160
15392.17085
15352.88638
15515.54329
15444.56319
15500.76170
15356.49959
15418.64052
15411.28731
15477.69033
15464.23450
15397.02838
15402.81451
15345.60772
15212.50325
15304.48634
15111.87280
15191.48629
15309.31768
15351.85227
15364.46648
15377.66616
15419.59702
15361.33611
15276.04329
15386.29850
15281.60582
15248.02687
15323.91986
15192.26011
15295.87662
15424.85023
15318.57588
15293.79422
15151.39841
15189.30309
15297.78112
15315.01410
15304.21045
15428.35363
15277.58927
15351.13517
15333.63256
15103.57611
15265.75203
15226.56776
15181.32405
15406.32637
15358.80799
15386.37778
15274.19292
15316.75961
15248.43687
15297.25238
15153.74921
15185.97834
15236.39887
15188.04731
15188.37630
15316.13494
15410.34473
15365.98041
15403.61954
15434.73692
15386.25381
15357.65547
15420.93141
15397.33828
15377.61400
15299.81817
15304.92251
15316.08417
15412.59626
15343.21731
15155.86948
15158.23284
15161.32706
15224.89244
15272.75614
15394.35612
15460.14790
15430.25668
15435.08442
15364.75664
15424.47140
15266.07206
15278.21902
15265.70333
15411.86324
15454.79672
15470.20936
15245.52167
15289.68813
15325.68957
15349.96783
15376.66476
15391.87941
15495.28213
15385.28234
15397.76350
15456.29987
15467.02448
15427.45735
15509.80426
15461.37957
15523.17814
15489.17124
15555.22013
15552.68948
15526.67096
15573.75543
15529.71122
15506.58058
15565.07600
15467.22335
15401.33827
15364.69429
15304.50082
15286.36955
15419.39808
15537.48502
15524.82089
15670.83132
15549.20837
15613.43547
15505.82133
15590.41179
15557.58472
15564.27154
15539.09218
15452.33847
15182.30024
15262.80577
15122.05148
15157.25032
15247.45968
15309.24494
15205.05543
15083.97218
15248.64164
15378.57439
15418.91959
15419.59268
15363.26230
15280.31816
15319.20217
15315.83073
15456.43523
15508.61287
15408.16990
15386.59871
15385.47716
15103.99037
15197.62197
14957.88634
15065.34397
15229.79613
15071.94769
15127.38814
15072.69507
15060.53563
15138.45643
15047.67405
15124.31863
15176.82948
15160.49266
15145.82432
15164.91885
15144.14379
15113.65012
15166.16206
15247.89382
15256.25886
15329.05345
15278.07707
15226.05613
15171.71663
15192.65144
15328.63017
15251.92391
15365.78676
15231.61837
15236.85219
15257.52532
15264.23645
15528.10667
15460.10325
15468.22691
15494.49299
15276.27164
15305.62015
15175.21402
15263.08290
15361.09973
15294.34391
15371.71854
15226.71792
15265.26149
15344.09656
15196.69943
15239.39653
15267.66257
15374.95265
15302.57396
15115.92389
15352.20390
15375.13681
15272.67380
15217.72476
15290.97122
15234.40607
15241.71406
15181.18515
15296.16361
15356.69508
15329.17008
15405.53337
15430.59996
15438.96156
15374.99958
15379.33553
15344.90385
15460.99828
15455.72883
15569.89973
15564.37751
15637.64105
15456.36856
15523.52166
15578.53640
15551.58171
15626.88859
15532.80579
15502.34474
15426.91053
15430.75875
15452.03207
15423.58498
15342.05748
15251.81898
15246.45485
15349.18066
15315.06556
15372.75217
15422.66202
15611.14151
15456.25751
15422.57247
15407.17049
15428.16358
15319.78227
15423.18446
15450.63671
15474.08856
15414.97342
15425.12641
15298.52619
15286.23682
15286.67330
15238.80621
15144.95869
15171.88997
15215.86919
15262.01758
15305.92716
15334.72488
15259.90906
15270.98122
15332.08246
15318.62517
15278.38383
15270.59152
15192.93847
15289.67828
15091.28022
15124.94300
15391.97737
15435.83193
15485.93520
15504.93554
15556.44828
15482.93377
15554.49643
15666.51090
15534.64216
15573.86072
15435.55671
15380.12282
15340.79696
15304.22809
15318.04318
15372.30993
15341.49635
15166.01167
15139.65360
15078.99817
15216.22022
15244.82794
15339.79597
15341.11221
15353.55403
15245.50965
15367.42330
15409.32412
15289.82032
15240.99588
15310.92986
15249.32174
15128.71179
15110.05950
15094.62690
15093.38925
15094.83592
15075.37317
15076.92860
15023.95575
14933.00965
15075.99871
15200.66340
15182.35794
15282.04422
15072.95265
15095.90869
15143.44098
15102.23794
15250.37163
15163.59494
15139.63554
15117.43830
15221.67767
15129.67043
15174.62528
15139.14265
15255.80260
15255.99675
15077.06635
15217.13310
15193.20499
15316.10452
15294.31784
15315.17956
15346.40401
15342.86040
15237.17327
15289.80706
15264.58451
15388.16982
15355.83559
15288.59973
15350.16015
15219.40925
15226.32125
15209.86965
15175.42923
15186.48660
15315.91280
15300.55118
15300.48706
15330.85398
15445.95955
15518.63563
15482.39997
15385.99594
15295.76164
15130.02380
15066.60165
15139.34955
15292.09734
15319.92122
15210.81754
15413.00427
15249.75069
15234.18501
15270.86099
15207.70854
15429.10851
15380.26544
15342.08138
15285.46540
15226.87539
15221.42112
15380.55230
15251.52311
15460.07477
15480.39171
15566.65736
15388.74402
15394.82551
15379.57469
15383.99046
15555.79989
15457.90508
15511.35273
15401.92019
15378.35887
15349.10810
15418.78396
15445.90664
15454.62800
15430.69625
15486.52552
15603.53515
15683.84873
15607.25667
15405.91793
15369.20532
15395.34554
15442.50251
15291.54794
15277.81477
15317.25824
15273.45204
15334.97292
15290.76882
15236.20583
15339.70951
15156.46893
15143.83791
15106.54001
15241.52814
15212.72301
15223.21029
15254.37137
15326.10543
15331.35162
15385.28924
15258.92482
15380.40401
15417.55379
15310.74245
15240.19694
15424.98934
15477.71743
15573.65540
15473.63857
15387.24984
15420.77463
15448.30651
15389.72565
15262.95299
15432.33485
15312.79111
15239.70005
15228.52598
15165.59916
15133.30796
15097.63552
15159.28062
15159.08528
15109.24418
15160.10066
15346.14324
15267.45263
15335.24593
15327.07275
15287.75225
15272.66231
15260.81410
15306.15932
15311.97078
15267.63522
15119.76868
15043.44274
15225.22248
15127.97495
14991.76478
15215.86905
15115.45423
15112.88058
15188.61481
15230.24143
15110.87642
15245.75699
15331.26351
15293.42239
15214.45928
15298.81971
15301.32630
15105.38557
15136.96931
15308.94384
15234.60387
15186.14455
15312.76914
15256.24251
15338.25689
15368.47383
15419.39919
15369.88843
15318.82402
15495.02972
15345.82317
15544.68686
15343.53360
15322.88607
15208.98488
15238.35640
15280.92901
15378.36192
15295.17016
15419.26086
15438.44536
15487.61043
15484.29585
15363.05113
15381.17030
15257.06496
15304.82336
15223.39029
15209.40971
15186.73468
15073.30860
15323.44291
15246.31864
15154.86778
15279.46155
15385.94629
15347.28731
15349.36991
15345.34767
15302.63253
15173.09036
15322.75516
15145.46788
15112.95677
15099.08087
15188.41907
15177.82166
15138.75556
15411.85863
15358.13545
15373.89064
15325.49169
15443.00975
15329.87492
15332.40655
15368.10840
15344.98153
15507.21904
15525.67601
15517.48621
15529.76875
15538.88824
15523.61441
15373.75116
15450.66967
15493.29519
15473.27795
15456.18755
15499.07091
15464.79011
15357.05082
15203.10332
15440.35648
15487.93500
15249.39785
15219.27070
15149.11054
15050.42909
15062.24473
15183.82816
15230.55049
15230.96380
15258.15106
15305.41043
15273.63983
15309.37078
15323.22366
15198.52233
15259.23413
15540.19433
15485.07584
15470.13414
15519.01566
15371.67701
15425.25879
15460.84427
15475.96093
15587.88121
15583.37175
15631.86879
15645.71683
15681.64996
15474.14472
15470.66697
15470.33193
15378.49464
15550.83417
15534.26516
15463.93019
15467.06851
15243.76454
15111.19898
15287.06001
15202.60970
15268.82117
15212.90223
15174.72511
15224.21739
15295.79509
15351.05683
15198.37422
15225.12063
15308.12903
15389.29655
15446.31367
15280.12959
15384.08720
15299.69246
15260.69616
15214.41863
15320.90931
15291.22285
15356.29097
15365.59368
15424.95865
15448.42146
15539.86254
15392.32540
15470.87664
15415.85271
15338.23321
15372.81462
15508.54752
15524.72799
15497.68822
15427.82183
15398.47964
15377.96443
15445.61056
15485.54010
15455.08356
15480.51333
15431.82360
15390.46308
15313.28914
15407.45372
15394.27903
15324.04272
15295.87256
15237.57407
15253.01950
15225.39930
15282.08103
15252.44138
15383.71699
15218.54200
15277.93617
15357.17956
15276.51378
15381.51645
15307.63694
15120.01337
15167.26994
15125.34958
15075.84545
15110.51716
15097.14241
15353.99292
15258.91616
15175.70804
15232.78245
15356.62531
15163.83974
15251.77776
15418.54464
15330.87374
15335.48655
15412.18282
15342.72402
15427.04475
15424.33278
15496.30653
15584.21531
15609.25830
15500.13567
15534.23315
15424.02818
15322.96630
15326.43471
15247.82684
15232.55484
15397.90276
15524.21929
15478.68290
15425.23175
15326.34741
15345.36765
15443.92432
15504.70825
15300.62246
15357.18740
15317.22435
15362.08122
15380.70364
15317.04036
15387.69924
15391.72208
15531.11030
15652.20412
15580.99072
15562.03774
15481.54768
15454.94313
15577.30034
15647.40974
15620.62814
15613.86748
15648.50404
15481.35844
15491.44446
15533.28422
15634.50074
15676.96823
15635.55231
15673.32674
15644.40329
15622.73199
15590.70428
15547.62542
15364.28494
15350.45462
15389.55348
15396.89049
15387.01414
15391.14763
15351.67102
15305.56873
15210.70194
15258.19034
15371.57723
15281.29042
15225.29951
15282.22619
15199.83407
15218.90889
15315.93649
15247.59803
15310.20182
15351.09777
15573.88517
15408.86973
15549.93261
15505.70236
15548.48601
15386.45266
15457.27096
15313.78373
15243.44365
15231.35008
15159.48319
15179.31460
15168.70291
15084.51098
15115.22278
15128.38057
15238.04892
15211.78079
15207.55658
15090.80384
15018.24701
15102.89090
15159.83193
15219.54743
15279.73363
15187.04862
15397.03962
15439.42809
15324.09098
15219.94046
15240.09225
15051.81213
15058.86223
15094.58435
15142.07074
14944.39318
15143.28119
15171.57604
15070.81249
15193.82584
15204.75734
15274.41544
15192.47092
15273.97353
15209.45830
15448.49839
15457.72025
15451.46236
15363.03781
15379.68308
15290.77905
15330.00175
15265.89336
15248.74078
15150.78545
15092.55850
15227.81204
15345.07690
15357.95404
15360.80486
15394.14724
15423.46883
15585.73964
15623.16834
15662.69378
15643.52724
15531.91606
15595.62290
15510.68937
15531.41319
15429.67928
15366.76044
15291.80067
15310.96481
15364.49267
15206.27925
15280.56875
15316.98758
15431.75115
15334.34854
15329.45401
15407.12522
15432.03860
15419.85946
15351.65110
15194.04203
15351.09632
15241.01652
15248.63456
15107.15366
15229.36909
15269.60137
15242.00818
15255.80825
15338.44369
15476.86108
15314.68807
15221.51641
15308.54393
15372.16178
15423.75273
15386.58872
15292.72733
15429.42982
15479.57714
15370.60357
15452.33505
15417.31386
15477.13490
15474.23824
15511.15353
15368.51466
15425.83740
15342.44676
15371.48213
15466.17895
15375.31852
15438.87893
15277.79788
15414.67765
15228.74688
15117.62940
15191.85654
15136.95145
15214.17883
15255.96651
15221.56392
15228.75342
15196.28614
15304.59811
15286.92279
15254.68405
15307.56509
15326.59126
15302.06540
15257.79783
15246.69552
15331.30535
15403.85003
15295.10327
15200.57999
15241.10563
15174.31276
15348.03126
15312.77980
15340.74291
15406.15181
15391.69099
15286.35813
15334.84534
15399.83078
15370.02338
15428.59287
15483.57767
15479.68385
15441.10055
15505.24070
15689.44212
15600.71128
15518.87848
15592.41317
15455.05687
15418.83612
15379.91944
15384.63392
15368.33066
15244.90903
15383.97487
15355.22785
15332.08672
15322.66741
15465.45577
15508.34846
15388.83633
15382.93998
15350.94340
15352.06664
15300.46127
15469.59159
15521.57747
15283.86078
15360.63491
15375.64325
15474.01166
15538.20825
15466.61683
15399.59133
15421.95725
15512.35462
15573.72852
15544.65384
15596.53163
15640.57434
15508.41364
15529.99105
15609.97715
15321.31543
15207.11587
15312.28810
15365.83610
15386.41011
15329.42515
15308.01274
15345.62870
15308.40926
15400.13470
15363.17532
15388.71244
15349.71676
15450.19462
15430.62059
15343.30061
15228.02544
15126.61873
15224.11236
15255.04716
15433.14453
15496.12044
15485.18552
15434.62027
15485.09032
15547.92734
15639.92668
15559.86954
15549.36069
15407.53380
15350.86864
15408.68699
15418.92322
15449.94233
15306.11182
15354.79879
15226.24404
15212.30515
15182.10701
15287.51568
15303.74980
15370.53610
15355.94463
15378.33465
15379.35326
15392.64838
15433.64552
15377.60016
15393.36542
15380.29594
15434.81231
15522.00249
15558.91694
15501.57661
15617.12516
15677.84210
15675.30964
15694.48271
15690.86219
15715.65879
15754.67743
15776.14513
15739.11997
15675.52982
15682.31609
15672.19998
15608.49421
15469.02149
15401.41365
15429.81366
15517.79588
15433.09624
15223.80850
15377.35150
15477.18460
15478.43909
15549.70053
15360.54519
15322.64459
15290.87800
15444.49359
15422.71570
15479.81972
15377.34201
15460.64524
15520.23792
15534.01787
15594.28963
15600.57996
15493.66739
15488.47986
15534.53354
15598.78672
15464.94799
15561.49672
15656.44380
15752.51516
15718.09889
15713.03429
15694.16648
15535.63996
15448.39608
15537.97403
15524.83188
15491.46113
15559.48849
15447.70468
15358.71743
15376.01049
15244.89971
15212.88747
15159.88974
15260.48150
15266.61734
15288.47470
15384.65221
15419.98510
15400.46279
15441.23420
15424.92113
15276.11865
15274.84065
15232.48917
15327.53459
15407.91877
15439.52299
15488.67990
15310.34223
15502.28524
15416.84580
15380.15726
15405.32540
15326.99377
15292.60868
15268.30424
15364.29341
15335.25794
15360.11340
15356.85180
15468.20001
15310.46255
15327.72629
15354.62109
15468.91247
15432.84494
15464.41042
15397.66403
15468.56874
15416.88103
15400.31155
15344.85450
15388.41480
15502.06865
15497.70752
15372.82494
15333.42711
15449.29185
15438.22570
15420.09154
15388.81964
15449.66205
15262.82766
15227.29679
15264.90151
15368.77034
15191.28930
15254.39670
15368.35498
15320.04923
15461.09201
15392.22742
15376.57408
15363.75895
15506.67982
15570.84603
15351.69760
15400.68168
15443.78326
15416.19083
15395.02462
15427.78460
15423.61714
15609.44501
15561.90258
15413.97457
15396.52565
15427.86971
15438.94819
15549.63998
15404.03255
15521.54444
15434.41924
15412.34589
15278.98840
15326.63533
15239.66296
15241.39408
15272.23528
15434.59964
15351.94604
15452.13267
15341.57821
15206.32976
15428.13111
15472.42778
15439.11012
15499.88123
15498.02174
15395.55045
15271.42419
15346.63243
15289.27818
15222.41134
15160.60192
14966.50061
15006.71998
15076.20189
15011.49182
14991.44814
15104.43405
15154.80120
15120.77453
15112.50378
15119.54643
14964.34841
15067.53920
15058.43123
15138.74640
15162.22223
15251.95730
15143.23005
15125.80233
15149.48176
15204.45872
15190.80221
15243.56221
15260.62404
15279.54100
15278.53270
15224.35446
15075.11027
15072.97640
15236.99464
15117.24701
15147.93977
15281.45270
15311.11204
15321.51353
15334.58500
15182.21435
15162.92506
15155.02466
15151.12835
15204.54477
15267.38850
15292.81964
15260.83502
15198.56300
15244.06261
15281.79737
15219.06848
15342.78303
15287.02232
15307.73051
15295.13767
15352.69346
15317.72325
15283.35094
15382.16945
15370.36808
15298.99969
15504.84477
15472.77040
15502.64531
15410.49294
15380.47222
15495.82720
15344.28668
15239.02062
15286.66162
15330.92172
15281.64703
15192.38079
15317.04926
15273.61978
15202.32170
15161.79078
15288.60726
15329.81232
15321.52579
15170.02272
15119.50307
15159.72047
15133.57467
15137.39785
15158.28656
14928.61772
14973.72052
14799.70718
14859.02101
15059.14407
14897.25413
14978.34843
15085.97395
14977.34577
14965.64489
15132.16385
15023.62297
15081.61569
15035.17242
14893.02552
14896.27466
15088.55778
15160.60251
15142.58290
15210.05212
15330.76916
15413.57968
15347.29135
15267.18303
15210.99313
15380.59741
15272.13468
15296.19659
15346.70162
15293.27215
15263.80816
15314.80575
15287.13155
15122.59990
15133.16270
15141.19298
15355.16223
15378.11951
15352.47942
15433.31518
15390.57568
15470.99371
15502.82694
15553.03943
15525.25656
15550.67238
15453.29273
15491.68752
15332.03044
15401.49967
15318.34563
15407.45477
15348.59340
15365.83652
15544.55218
15614.49634
15647.96368
15550.67984
15430.54539
15276.35495
15336.27130
15263.27253
15387.37479
15526.44117
15374.93371
15475.03721
15377.20571
15292.13004
15275.95295
15244.83272
15272.80647
15216.19161
15320.86771
15196.14144
15414.60938
15437.14518
15222.15816
15252.89986
15237.03351
15089.74571
15039.36238
15216.70238
15136.43610
15282.13468
15331.37733
15275.13888
15272.87095
15203.48601
15292.52742
15163.63939
15241.10547
15127.04906
15134.27628
15234.83811
15331.43694
15389.85174
15360.75864
15573.30360
15494.75030
15437.80253
15596.05195
15391.94918
15488.46917
15350.75917
15325.10231
15327.04164
15353.42638
15374.76787
15381.11423
15252.21290
15257.90475
15363.49360
15473.34633
15443.40435
15543.55777
15579.92288
15475.97278
15391.86256
15452.76962
15490.27283
15532.92836
15547.56464
15601.30999
15419.44481
15393.68490
15394.42808
15349.65176
15368.79197
15442.14749
15420.62104
15537.60942
15504.54087
15400.43225
15552.75507
15429.30684
15343.60079
15443.25233
15434.43752
15449.99091
15467.66069
15234.88417
15310.89544
15270.73745
15392.98921
15293.76467
15324.61757
15242.16473
15322.44625
15496.22379
15555.05360
15551.41335
15565.83600
15429.12435
15425.52017
15443.27502
15495.11162
15409.58445
15447.81355
15372.51271
15393.18301
15537.01952
15566.48727
15474.49610
15406.38705
15585.59344
15577.92611
15657.69108
15651.16303
15572.97803
15557.32927
15592.88736
15391.91244
15454.81780
15490.49081
15416.97922
15411.67445
15381.77827
15295.60968
15190.97072
15125.07622
15183.03882
15342.65422
15241.44141
15137.12803
15122.26064
15229.24656
15206.99657
15255.86290
15068.11574
15060.31048
15255.95661
15325.04639
15357.09205
15484.80097
15440.90582
15377.24689
15353.04452
15361.01597
15196.07644
15178.78867
15219.41986
15239.03832
15335.22521
15162.13665
15267.79777
15286.15404
15311.94824
15355.22711
15281.84228
15446.92849
15434.47497
15338.63313
15205.68190
15230.00468
15203.53294
15101.51545
15173.45130
15146.89261
15171.77523
15200.69263
15297.70523
15178.95201
15277.98751
15347.88733
15327.50204
15219.99007
15087.30427
15293.92133
15202.17862
15322.16821
15082.42344
15177.34654
15171.24689
15233.79779
15265.19402
15178.49845
15195.47537
15096.99436
15142.14310
15199.23325
15231.84734
15251.60786
15286.81112
15460.34065
15452.00986
15469.33164
15475.79623
15471.85279
15462.95137
15532.99814
15511.73845
15501.62439
15471.74767
15481.88045
15491.62459
15401.80227
15395.74100
15345.19260
15458.31906
15397.28002
15314.10626
15465.30935
15431.06971
15501.20675
15352.70714
15290.68551
15345.11211
15490.79886
15373.91677
15427.96366
15325.11960
15297.27988
15393.61778
15376.14943
15334.17253
15179.20301
15294.41959
15284.18535
15193.14337
15205.08665
15220.81545
15106.96339
15207.14849
15383.35323
15257.80638
15239.88803
15209.71152
15089.56169
15255.34012
15264.97467
15319.23278
15410.44848
15339.89085
15410.50330
15271.83767
15275.63763
15291.85439
15252.34876
15213.52389
15292.78925
15470.93868
15294.72907
15257.41472
15169.45545
15062.30940
15211.28824
15153.46139
15235.94929
15218.22209
15120.93933
15164.08816
15221.53709
15182.57301
15332.91259
15369.66436
15379.00231
15300.42426
15222.34062
15212.52800
15210.34748
15188.16433
15227.44733
15202.62251
15137.92188
15261.54122
15311.50051
15338.13652
15454.06385
15296.37951
15157.04635
15331.84220
15340.44349
15359.07163
15259.52517
15324.18422
15293.37963
15455.88915
15480.51069
15442.34640
15358.73404
15442.86013
15285.23452
15262.12261
15249.15845
15165.88256
15293.95742
15357.67893
15321.22583
15287.14334
15447.82173
15514.10995
15430.34932
15498.91270
15600.12684
15497.57414
15743.75445
15628.42032
15596.69627
15516.39875
15516.80089
15542.48088
15519.43829
15482.11766
15397.83254
15286.39397
15321.10568
15316.62471
15283.40330
15232.55916
15184.32692
15280.77434
15293.10270
15289.22164
15391.78868
15409.60620
15311.46888
15336.32193
15332.81366
15377.06155
15308.79841
15200.96548
15225.48041
15159.83195
15294.07271
15350.43154
15284.79658
15277.80815
15318.08745
15377.29085
15346.36491
15403.50425
15295.20620
15380.65538
15514.44646
15440.91858
15341.04544
15174.85655
15078.93597
15098.40988
15048.28167
15176.69654
15098.75374
15234.19959
15328.18655
15417.94168
15211.19524
15322.38440
15274.36983
15372.22484
15267.76470
15375.39511
15460.52063
15482.26231
15378.37744
15516.96827
15573.06370
15584.11396
15615.22422
15498.24821
15327.55290
15299.04171
15256.90701
15168.99756
15109.37480
15229.27708
15234.85027
15319.60048
15347.56930
15286.89258
15234.73618
15290.11515
15429.70581
15428.93705
15296.03677
15329.28617
15429.18465
15281.06893
15426.33278
15443.62437
15369.60410
15240.51275
15272.50727
15507.12188
15537.81542
15616.28628
15678.04359
15517.12388
15426.70605
15180.38071
15272.66613
15280.76358
15215.03519
15310.77260
15278.82829
15304.45123
15274.99682
15370.88050
15356.09753
15225.86088
15154.55691
15116.36631
15124.86868
15101.61530
15223.85296
15159.13270
15194.09815
15043.92463
15074.82276
14976.16862
14964.94020
15108.25352
15041.75022
15123.62711
15129.54087
15152.62032
15317.59628
15368.98997
15523.34453
15414.96239
15375.81723
15419.53822
15420.71813
15401.69523
15276.37618
15419.81037
15425.70525
15531.29303
15603.84337
15569.21014
15534.83026
15510.89672
15459.79036
15402.01372
15467.39281
15488.53891
15510.31865
15439.97945
15378.38931
15485.12636
15547.19725
15472.61081
15397.38785
15419.34508
15459.63976
15484.23723
15552.45145
15511.86057
15368.81782
15267.02343
15377.59652
15389.57299
15316.07085
15279.28451
15339.86918
15305.70328
15384.73761
15301.73765
15371.58167
15415.57229
15268.82079
15269.73193
15374.96510
15290.28311
15242.56147
15161.01462
15268.46250
15265.25117
15266.18145
15267.62017
15211.96098
15217.79243
15383.95916
15283.81819
15196.32770
15173.70076
15289.69213
15150.17615
15206.26800
15254.89182
15506.73394
15659.54476
15398.37586
15310.16446
15311.01481
15481.74407
15524.76173
15579.97675
15648.01138
15656.86144
15636.34040
15732.01567
15863.01746
15917.94105
15899.51898
15783.24959
15928.49204
15825.46469
15846.38453
15746.72079
15845.44180
15910.89275
15767.26279
15823.88915
15760.39429
15780.35813
15800.21653
15786.37819
15808.25731
15820.83651
15723.96594
15825.02175
15669.30442
15620.31983
15537.42332
15498.05313
15495.86690
15467.80465
15350.27771
15300.86419
15368.64590
15391.62958
15368.64802
15283.82022
15400.81808
15508.58187
15601.86346
15558.51170
15606.15022
15672.15865
15491.67192
15471.37657
15396.41614
15311.75227
15285.29470
15219.15260
15251.78732
15269.62823
15205.34679
15169.89456
15240.90715
15414.35748
15327.18327
15250.12459
15238.35117
15339.39209
15228.79922
15188.97132
15246.63332
15249.65575
15234.44152
15283.67142
15406.56461
15500.13116
15448.96917
15465.98767
15438.03801
15440.87148
15529.61188
15455.33828
15518.92515
15478.98554
15376.51337
15532.06989
15541.14514
15454.86238
15444.21137
15504.49288
15512.90908
15522.30164
15514.58986
15362.82556
15358.16851
15262.11306
15359.87411
15316.81610
15486.17076
15319.84642
15388.38980
15326.51176
15499.88579
15429.01349
15409.31244
15389.92622
15377.33950
15490.75554
15457.29362
15424.30569
15468.22546
15394.43245
15310.23406
15329.46697
15331.02697
15218.27181
15274.85918
15330.96530
15368.20037
15217.92293
15233.50563
15315.25155
15362.78935
15337.35267
15315.70782
15475.71590
15517.45613
15487.99656
15521.61251
15475.53646
15465.85488
15508.73988
15472.51222
15531.72566
15564.53600
15618.81414
15614.37228
15731.86821
15697.15740
15669.82130
15635.91094
15607.98513
15522.09471
15649.36024
15683.83532
15591.88427
15619.99367
15662.13468
15668.80876
15621.19771
15574.27333
15471.68438
15573.70586
15452.57556
15327.00234
15314.89964
15453.68942
15402.20057
15520.97825
15631.33511
15412.98819
15431.35040
15372.19664
15312.24969
15275.70025
15235.98779
15396.11199
15220.92505
15302.41248
15388.03874
15364.78123
15439.55587
15376.30022
15410.22299
15386.27696
15237.97117
15358.19190
15488.05250
15448.03222
15383.26031
15323.03464
15453.76601
15484.69943
15429.50217
15444.89196
15486.66090
15396.05868
15421.13475
15341.61233
15421.34669
15474.51306
15521.69687
15632.31253
15512.42722
15608.58278
15743.95668
15774.88848
15743.06175
15743.69476
15795.91441
15893.35940
15859.76825
15746.34720
15751.61680
15598.89801
15624.01109
15511.73365
15496.42103
15567.43684
15472.94506
15480.06345
15433.61690
15297.46540
15277.24584
15321.27531
15449.06657
15386.22482
15504.36614
15458.49953
15490.94324
15349.10502
15412.04372
15421.95977
15427.77037
15352.60000
15340.64397
15283.84192
15483.60739
15466.55285
15355.99416
15242.87226
15182.43731
15215.97493
15235.37270
15270.90761
15260.83661
15258.57204
15142.34972
15034.91301
15078.58895
15057.21600
15069.27559
15054.74826
15216.50364
15121.05646
15264.96727
15118.57311
15076.39994
15109.17681
15147.47589
15095.67207
15125.03873
15108.99148
14989.71857
14910.81683
14897.63639
15126.72149
15039.66930
15019.90395
15081.88680
15215.81000
15321.69212
15335.67334
15270.66373
15320.97897
15210.23693
15250.09509
15303.21450
15328.28390
15359.85951
15366.39907
15267.47077
15255.61781
15185.74816
15209.34791
15199.18743
15306.38603
15397.15089
15363.82058
15437.61178
15493.71200
15477.20820
15388.09438
15281.60724
15297.86861
15358.98048
15485.88782
15526.26266
15683.46585
15652.00328
15662.97383
15713.88247
15725.85881
15633.95068
15737.80629
15770.99305
15900.55104
15764.33221
15800.31494
15738.23068
15740.98293
15726.93934
15797.40849
15690.85249
15737.03202
15708.60667
15656.23685
15668.55996
15502.56417
15515.05072
15553.15659
15506.58210
15522.62138
15373.14710
15417.69337
15479.11956
15418.53673
15441.52218
15514.09575
15512.83802
15561.16966
15379.50046
15414.64020
15502.03091
15483.06169
15470.08215
15675.45641
15539.79317
15496.86362
15580.22092
15532.10476
15485.57810
15388.13170
15267.61024
15332.15572
15241.53785
15276.34454
15276.14994
15253.66087
15256.12536
15221.28903
15125.67691
15225.99797
15182.80758
15443.42080
15230.93938
15240.70945
15226.22597
15404.24981
15379.24827
15446.23486
15503.99321
15534.08381
15536.77733
15557.29320
15436.83298
15556.83453
15595.77450
15679.35598
15519.23619
15491.48143
15527.48791
15480.99489
15234.17045
15346.48687
15337.20571
15321.14404
15308.83439
15353.57923
15148.63227
15245.24069
15226.07835
15400.55470
15365.59299
15389.32126
15461.50993
15410.68366
15476.70757
15492.35377
15378.87238
15404.39174
15419.09239
15376.20010
15404.27395
15367.63080
15304.70674
15583.88770
15566.51563
15634.25983
15588.85288
15557.66589
15523.44547
15404.13280
15521.59227
15487.07762
15466.52983
15483.27327
15596.00234
15518.65036
15471.07182
15482.94138
15530.67036
15640.05176
15553.06072
15581.72077
15615.06865
15691.62374
15620.51804
15586.71840
15544.40723
15643.94486
15530.96885
15368.74051
15322.84937
15393.22616
15447.76099
15554.47618
15502.44348
15440.94420
15378.95172
15357.26335
15433.95883
15338.93095
15390.07269
15374.71589
15384.99232
15411.47833
15496.57301
15467.43188
15569.70849
15580.35341
15701.37787
15568.30925
15488.60400
15385.34517
15394.01383
15506.23103
15446.99467
15440.36972
15493.16932
15466.79867
15475.32332
15518.57941
15407.67295
15465.07208
15472.93084
15421.34669
15432.25744
15450.49098
15366.76394
15525.66114
15503.82301
15646.57774
15745.84526
15660.30843
15518.19374
15276.33375
15368.64485
15271.50117
15370.06544
15388.47945
15299.53280
15337.93276
15366.31643
15426.53291
15396.70872
15470.22841
15401.74054
15437.01292
15344.47816
15340.97524
15384.21420
15404.67316
15561.22600
15545.16762
15504.58113
15518.82333
15587.50257
15507.64331
15555.68292
15503.72306
15561.29506
15516.14226
15459.08092
15437.56200
15553.25287
15465.65928
15401.17891
15350.99927
15381.54500
15338.36231
15354.55460
15296.52822
15283.00701
15317.63535
15304.43743
15321.14273
15387.72530
15444.14650
15538.97556
15397.85313
15272.71035
15176.80297
15317.80435
15502.64199
15458.84008
15506.02295
15405.77697
15396.12734
15531.72793
15436.53696
15427.22002
15385.26624
15448.69864
15502.01837
15480.45343
15398.42530
15257.96446
15418.41324
15315.29270
15489.78803
15261.63815
15237.45846
15358.65132
15433.17625
15392.32904
15344.36189
15472.01085
15376.06178
15335.24636
15282.12357
15220.13645
15429.16092
15316.98484
15281.73401
15317.38271
15181.30708
15253.89447
15384.78597
15423.29121
15358.34631
15371.59020
15352.30911
15453.68992
15524.99463
15367.38113
15388.89641
15249.28075
15242.81733
15261.06538
15193.52954
15339.54569
15258.29741
15226.82278
15233.67206
15378.13426
15369.80349
15387.69948
15422.40206
15302.64424
15368.40415
15447.82367
15410.39082
15414.72217
15271.86276
15305.44613
15362.45299
15431.22718
15519.82422
15535.07408
15518.14216
15462.40596
15430.22377
15458.50634
15454.19437
15493.80617
15491.36785
15752.33211
15616.77450
15450.91222
15575.68076
15519.17758
15572.15020
15610.95213
15532.33057
15480.10507
15398.43914
15325.36734
15232.56311
15249.33566
15329.07989
15494.41950
15456.66627
15482.62572
15467.60905
15291.53470
15399.29355
15522.73710
15534.53962
15504.58357
15613.85524
15511.85842
15530.71507
15589.57938
15464.04067
15386.30336
15452.31337
15538.02961
15379.55919
15503.62616
15485.51701
15389.91060
15259.48323
15235.43383
15309.11113
15459.70194
15511.27707
15415.20100
15249.86677
15144.15828
15095.46569
15185.13291
15144.70876
15210.11391
15022.50740
15143.85088
15216.16494
15245.53123
15284.63943
15089.69170
15205.38462
15280.61867
15316.99889
15287.37087
15306.67662
15276.89431
15359.52655
15360.88876
15353.65728
15339.06398
15455.05690
15422.55204
15511.24061
15396.30094
15473.83722
15453.55952
15417.06540
15431.72168
15428.62853
15474.20924
15314.17720
15308.47990
15294.32161
15325.25263
15479.45949
15497.77582
15442.27882
15327.93281
15317.25738
15331.57579
15207.10319
15203.88322
15093.32581
15092.07441
15211.71204
15419.90931
15591.06737
15422.35916
15520.39419
15580.78149
15550.67877
15527.06189
15475.00828
15402.75776
15453.89252
15498.87929
15457.49844
15245.86927
15260.01810
15311.94793
15242.98431
15214.56837
15279.14070
15208.29367
15195.76857
15324.73934
15284.72801
15347.84106
15273.96289
15232.85244
15290.57799
15216.03971
15240.59932
15178.75014
15241.05537
15213.11725
15336.93457
15392.29756
15323.84994
15397.64907
15495.32659
15544.98223
15481.30384
15512.73939
15529.65913
15572.82616
15583.36144
15407.85565
15395.01851
15521.15436
15377.22596
15355.83155
15417.35977
15350.44799
15423.13575
15501.05230
15464.64026
15389.91714
15402.75589
15442.40098
15403.64714
15313.11343
15497.85106
15577.03771
15561.14308
15503.49153
15442.70284
15549.64723
15373.65979
15276.23257
15300.80482
15286.62238
15428.83713
15569.43727
15487.73253
15473.59291
15531.59398
15564.58397
15507.54679
15422.21285
15619.06919
15645.86491
15495.50513
15446.70019
15390.92088
15473.08732
15388.86497
15499.25719
15430.73512
15502.29085
15575.17690
15497.82481
15599.49991
15526.34981
15538.52005
15452.37595
15213.11308
15330.41425
15321.64720
15158.38802
15180.85494
15314.47851
15382.63054
15372.05551
15249.01279
15406.29464
15610.05859
15570.42192
15485.31668
15323.98098
15348.75055
15378.35551
15413.47266
15408.87971
15341.99990
15372.83781
15288.12386
15274.91424
15349.15210
15426.10177
15407.62342
15337.76398
15311.11965
15398.12251
15286.75742
15364.12195
15444.36500
15461.48792
15488.17150
15427.45609
15220.95664
15421.24088
15568.72243
15442.29123
15477.48147
15500.08438
15515.80692
15550.80047
15429.59774
15520.00941
15392.15547
15456.60955
15412.76442
15409.92468
15475.07946
15501.23016
15420.17947
15421.28119
15479.69768
15413.16441
15361.69624
15126.13233
15037.28627
15003.35229
15109.53065
15220.01609
15287.81341
15238.89006
15217.49701
15177.46138
15220.52751
15277.02109
