15215.97394
15084.15223
15154.94398
15291.95491
15235.64889
15064.43217
15253.92928
15256.98772
15183.65211
15115.53394
15219.06286
15177.78974
15207.62652
15333.56901
15275.30462
15295.15757
15474.15656
15453.25127
15564.97288
15479.54356
15387.45499
15404.17444
15349.48781
15359.22287
15433.61872
15341.88519
15271.34905
15370.48040
15284.95585
15251.63857
15287.64588
15181.92651
15318.30202
15381.96631
15501.74656
15316.76855
15367.92088
15417.49756
15250.63147
15278.51631
15294.33729
15180.09994
15183.43179
15278.23421
15139.26017
15170.86842
15036.28157
15137.92274
15049.56088
15128.90429
15260.70787
15502.41613
15475.58986
15415.55218
15501.62260
15456.58849
15325.50851
15454.66035
15489.77022
15365.43383
15310.34275
15333.75904
15196.60097
15289.22846
15231.23937
15180.95660
15412.27587
15444.88252
15367.20929
15268.93108
15141.17399
15218.38217
15479.30070
15414.52471
15221.18943
15152.65888
15079.70118
15167.52920
15299.69002
15207.92793
15285.06161
15180.82325
15187.52339
15072.69808
15225.97905
15316.08422
15197.78498
15206.73570
15298.04210
15256.49222
15507.89761
15417.13882
15478.72828
15221.22575
15261.89694
15230.78905
15244.00571
15324.32087
15459.98167
15475.68557
15517.94088
15411.36780
15444.10326
15548.20300
15403.81243
15291.04850
15345.01875
15450.00394
15439.07480
15312.11597
15276.70227
15146.70892
15152.94827
15358.31602
15237.69390
15251.42183
15186.26417
15236.19491
15381.41835
15385.63209
15406.89845
15193.43830
15224.29464
15193.46352
15116.10639
15239.48017
15246.09342
15223.71896
15287.95826
15163.32740
15280.67113
15443.04596
15559.83796
15424.39281
15401.82704
15262.59640
15410.38346
15513.10830
15495.08220
15382.03460
15474.86201
15295.58980
15286.59450
15231.02670
15194.41036
15204.95215
15213.96699
15154.29953
15150.77294
15178.75915
14961.39705
15190.63708
15235.83637
15126.13095
15331.53161
15425.85402
15190.15958
15238.06426
15204.35270
15410.47641
15311.83404
15239.43289
15243.15091
15212.81599
15119.14296
15284.14666
15179.63133
15206.93658
15227.54042
15356.84161
15412.15039
15322.11371
15179.89004
15295.35022
15345.75238
15290.51198
15214.64666
15222.19179
15279.45340
15353.18664
15284.25608
15117.66102
15083.66134
15179.53966
15247.65695
15129.94261
15300.36999
15447.75028
15459.98157
15424.10356
15452.87083
15437.88496
15293.71866
15330.32103
15369.71309
15458.04125
15586.18458
15354.80465
15350.77493
15302.27126
15361.19701
15441.92165
15464.37500
15491.07528
15533.67936
15474.98822
15573.37626
15469.44166
15461.24517
15484.70190
15449.59721
15350.66513
15383.96520
15503.33348
15322.39913
15310.07260
15366.33622
15364.00874
15369.44049
15343.07653
15217.73477
15221.46396
15303.69720
15425.40538
15401.85206
15262.68710
15558.22537
15656.15215
15619.75066
15594.99279
15583.60857
15414.50710
15470.32772
15639.10910
15673.66497
15662.01474
15592.93664
15540.55841
15561.38572
15560.83712
15488.71113
15553.91293
15507.48114
15390.86935
15302.81042
15547.35689
15436.86497
15348.35874
15224.60209
15215.41038
15271.68374
15321.67557
15430.79032
15493.69563
15492.11006
15447.59478
15341.02705
15192.09395
15336.94808
15294.24714
15177.89629
15049.99575
15220.09096
15156.02433
15228.90078
14993.13481
15012.97484
15065.06828
15187.74746
15165.30909
15208.14731
15440.98956
15465.07229
15357.01154
15370.48072
15339.52826
15325.36774
15339.02588
15276.24980
15442.89132
15383.85810
15399.68297
15381.25782
15374.78184
15241.02156
15143.16809
15290.85256
15391.70445
15461.05030
15343.07882
15232.18955
15078.08042
15211.30505
15127.57892
15106.61972
14967.95778
14819.91399
15029.54982
14986.92379
14983.27941
14856.48942
15002.50219
14918.52706
14925.41221
14982.47693
15017.30022
15136.61412
15185.40968
15243.11001
15256.95215
15332.28551
15447.69889
15393.64718
15325.50920
15288.92857
15322.90420
15282.13214
15408.43347
15283.11460
15501.14190
15557.86530
15395.09442
15349.21887
15307.55672
15309.52175
15217.93624
15159.70304
15217.47963
15126.38862
15105.24791
15238.74097
15258.91987
15162.94511
15152.21803
15117.74167
15203.80085
15236.54826
15321.93828
15222.42773
15269.98237
15257.91242
15298.12737
15275.00513
15109.95713
15207.29636
15379.03055
15579.66116
15198.75455
15082.98486
15155.17814
15216.85674
15153.10877
15311.63261
15424.40434
15292.70725
15262.06912
15440.37405
15349.87043
15319.57302
15389.29232
15324.87703
15238.80909
15205.74405
15159.35424
15179.77519
15287.03936
15294.52623
15329.69276
15322.07084
15499.86610
15511.58440
15462.01928
15439.60686
15409.48435
15488.31984
15458.95337
15540.33864
15439.28485
15558.45187
15257.23396
14994.58323
15107.14975
15408.21896
15487.11284
15395.96937
15393.60983
15345.53233
15372.35206
15267.40352
15224.62762
15272.98096
15324.83946
15233.84522
15259.22301
15348.49045
15350.91868
15266.21533
15338.55931
15315.78246
15170.92460
15260.05976
15476.51773
15393.94263
15536.17910
15317.73114
15326.62918
15482.57208
15488.94235
15484.25041
15590.94744
15509.35177
15381.99427
15390.69518
15167.20399
15255.83164
15172.01740
15315.52188
15400.78772
15508.51151
15681.30535
15523.03263
15438.74810
15369.64978
15409.76957
15381.70145
15298.65824
14993.52749
15123.44319
15252.56594
15292.93732
15311.01718
15310.42310
15113.45494
15128.13792
15155.80633
15317.06314
15241.63894
15195.82231
15207.80628
15435.97315
15231.33333
15263.23965
15237.61860
15261.84060
15297.79425
15213.94800
15274.39552
15290.70914
15226.27355
15249.98835
15350.83423
15431.18344
15540.07722
15403.58608
15376.29061
15233.09772
15229.02718
15198.18469
15185.98333
15190.48430
14969.86351
15138.17452
15384.37078
15365.22882
15521.76235
15577.58937
15585.09832
15611.04087
15330.53437
15449.54223
15302.87310
15263.96533
15516.90648
15363.78188
15266.25518
15270.68179
15246.91866
15273.82230
15341.40671
15376.32235
15313.15394
15423.73960
15256.67882
15232.57593
15515.62800
15590.17745
15561.87746
15474.50083
15302.05222
15152.25955
15079.00299
15139.56670
15183.28564
15176.18991
15107.24331
15251.28792
15366.65705
15075.60337
15331.91619
15418.51637
15314.47938
15420.38192
15385.46215
15395.65878
15278.65615
15450.85738
15448.87742
15290.45612
15288.67471
15268.63770
15386.44685
15348.52663
15369.27115
15610.24561
15552.64035
15498.08689
15190.69726
15347.79716
15286.93107
15259.08205
15275.96549
15326.40490
15077.24890
15296.38306
15382.89203
15456.25314
15391.54119
15187.23058
15181.79296
15245.52833
15245.42849
15226.96112
15257.45737
15345.83161
15333.38526
15404.84515
15363.99244
15304.51251
15403.44483
15453.60738
15349.54595
15282.97732
15132.47421
15214.09533
15253.50980
15378.72715
15297.10017
15396.63562
15374.29978
15334.96497
15351.77456
15426.60525
15222.70565
15195.49975
15247.63911
15224.74900
15169.25496
15117.24511
15155.94874
15263.57658
15113.94280
15018.23768
14969.66438
15161.57967
15294.04818
15288.35357
15203.20570
15225.97059
15310.51678
15296.27992
15307.22270
15323.59295
15113.28746
15246.74117
15070.95453
15361.13963
15305.68529
15364.05552
15359.58470
15385.48943
15385.32087
15302.95205
15292.63240
15531.35166
15488.44261
15583.29748
15604.55829
15722.65248
15671.03728
15455.92512
15391.94386
15382.26096
15378.71141
15263.63875
15404.09712
15149.85565
15219.42381
15121.11547
14971.77448
15097.15194
15261.91785
15047.35207
15084.79088
15131.02394
15151.14119
15207.12376
15249.51365
15169.03209
15113.21593
15215.00008
15093.39917
15173.34798
15369.63637
15396.96097
15446.00367
15168.92775
15125.73747
15222.49519
15315.63082
15258.07304
15155.04213
15218.62550
15085.25743
14928.42456
15049.98598
14848.64718
15074.44278
15090.52059
15251.89408
15322.19171
15388.25412
15319.77164
15277.33685
15335.87313
15379.66622
15372.88569
15530.29414
15705.25543
15578.63199
15494.12575
15446.47179
15218.23389
15230.11941
15319.53094
15236.58227
15197.80604
15212.25990
15321.50222
15356.89118
15577.67049
15417.63585
15258.27871
15338.75410
15229.10473
15274.90318
15248.90373
15341.94643
15466.22704
15441.72068
15357.71569
15163.32033
15195.14617
15091.72961
15070.55865
15176.25555
15362.42232
15277.50631
15199.94682
15103.13069
15091.50600
15131.44068
15274.44507
15131.02315
15013.29278
15093.26929
15214.54946
15323.99128
15284.75317
15260.61652
15312.56167
15229.85689
15408.19773
15286.95728
15215.55317
15061.28842
15273.36667
15170.77653
15430.91371
15516.52559
15572.26803
15531.97662
15704.58249
15543.72579
15355.78193
15142.03660
15161.97465
15244.88755
15281.09395
15260.54474
15060.40277
15088.94866
15126.53696
15212.36365
15191.58967
15389.25463
15333.98908
15284.97652
15250.18820
15328.45519
15087.75593
15118.20288
15247.09198
15174.52790
15191.95044
15317.83916
15088.84485
15352.13098
15370.37133
15393.82048
15326.26744
15238.47385
15330.18074
15451.64230
15360.45787
15201.89595
15110.62432
15186.30263
15235.21812
15307.11094
15263.93079
15158.90871
15203.81032
15215.77031
15347.25565
15288.06411
15208.42891
15365.11223
15280.90599
15078.49055
15059.51736
15261.43133
15264.14061
15209.59019
15429.40892
15374.30192
15307.37451
15283.92286
15465.38013
15526.85222
15507.41076
15414.65816
15307.76505
15188.81803
15286.54793
15292.95436
15248.73045
15281.10711
15242.06737
15236.28260
15099.22131
15420.73876
15300.24802
15522.79117
15404.77890
15252.41755
15467.12220
15539.07447
15549.71535
15382.44885
15512.22405
15333.44318
15260.95102
15360.07943
15302.21891
15265.40987
15154.40998
15166.30044
15241.86886
15282.42002
15253.25576
15133.56606
15155.20766
15320.44134
15232.26486
15182.94396
15400.99766
15366.40070
15355.05758
15228.93179
15168.58820
15181.99507
15290.77548
15512.31989
15386.82474
15482.86669
15252.50090
15324.32819
15190.72620
15216.66978
15235.90363
15209.55417
15226.80386
15372.33402
15400.96370
15309.29321
15464.90099
15419.46718
15458.92260
15482.44558
15322.65223
15470.69427
15542.34819
15319.40093
15269.50238
15293.26065
15268.67314
15388.98286
15295.25672
15377.30904
15385.93064
15516.24420
15348.27202
15336.82440
15524.46977
15438.65336
15418.16174
15368.59966
15277.86955
15305.11981
15433.08297
15417.52123
15332.17182
15276.82625
15229.83743
15386.87828
15403.57161
15452.53097
15478.53350
15423.58143
15357.97403
15364.44086
15277.40833
15366.27281
15454.46579
15446.10315
15441.62017
15485.89144
15470.33671
15159.98934
15244.75859
15143.38376
15464.13610
15313.50722
15246.65308
15248.94507
15315.28196
15247.01960
15280.08938
15482.81763
15565.99089
15434.66590
15480.38179
15365.13165
15407.51514
15351.38432
15362.93697
15391.07922
15324.62081
15360.20397
15457.12687
15459.03626
15464.87119
15302.40601
15219.22911
15299.43939
15301.96479
15248.26126
15186.72514
15458.76400
15438.93105
15435.83805
15383.48815
15428.40602
15458.97234
15226.09204
15148.97241
15135.21227
15129.20786
15192.43848
15163.53672
15103.59695
15075.67178
15132.44519
15235.65181
15411.70727
15396.69214
15370.02087
15301.98600
15253.03145
15146.67693
15056.84522
15112.25432
15042.07866
15075.76903
15130.79001
15183.84754
15285.55641
15351.82636
15524.60782
15589.71848
15502.70121
15473.94033
15528.46872
15575.81486
15450.79711
15387.29648
15403.73083
15358.76309
15448.19789
15622.93507
15523.10065
15520.64535
15298.24817
15278.41442
15316.70889
15394.81556
15412.73014
15533.99945
15589.57345
15633.10166
15531.92656
15686.26094
15577.25261
15442.71143
15396.12884
15383.98352
15339.41141
15334.11391
15317.83960
15354.79106
15362.14307
15266.21530
15345.79801
15357.14441
15275.04642
15156.69752
15221.96569
15182.33545
15084.65843
15201.50075
15216.76605
15184.23060
15304.05972
15485.14500
15411.78553
15382.77052
15350.20783
15324.47651
15414.43405
15507.86193
15575.66762
15540.64381
15487.26486
15594.51007
15658.81890
15685.37298
15623.88954
15561.87321
15492.88271
15453.18827
15444.22009
15286.56099
15302.78068
15173.37361
15238.76129
15204.36820
15255.26319
15382.40005
15272.86375
15306.90202
15102.99891
14980.05969
15112.46722
15134.34015
15217.90929
15203.73274
15244.73542
15370.23342
15266.26171
15207.52140
15290.54750
15344.95438
15282.50880
15213.70450
15287.90606
15304.95520
15157.91731
15055.65148
15093.61051
15292.38467
15283.75486
15098.82545
15179.93911
15281.65836
15127.36179
15145.32910
15215.59053
15329.57974
15454.59491
15528.34544
15550.53435
15370.85025
15013.28326
15297.43488
15447.15022
15422.73108
15407.53509
15279.19152
15331.30545
15394.47769
15341.52121
15179.41037
15179.55155
15250.97942
15178.18573
15008.93767
15311.23416
15385.80447
15375.39010
15235.61276
15330.46997
15548.54623
15591.04694
15405.76006
15303.71758
15540.40262
15469.21662
15178.23975
15218.36304
15282.91925
15379.74040
15317.11624
15250.90250
15074.48413
15207.13566
15149.02331
15266.12493
15342.75300
15297.73637
15236.77987
15246.90898
15267.43492
15289.71771
15147.62251
15088.09163
15085.54939
15253.13899
15335.33308
15249.48996
15332.97754
15336.37091
15460.89135
15307.96438
15310.77031
15258.81941
15227.98135
15338.72006
15177.32734
15438.62963
15430.55353
15392.67901
15441.64844
15544.00047
15451.20575
15398.33403
15388.74729
15413.05717
15253.24605
15286.54376
15498.55312
15425.31404
15438.41563
15281.06063
15201.25471
15333.10904
15350.19291
15393.24946
15540.22286
15490.99993
15345.02095
15368.54238
15423.61598
15222.05649
15193.31875
15200.76705
15107.16424
15097.27894
15148.76181
15169.90495
15115.43754
15233.52503
15443.44455
15189.01014
15174.86599
15353.56080
15472.64415
15479.24972
15512.69248
15448.76228
15323.56367
15253.63558
15069.28094
15263.18434
15275.26356
15374.59980
15398.33615
15463.64753
15321.80073
15276.83899
15226.86027
15211.07638
15265.81860
15123.79412
15228.07923
15188.79980
15291.39077
15154.86655
15480.21949
15589.26174
15474.30597
15400.47102
15428.65816
15384.56416
15515.95893
15377.19927
15408.80969
15229.96381
15324.48522
15424.78115
15331.33758
15258.29309
15220.70614
15240.58964
15091.62400
15220.15179
15348.41441
15464.79142
15428.67020
15357.74413
15329.55117
15310.53056
15448.16786
15379.88377
15367.94642
15512.52621
15680.63099
15571.00254
15484.03906
15567.89437
15559.46807
15551.05341
15434.63811
15121.56663
15108.84270
15194.16083
15163.10950
15425.39420
15484.60783
15482.28624
15474.91410
15429.43827
15320.15929
15387.83402
15366.75719
15473.51412
15316.08097
15323.52502
15459.72258
15604.16800
15462.67089
15590.76749
15436.13075
15349.00685
15299.55556
15221.97540
15183.42246
15334.14263
15215.43834
15094.04573
15073.39867
15229.09870
15290.17290
15229.76772
15205.75018
15359.69293
15330.74875
15481.37545
15325.70325
15214.52834
15243.66839
15375.75568
14970.45518
15225.12996
15147.36709
15182.05191
15343.46652
15291.65013
15370.23376
15314.55035
15325.96433
15365.43316
15385.54311
15532.55471
15459.60834
15358.20962
15361.06623
15301.18510
15209.90980
15210.33289
15003.68550
15039.94656
15088.14013
15098.91854
15207.93818
15149.33827
15092.67065
15163.54701
15369.94996
15395.94998
15309.01108
15350.42664
15432.00133
15346.79785
15319.14759
15258.83987
15258.75656
15160.93929
15014.53798
15009.67417
14918.96176
14998.81670
15089.73372
15312.76315
15278.71780
15246.88458
15356.20821
15447.14415
15314.81825
15382.72923
15218.15391
15427.31553
15393.28531
15414.47740
15483.63015
15421.42573
15421.62048
15110.39320
15169.99824
15327.75676
15464.93765
15403.72306
15447.05388
15342.65478
15402.32714
15398.52803
15313.19827
15140.69865
15166.89648
15018.01449
15026.17362
15174.00269
15273.94374
15222.93892
15282.50369
15376.58047
15278.19416
15174.67631
15194.79535
15397.47040
15430.04899
15351.90450
15381.60252
15360.59098
15299.21772
15392.91092
15371.88361
15386.99718
15280.45391
15468.63049
15453.82287
15301.39518
15248.81642
15170.37408
15214.30172
15260.07365
15437.23514
15276.35400
15307.29573
15472.94229
15538.69613
15401.90347
15358.67556
15475.60319
15340.42299
15174.81639
15252.28011
15310.68696
15422.33781
15416.64630
15332.65203
15309.40950
15175.59444
15423.90069
15224.87394
15377.21106
15391.06286
15549.01372
15519.19550
15325.87741
15271.66298
15285.08655
15228.08142
15333.90333
15182.39679
15143.34484
15265.55639
15286.21976
15341.35489
15438.30694
15350.70490
15326.15651
15168.93833
15060.60420
15157.98676
15140.24449
15080.31876
15144.88576
15214.12781
15338.68801
15156.68886
15198.03875
15229.72625
15229.67092
15037.86179
15124.31417
15085.11119
15192.45556
15124.56882
15119.43957
15280.14993
15452.88033
15334.91652
15095.57345
15042.25457
15034.65708
15096.13536
15123.69739
15238.81597
15168.53253
15310.59287
15254.53970
15265.72935
15284.02008
15138.41966
15032.96691
15132.83085
15045.00385
15003.42335
15029.37633
15173.14425
15140.70501
15350.26895
15325.79489
15462.27324
15398.77737
15377.48214
15477.38984
15496.45660
15485.11371
15587.75429
15460.69052
15444.58737
15455.75817
15466.43030
15536.67480
15475.89910
15283.53186
15163.38214
15137.79127
15204.55112
15316.74201
15288.59144
15452.16789
15473.77262
15627.00413
15561.72089
15567.49648
15549.50878
15506.71498
15548.66107
15433.71912
15447.45578
15503.17556
15585.97236
15529.03409
15515.93664
15565.22536
15377.46926
15322.09604
15301.06874
15231.58155
15239.97155
15389.40366
15308.60465
15514.76401
15424.28304
15291.14142
15334.40195
15425.64029
15289.42621
15341.15991
15281.38324
15075.68979
15149.15737
15099.14156
15059.11849
15094.90697
14987.43247
14925.51855
14942.97466
15068.07494
15065.60311
15147.49920
15108.63163
14881.19810
15058.84863
15004.25742
15102.73173
15170.02157
15161.12558
14988.06178
15109.15684
15016.37416
14992.62930
15098.59751
15085.97237
15193.26905
15108.09902
15169.27944
15273.33941
15169.17235
15063.46265
15260.25302
15312.14316
15278.51638
15369.82555
15388.15575
15287.71743
15297.90311
15445.98418
15459.49851
15402.89271
15405.20584
15349.09811
15283.56665
15159.63117
15281.50253
15237.76121
15442.97564
15519.47775
15569.34403
15566.13027
15479.30117
15473.37497
15331.25517
15232.28270
15382.01043
15230.43518
15137.52802
15246.97837
15268.61633
15451.71106
15359.98397
15263.14159
15191.23613
15189.36168
15291.83503
15235.52587
15254.88136
15286.77090
15138.54948
15254.38632
15369.68409
15052.49568
15165.99673
15248.42936
15356.35173
15203.33638
15280.36740
15179.06514
15113.86376
15166.39449
15074.45602
15131.16405
15049.30062
15215.33055
15298.36608
15378.20773
15220.61965
15286.89211
15299.51915
15106.63166
15361.54632
15344.79907
15417.76622
15373.59471
15054.88338
15159.88259
15151.96690
15238.30730
15307.99032
15409.59473
15243.24183
15160.95922
15313.68330
15391.68061
15553.92542
15394.12606
15327.30492
15322.89391
15278.55117
15322.13459
15428.57382
15296.15871
15332.38321
15328.40047
15323.01398
15360.25773
15323.33907
15248.41250
15386.68441
15619.65420
15514.93753
15507.32062
15275.42867
15100.62305
15189.98847
15156.86015
15145.54327
15255.92973
15226.93287
15147.22990
15286.00894
15244.54031
15145.87519
15272.09980
15332.31901
15390.81281
15224.72712
15122.64086
15211.61919
15307.16079
15432.91994
15278.97093
15346.67858
15339.60264
15374.33153
15258.41582
15246.43470
15442.08449
15493.04396
15433.96722
15476.30615
15504.24295
15656.20334
15696.86001
15595.18908
15669.92362
15334.89262
15430.24607
15242.32664
15467.37460
15416.68240
15312.26138
15305.65704
15393.00759
15430.27709
15303.08938
15401.94230
15404.59280
15459.03264
15129.40427
15240.91590
15153.81037
15027.68175
15051.82545
15135.46965
15185.88681
15219.75216
15089.73429
15189.37417
15025.67773
15160.24566
15275.52974
15228.54817
15410.62897
15300.20921
15436.92233
15401.63890
15344.99869
15435.51596
15605.49814
15505.26686
15528.40947
15402.32730
15541.19351
15285.75115
15441.83872
15452.17853
15291.18641
15234.66195
15168.27750
15132.23235
15287.62620
15309.40512
15350.13237
15350.18195
15341.20676
15242.04938
15133.43602
15184.44972
15155.17710
15358.89282
15432.40141
15535.95210
15514.63417
15632.91474
15433.98241
15504.22075
15740.67767
15606.74393
15505.57485
15488.09747
15410.36402
15374.50895
15334.42963
15347.88581
15410.04169
15407.86297
15490.27064
15283.65045
15403.50486
15368.04284
15492.24948
15441.65012
15413.89174
15379.99398
15380.75212
15529.08742
15412.30148
15317.71157
15484.08804
15443.11510
15440.77322
15592.67198
15576.76179
15772.00412
15671.17756
15562.77778
15532.80310
15472.02728
15587.75759
15565.52025
15399.23225
15289.14312
15273.01897
15328.37536
15286.19235
15073.60637
15254.74723
15348.32381
15335.32494
15358.89408
15382.05769
15367.45059
15293.28847
15339.00308
15427.64001
15311.52567
15289.86283
15370.96199
15478.18583
15504.33840
15427.67074
15501.71982
15335.74153
15456.44476
15311.95900
15461.39000
15303.55924
15297.69488
15241.21576
15212.12086
15284.67958
15258.06917
15358.90872
15387.26658
15263.56423
15361.30050
15401.96599
15266.56951
15219.17190
15415.89001
15196.34126
15129.07681
15170.14334
15139.94121
15074.53997
15288.20802
15169.22598
15167.83843
15089.88165
15197.27630
15192.38826
15201.74621
15347.58393
15506.33048
15309.60422
15322.25525
15170.92059
15260.15283
15143.38120
15255.53294
15264.98626
15252.29395
15213.77724
15348.06560
15407.53305
15223.05070
15309.40449
15247.13842
15327.78634
15326.93515
15380.04859
15317.56833
15288.06261
15239.96292
15241.67546
15401.95259
15297.67620
15405.08421
15382.10555
15262.36176
15342.39710
15373.45584
15353.61422
15200.10010
15138.09073
14990.53736
15173.21354
15312.73048
15157.92905
15038.12453
15059.59753
15098.91035
15142.09841
15214.16700
15194.07258
15120.57343
15223.60342
15155.64356
15155.07003
15204.96695
15089.92834
15094.91723
15075.36417
15136.80787
15062.07631
15159.47390
15187.84975
14982.01100
15156.37361
15213.03413
15244.20934
15375.02227
15359.07529
15326.46546
15172.14322
15196.74541
15512.50187
15378.10098
15136.76365
15082.29679
15018.11182
15119.67295
15245.52834
15257.56011
15381.79736
15594.72133
15693.14917
15579.42852
15627.39686
15578.81914
15582.29648
15467.01736
15491.54900
15429.08819
15511.21004
15399.06225
15446.19410
15393.18109
15326.94295
15357.15382
15205.80889
15110.27994
15305.35873
15267.45226
15317.03723
15244.93038
15147.76133
15266.84598
15322.11196
15308.28875
15482.69952
15366.08159
15213.11590
15391.94708
15196.70715
15292.71226
15070.76729
15027.40828
15237.23880
15251.78144
15270.45279
15433.88396
15433.19012
15383.46256
15338.91868
15087.51977
15152.02417
15395.45122
15323.95030
15417.59768
15360.73616
15250.72961
15305.48563
15235.35663
15329.43997
15274.90861
15402.78374
15428.44213
15414.56498
15487.19792
15483.16324
15517.11876
15618.63122
15556.51783
15581.81656
15601.60459
15416.04993
15242.55101
15336.27484
15284.73081
15369.14939
15163.74698
15147.76032
15252.04735
15185.20248
15348.16112
15305.19123
15390.37222
15301.63983
15226.92518
15235.24196
15260.71567
15173.68356
15273.26518
15158.91076
15098.15855
15192.68435
15253.61922
15310.02407
15143.22809
15223.61356
15332.19773
15441.99781
15347.60780
15133.56974
15265.75651
15165.05878
15136.71383
15029.07104
15043.69956
15059.81201
15184.94457
15290.37286
15320.97326
15305.67862
15235.45879
15299.30077
15207.86110
15400.57762
15270.56013
15282.23668
15307.62601
15542.89245
15375.79694
15367.96770
15416.36719
15521.97569
15363.09204
15428.32112
15434.45834
15326.30558
15192.93745
15406.23760
15442.15482
15494.31427
15520.41079
15541.38768
15424.89176
15386.16079
15222.35705
15424.85334
15375.75683
15364.29497
15275.89219
15380.49172
15134.14319
15219.11070
15038.81651
15206.07085
15150.80623
15277.33418
15108.73594
15132.59302
15219.13517
15162.75667
15177.28721
15307.68656
15286.75086
15158.68276
15273.86458
15346.67614
15365.59715
15268.87468
15226.57076
15370.08526
15422.80379
15296.03586
15379.29839
15252.17530
15285.14653
15373.85254
15348.65226
15227.60546
15304.54009
15158.00632
15219.13479
15155.55128
15172.51573
15264.97051
15303.88285
15230.63710
15269.45718
15372.85368
15251.87897
15292.44150
15136.75203
15385.80061
15304.33277
15276.22132
15233.57736
15344.43145
15373.27329
15269.70165
15125.50228
15183.76491
15155.75879
15057.46054
15105.87212
15254.00392
15293.95677
15420.28427
15434.48267
15481.07203
15360.78445
15557.04953
15491.13077
15401.04690
15247.54430
15288.77968
15426.60178
15475.09264
15320.20880
15350.40037
15207.00481
15347.68480
15264.87438
15326.72811
15368.90941
15381.44020
15353.73700
15211.97797
15150.60554
15169.52597
15060.52018
15237.38383
15172.59876
15237.42970
15278.78255
15209.27516
15311.17148
15144.92216
15186.95935
15041.97367
14868.05301
15047.20869
15419.53275
15317.64731
15311.88939
15217.82658
15292.97860
15354.02262
15345.26445
15273.24718
15152.60369
15087.84926
15219.05594
15389.97045
15261.77583
15201.25364
15151.32683
15241.48185
15529.82839
15516.17953
15438.34787
15232.96537
15111.50217
15380.57870
15532.42046
15143.67029
15039.95784
14943.80992
14885.84046
15092.81706
15063.64029
15078.70285
15262.58573
15283.25845
15408.78853
15407.57368
15246.98607
15214.28269
15131.48451
15108.08767
15092.93640
15134.31680
15249.92795
15404.89960
15297.39808
15242.10310
15284.19883
15251.06591
15448.09511
15556.35653
15599.67612
15684.41180
15584.33437
15485.71807
15308.17073
15214.12498
15450.23618
15442.35015
15312.23957
15451.19374
15372.64549
15361.91090
15262.05483
15277.94558
15405.13527
15393.61598
15502.51329
15411.16991
15343.11014
15291.38227
15346.60549
15392.68490
15350.97225
15607.79076
15572.54572
15367.34808
15293.88516
15141.73149
15143.14991
15244.75615
15167.22131
15098.10050
15239.36402
15156.40707
15161.01915
15374.38976
15317.26520
15349.60150
15277.91441
15372.57294
15581.22572
15503.43886
15338.95507
15297.45411
15274.56545
15317.51248
15307.58875
15308.34873
15367.57171
15381.47015
15425.36744
15440.57509
15484.91043
15477.74442
15447.71327
15261.06471
15234.84683
15150.19875
15129.92493
15053.53700
14964.27519
15239.81521
15225.10702
15319.96985
15382.60064
15349.98766
15305.26739
15317.36450
15232.03563
15436.37333
15485.76451
15487.89831
15414.02853
15524.69617
15514.41847
15359.91616
15444.06154
15410.21261
15495.49960
15455.54795
15402.36999
15320.76904
15351.06451
15287.35996
14932.40074
15014.74778
14950.39812
15120.56232
15087.04395
15091.24883
15308.76924
15392.26343
15475.54591
15315.67771
15439.49149
15448.48261
15477.40411
15297.39448
15212.09102
15125.40288
15392.49231
15226.12467
15253.04945
15330.13385
15340.61458
15386.75305
15280.54530
15135.46714
15211.06620
15194.40983
15152.46207
15089.11854
15268.89155
15303.12145
15422.10261
15496.56020
15490.92981
15285.14520
15351.49388
15464.11504
15371.40866
15350.17386
15308.73834
15265.35636
15249.19282
15322.25511
15444.34671
15522.49696
15568.71019
15455.55776
15739.91828
15335.76494
15487.79163
15475.31729
15283.37107
15234.04875
15166.49973
15270.03799
15466.41236
15272.07543
15140.77076
15339.63173
15132.89747
15170.74319
15367.87656
15241.76829
15366.56920
15428.77089
15368.49857
15299.27015
15364.51348
15232.93879
15206.20258
15335.85994
15408.63388
15484.75255
15477.98926
15277.89459
15320.72704
15229.15222
15255.06128
15074.61053
15163.12735
15349.67862
15466.58115
15410.94138
15310.81328
15413.58954
15429.77007
15654.32532
15522.55253
15478.75102
15347.81088
15420.89418
15414.34518
15262.08758
15322.65550
15344.08390
15197.53189
15217.45514
15178.31836
14882.88755
15064.50680
15092.59500
15148.68496
15336.84450
15476.60070
15303.74327
15443.77345
15244.46838
15237.37611
15263.60101
15302.10068
15218.20675
15282.36053
15302.22488
15263.79463
15163.15077
15071.92017
15063.32928
15175.85163
15194.13864
15338.41151
15427.62873
15373.83501
15115.84130
15191.36573
15282.70576
15247.50857
15253.41732
15150.69021
15040.33584
15057.53262
15320.56362
15296.77669
15275.78243
15321.57744
15435.00122
15453.10126
15286.28489
15333.32028
15439.10102
15485.32825
15319.95353
15330.46962
15361.01549
15456.45739
15290.19208
15294.63008
15522.42668
15445.28232
15387.75522
15345.75035
15401.73097
15487.28715
15352.43925
15441.86535
15419.46847
15326.77561
15277.70707
15283.60704
15308.82973
15251.05062
15282.04694
15183.53103
15279.46915
15342.59034
15215.99558
15074.93662
15151.64340
15171.54799
15283.02913
15222.68763
15411.88200
15405.52415
15363.12876
15326.62228
15323.14043
15330.30648
15230.05474
15291.77805
15377.84770
15235.99997
15231.65159
15359.23225
15460.83301
15421.83778
15395.09271
15321.24053
15238.58296
15330.11009
15238.58754
15323.57925
15317.19905
15263.87643
15378.24878
15352.15562
15433.96041
15345.52496
15405.55243
15286.89541
15346.39402
15066.56654
14987.61015
14975.44556
15232.26298
15228.29154
15214.74294
15222.46333
15363.40504
15428.56246
15278.19407
15139.06957
15217.51868
15324.63523
15231.35624
15276.69696
15233.29954
15272.57977
15353.35632
15427.48206
15233.35057
15321.73007
15219.19681
15276.96335
15377.87239
15226.62762
15107.63062
15240.23380
15223.84820
15306.35806
15311.24929
15176.38849
15178.84888
15334.55099
15246.12105
15197.83852
15448.94445
15424.32572
15385.94936
15279.00980
15321.77143
15324.68823
15207.42465
15289.38996
15250.70322
15303.55807
15271.03020
15348.24208
15290.04471
15288.30621
15308.70828
15315.01502
15315.80213
15251.43007
15291.48295
15268.22073
15585.16195
15547.52327
15323.51757
15472.69558
15397.04052
15311.35822
15201.44980
15166.19242
15381.48845
15455.45560
15447.77960
15276.49107
15230.77140
15075.15759
15176.50801
15154.81309
15132.39175
15147.65757
15191.90195
15254.46387
15124.32136
15211.21686
15228.81931
15249.93449
15339.95835
15115.84974
15101.48218
15232.68245
15165.63360
15286.08681
15085.44151
15113.20203
15225.50183
15440.69311
15233.58988
15306.28608
15261.53655
15197.79221
15370.88034
15199.37404
15362.62265
15362.54878
15104.64085
15155.62467
15244.82395
15325.50136
15518.23761
15412.76315
15321.60375
15096.30868
15058.60143
15002.33147
15009.89784
15110.33323
15132.73259
15147.56905
15025.37597
15139.11564
15031.48609
14974.17283
15064.71487
15002.65178
14883.39974
15130.94936
15149.37171
15301.99208
15105.37750
15098.40933
15055.28079
15184.61783
15226.13223
15231.48410
15112.14097
15112.58948
15268.28809
15377.73041
15297.35625
15304.38091
15352.18475
15424.96533
15283.06708
15385.66574
15472.74564
15484.83359
15401.45945
15366.27936
15510.31439
15381.17551
15523.04954
15328.98338
15217.13998
15339.11009
15366.45044
15184.81745
15248.96942
15351.10666
15398.28088
15497.24299
15486.71120
15500.27975
15599.49960
15533.14452
15494.83739
15400.47258
15450.96000
15412.77516
15290.03390
15337.29756
15467.73483
15301.78907
15281.63771
15303.60492
15210.81396
15323.37699
15337.72335
15299.32724
15340.06711
15391.09334
15363.49947
15329.01311
15387.33187
15299.72829
15212.92227
15171.18210
15306.42333
15454.00069
15541.99907
15520.62947
15553.17927
15541.05251
15563.84812
15568.11667
15512.54120
15401.84475
15479.78384
15374.87093
15328.35155
15244.32320
15399.26202
15308.07820
15380.14296
15388.57640
15395.37025
15420.24457
15297.52373
15352.29524
15504.01343
15344.60424
15326.84141
15300.41612
15245.34106
15311.05171
15368.22405
15394.44460
15341.60383
15444.29194
15384.57720
15353.17284
15486.82981
15342.72526
15462.04626
15290.09721
15331.15829
15407.79733
15401.22042
15361.93084
15450.26559
15326.81217
15187.54598
15049.81106
15066.09900
14999.88934
15118.25484
14816.41070
14943.96683
15148.28843
15222.60856
15237.72885
15198.51723
14969.67951
14948.07319
15057.12529
15125.05896
15058.88497
15296.39696
15366.96196
15096.47382
15086.92570
15143.61424
15174.68929
14992.63474
15132.44755
15019.76737
15097.96244
15035.13903
15065.13085
15200.74328
15340.95492
15216.31755
15449.02929
15390.99284
15513.17741
15462.27884
15664.88522
15408.25283
15413.20090
15317.53928
15283.45422
15262.63792
15268.53852
15288.82555
15336.20609
15325.26360
15382.24574
15224.78755
15286.43217
15111.59072
15222.49685
15342.88830
15395.43036
15435.31106
15428.71566
15274.91072
15183.95312
15332.13190
15309.78105
15064.65442
15198.97696
15268.38647
15318.55405
15334.24824
15347.76170
15315.22942
15318.50267
15522.36176
15379.65077
15427.67856
15459.25864
15500.84778
15255.28612
15282.10406
15378.78155
15447.88416
15486.13933
15437.92624
15510.42397
15427.86026
15405.08694
15328.33438
15241.72169
15026.04641
14962.82261
15140.83900
15038.21522
15174.70382
15171.60752
15212.43183
15100.74600
15164.30428
15309.78289
15368.90146
15198.80404
15351.17236
15349.78737
15278.44414
15517.33543
15368.27730
15485.09883
15434.95133
15285.89521
15321.10021
15366.27242
15468.09068
15365.24250
15342.97067
15268.10669
15333.93403
15242.72386
15250.99690
15346.60043
15300.55017
15347.62440
15408.36902
15217.96464
15318.14423
15487.80130
15456.68196
15237.22253
15230.18355
15151.18433
15146.96831
15083.59132
15173.50432
15168.01173
15131.01430
15207.61071
15356.79301
15270.91470
15364.12280
15435.42900
15157.77362
15213.27543
15134.93234
15001.73959
15235.19636
15364.65706
15246.60945
15386.11634
15587.29411
15419.66744
15539.94527
15494.72871
15493.08759
15596.87630
15596.57997
15453.88575
15486.40748
15482.68374
15491.87282
15539.45099
15691.23467
15547.04766
15709.74337
15653.65019
15711.75654
15744.21107
15733.47331
15515.95623
15604.99549
15472.91140
15493.77641
15590.85958
15518.06199
15485.95590
15350.04777
15400.94071
15492.14043
15643.89959
15504.06187
15559.67455
15551.77103
15372.18554
15173.21148
15122.74356
15185.68086
15290.63680
15349.10933
15317.95352
15257.74920
15203.03415
15222.65049
15234.79507
15215.15583
15305.26305
15341.11799
15334.45525
15372.47458
15245.88679
15326.79036
15365.17438
15276.88460
15260.41483
15250.24840
15395.64221
15427.65348
15321.24485
15435.36625
15236.00960
15195.73403
15206.35244
15125.54150
14970.59738
14989.26936
14846.81679
14840.70759
15106.92312
15148.20046
15129.36613
15087.80632
15197.01503
15150.53865
15167.28425
15076.66280
15067.96142
15102.08928
14984.48403
14851.65115
14879.07339
14996.78649
15066.02688
15020.94663
15140.94865
15298.72323
15218.28548
15196.34553
15196.80841
15257.28479
15343.60964
15433.89125
15212.27935
15217.91717
15399.82841
15430.20150
15296.34468
15200.83801
15473.27729
15265.49693
15335.78975
15350.45189
15443.32664
15500.93321
15543.77703
15462.94057
15285.63425
15415.30660
15413.01139
15311.63555
15194.32860
15248.39444
15328.80214
15598.21585
15553.73252
15329.03549
15267.72609
15508.59862
15349.44318
15331.56326
15466.40768
15444.72588
15184.59014
15484.94496
15588.23677
15399.19358
15395.36878
15329.14951
15472.47045
15513.29921
15577.53347
15566.52384
15605.37871
15313.78392
15375.35900
15517.76161
15444.50943
15514.53380
15397.07655
15397.73127
15363.26165
15243.50884
15225.91192
15288.89901
15476.17745
15391.06758
15568.28377
15506.10720
15446.00173
15629.65447
15709.50755
15617.59852
15541.11439
15583.26757
15631.23475
15653.31731
15709.16967
15520.70986
15575.05388
15473.60408
15479.93880
15502.33561
15337.29836
15413.77612
15420.29207
15275.95910
15334.60235
15376.69442
15298.34101
15210.21501
15311.98948
15328.86285
15348.97104
15427.61401
15373.78901
15325.65404
15447.14273
15391.90210
15256.94013
15153.70192
15204.97012
15323.03435
15279.98892
15262.74351
15259.91886
15345.72362
15227.20554
15259.14400
15177.17286
15105.62023
15147.97129
15133.56232
15224.56251
15217.07004
15177.45687
15228.24992
15176.59909
15129.71841
15324.15831
15368.81622
15211.51495
15329.00005
15254.08980
15306.92126
15264.97044
15222.62823
15258.90910
15219.36622
15019.51311
14954.52243
15052.83528
15152.39222
15166.00370
15210.73754
15221.16511
15145.85299
15144.78052
15163.94772
15443.76919
15391.65074
15253.65640
15271.92788
15420.87379
15317.36333
15244.24637
15133.21290
15047.49275
15070.99333
15154.65375
15246.73828
15153.20700
15200.16371
15289.80781
15378.67114
15537.34616
15633.90702
15517.92866
15521.26775
15548.02216
15418.03319
15296.04818
15377.11315
15464.21446
15299.68807
15338.13342
15418.05232
15238.43546
15507.78245
15436.38625
15550.21697
15532.79703
15418.23943
15363.39621
15474.22559
15458.25877
15530.61361
15605.61318
15437.27825
15288.34831
15357.31764
15284.23882
15373.74312
15380.72412
15356.66594
15369.07129
15426.38435
15189.33553
15290.25314
15258.81368
15458.73394
15540.06631
15617.37351
15500.42104
15426.91434
15341.58428
15292.92715
15306.12841
15265.76507
15173.32110
15182.96237
15360.47783
15408.64146
15445.28626
15519.10180
15446.62107
15291.42914
15206.30353
15214.19380
15276.35040
15130.18408
15314.34683
15447.23330
15392.58384
15351.90656
15447.65857
15570.74506
15554.91598
15605.08098
15337.36086
15320.60342
15116.80933
15275.64077
15292.66080
15324.84127
15269.18249
15386.30057
15500.82496
15586.85705
15528.14293
15353.47710
15234.61544
15369.93719
15104.45588
15222.96716
15311.48735
15225.06381
15313.68111
15233.51858
15325.32634
15267.73749
15188.13382
15307.22721
15256.31249
15117.43607
15035.73330
15124.32440
15138.29261
15226.11381
15226.23964
15234.59423
15136.94590
15050.98875
15191.52851
15254.86878
15141.96764
15154.86380
15377.07367
15285.16750
15301.79331
15476.14752
15330.57496
15536.01918
15598.50013
15494.95602
15447.66599
15526.49207
15484.82941
15525.48345
15398.79715
15349.71934
15339.44118
15324.72598
15320.67690
15264.39581
15064.84222
15088.49681
14951.54371
15018.23078
15102.97880
15152.30873
15222.57622
15327.15728
15275.95283
15274.63032
15219.52501
15406.38851
15499.09806
15456.63482
15291.00133
15245.86675
15342.95115
15403.89276
15296.50474
15266.64772
15299.91798
15404.08535
15407.20137
15494.58583
15510.01922
15758.70409
15715.43898
15391.50494
15517.74646
15415.10127
15404.02364
15422.95726
15525.12984
15547.74918
15323.18350
15335.38194
15117.42673
15223.84449
15127.39224
15172.98164
15178.27103
15283.09478
15336.18835
15528.75987
15537.76659
15400.57132
15391.44147
15241.26191
15229.79818
15167.44167
15224.07970
15310.18193
15350.24081
15237.64727
15262.39944
15314.93219
15363.84084
15513.63243
15567.65483
15514.57578
15436.84905
15403.61077
15399.97064
15491.25539
15585.33689
15311.49788
15383.25771
15378.58843
15413.98821
15351.68284
15276.37466
15184.38673
15330.49590
15363.86897
15348.30226
15169.97665
15120.77521
15163.37376
15113.78741
15267.86964
15274.67388
15306.73741
15367.61371
15378.10216
15451.63010
15426.01916
15255.01382
15348.80719
15371.55122
15176.94291
15379.01932
15425.43828
15429.12719
15326.72767
15279.47827
15311.40770
15570.99551
15411.87892
15425.57958
15345.56276
15285.13753
15212.87183
15187.03262
15431.68650
15437.23604
15465.92223
15433.51518
15509.45253
15412.00631
15448.54938
15354.93453
15355.48921
15178.76984
15196.46650
15086.25234
15144.38490
15131.75779
15071.88918
15033.39108
15074.36613
15048.22517
15055.56593
15180.31836
15116.33310
15164.37310
15185.02197
15140.06424
15355.52296
15385.72139
15416.61764
15573.89977
15484.76331
15407.79599
15454.19445
15473.97434
15402.97374
15238.07714
15417.57716
15429.80705
15461.38469
15345.68464
15484.93421
15369.28221
15325.27344
15189.32109
15240.48685
15280.89009
15167.81841
15310.60944
15218.99622
15376.73270
15572.49838
15562.69790
15369.46622
15284.25767
15279.39974
15405.07073
15245.77114
15320.19203
15426.02042
15431.12561
15590.55635
15590.30080
15414.26492
15283.65427
15258.58434
15311.07170
15547.90379
15545.38274
15405.09465
15479.81292
15676.50292
15756.83594
15732.67841
15785.31410
15628.75155
15674.39717
15437.82903
15491.83537
15514.42196
15614.69450
15505.23311
15535.10436
15369.26784
15445.61870
15424.45076
15375.72436
15330.89683
15269.35618
15321.35690
15308.76191
15235.24230
15171.15596
15100.58905
15144.22681
15189.96584
15437.30299
15460.68483
15355.82510
15591.07028
15520.77135
15444.78699
15410.97672
15396.27446
15414.78398
15464.19585
15575.80390
15527.74428
15333.37907
15325.50610
15195.28862
15075.45463
15230.28827
15264.59314
15298.88185
15329.78841
15410.71789
15525.60792
15457.37661
15339.30691
15424.05675
15439.98262
15371.40660
15321.67190
15354.54729
15421.77289
15318.86030
15477.73364
15503.05571
15343.13312
15399.52159
15232.31468
15507.89402
15336.71415
15114.37763
15107.19521
15218.52573
15399.38208
15417.47361
15496.63228
15209.34075
15365.89712
15345.53506
15253.44604
15258.74171
15133.59194
15162.52693
15109.15968
15048.17781
15181.37513
15248.48260
15251.03522
15346.83905
15281.09751
15344.98115
15330.24554
15261.86625
15279.32047
15295.11891
15367.72735
15436.50555
15471.40285
15300.46150
15271.38785
15321.88477
15354.72246
15238.40599
15245.94065
15308.29908
15364.90643
15274.79126
15331.20422
15244.01795
15310.05262
15182.65184
15152.46819
15200.35411
15332.76473
15273.03526
15294.44778
15527.37339
15541.75215
15628.68552
15621.93273
15484.38264
15383.71563
15298.36871
15346.53656
15343.34486
15436.03411
15419.69211
15534.14264
15309.77561
15343.21497
15126.92948
15243.73279
15359.85501
15222.53938
15223.10898
15279.44043
15245.51492
15364.93612
15338.75828
15362.84753
15355.41086
15396.94058
15393.46511
15469.04788
15351.04290
15414.12889
15393.70816
15295.41561
15270.70276
15171.08255
15155.95279
15228.26296
15103.63025
15168.86528
15179.57129
15178.72085
15209.14411
14977.48988
15034.85161
15154.36252
15196.25473
15259.79437
15304.02911
15253.17595
15316.13524
15341.09683
15216.65942
15226.98475
15385.17145
15261.44292
15275.41587
15383.43605
15514.20357
15580.49926
15625.55362
15495.52700
15378.19479
15460.31071
15464.41886
15350.82511
15227.85218
15148.81290
15216.02696
15302.20062
15289.56340
15237.35378
15268.01321
15260.40424
15364.26946
15492.17632
15216.93727
15268.46011
15374.70278
15617.71588
15601.57959
15208.12689
15257.32315
15142.63670
15217.49096
14956.32864
15102.78915
15311.85187
15320.17641
15223.54085
15413.19064
15362.99536
15275.37790
15119.28350
15185.47964
15161.37841
15110.80308
15173.46798
15246.91525
15337.71476
15409.89885
15350.44714
15338.89638
15175.89525
15144.21856
15081.62744
14984.87178
14992.52647
15075.83663
15167.11490
15107.52127
15194.48864
15177.14923
15111.04157
15317.95937
15258.52924
15168.85160
14999.72696
14969.61077
14944.25171
15078.77690
15097.21099
15115.23292
15254.31516
15184.20256
15303.77352
15334.41719
15314.28249
15176.00004
15091.42120
15143.03788
15285.13620
15291.28242
15195.14632
15124.83056
15210.54636
15020.72166
15111.81394
15195.50983
15326.68086
15312.27999
15359.68314
15433.73424
15308.02225
15346.02799
15318.82215
15180.77737
15183.62076
15185.35131
15214.22172
15039.37718
15269.13325
15118.51211
15325.91791
15403.80404
15406.22840
15368.48439
15363.26277
15444.41513
15417.32607
15358.31185
15298.72537
15322.11760
15395.52740
15405.81153
15303.22229
15279.10512
15208.01844
15309.30716
15462.68073
15195.60273
15342.79473
15381.67891
15140.38671
15145.61376
15345.69192
15383.88550
15367.91898
15384.96635
15551.49766
15332.41961
15225.30217
15189.59597
15379.79216
15459.48674
15549.43738
15263.67130
15313.02563
15393.58428
15454.61763
15306.60810
15207.61694
15212.69288
15118.31487
15126.25740
15177.46111
15313.90299
15270.29910
15407.91282
15269.13205
15334.02816
15381.37403
15488.71009
15340.02543
15202.17756
15283.51830
15162.92322
15095.87306
15183.48611
15106.56428
15139.22766
15263.97346
15311.59731
15266.97541
15372.77439
15445.57041
15415.21250
15326.07144
15460.86112
15370.82546
15390.23590
15326.96243
15347.15420
15354.78220
15502.93509
15217.15070
15370.01695
15616.22214
15689.99460
15725.54893
15674.19529
15511.88814
15601.91337
15461.15521
15513.30851
15567.87114
15340.86323
15285.71377
15259.97940
15460.77995
15260.44063
15290.56038
15373.55327
15514.47258
15575.82277
15582.00069
15300.28287
15388.96282
15516.46385
15593.55341
15557.14583
15562.36081
15565.55819
15593.67438
15619.92052
15478.24131
15463.63678
15548.48128
15463.35739
15638.17283
15562.97847
15350.57609
15334.46459
15185.31619
15295.54435
15348.29528
15154.50501
15294.62772
15092.86732
15345.50453
15356.03274
15218.66991
15248.72984
15275.68678
15275.83513
15356.56604
15446.06722
15403.50591
15413.15869
15391.59186
15352.63522
15327.29307
15480.23740
15366.75788
15381.10116
15340.78471
15225.39572
15244.46978
15253.42422
15274.88971
15291.73391
14991.71981
15120.66041
15304.74615
15278.65224
15360.50450
15386.92716
15201.44243
15203.42274
15270.89475
15364.71933
15255.08057
15256.92287
15212.62354
15171.31540
15201.34295
15327.42008
15345.18456
15060.49113
15166.01525
15289.80070
15195.27595
15198.09412
15223.96062
15166.87192
15119.29195
15310.48645
15446.97232
15148.82290
15232.05721
15342.03841
15294.54715
15277.30077
15237.75739
15483.51235
15447.77198
15367.51642
15451.71099
15469.47747
15334.28237
15391.89996
15197.82867
15262.66336
15319.63971
15294.83932
15085.83645
15032.74890
15120.45337
15189.35108
15182.72019
15074.89788
15051.44351
15302.85553
15230.84667
15259.98535
15320.11305
15409.06399
15417.79729
15408.66831
15304.45523
15178.96467
15224.21643
15292.81868
15230.64264
15255.40166
15272.53301
15410.07014
15269.38778
15335.89873
15515.27556
15303.92278
15471.47866
15399.95886
15350.36815
15157.86291
15247.17029
15282.59185
15388.80368
15362.52520
15493.61038
15305.16796
15329.38877
15199.78415
15117.10194
15276.68351
15284.77663
15202.43289
15340.67352
15264.15777
15184.28202
15350.28788
15413.73961
15458.24254
15344.78457
15359.55479
15174.55135
15152.66693
15220.36971
15252.57545
15325.65841
15278.57686
15362.75254
15226.05205
15343.74090
15322.73491
15372.11481
15355.82949
15391.55440
15395.05544
15331.19942
15275.59093
15315.67192
15415.77588
15323.08821
15524.71985
15544.65705
15645.47187
15645.37517
15502.16019
15176.45091
15207.51682
15034.94152
15121.22864
15327.45940
15383.95151
15261.38352
15191.71224
15185.89502
15193.98754
15203.64169
15095.05895
15254.41860
15154.29531
15256.78050
15340.57136
15321.73342
15436.01124
15405.41789
15270.52785
15414.15858
15501.38630
15447.35118
15359.95569
15284.29889
15303.25399
15248.67737
15300.16038
15408.24691
15271.31776
15190.40862
15294.40831
15325.15641
15107.13440
15074.58862
15144.22675
15209.79953
15455.86134
15377.04846
15167.34961
15324.75003
15403.07118
15400.41627
15283.75195
15378.45839
15210.81874
14964.40245
14844.26699
15053.01909
15036.64271
14953.20564
15013.95682
15211.38129
15331.99917
15337.38280
15481.64980
15374.72847
15259.97241
15286.27187
15217.74255
15128.63683
15185.38245
15322.88426
15541.93891
15552.45807
15383.53865
15253.92825
15412.87184
15201.95800
15235.87639
15326.84289
15547.43210
15395.05712
15303.44877
15332.51875
15290.96843
15166.92502
15148.69277
15310.21446
15381.94362
15343.24980
15473.58889
15438.10726
15370.02689
15256.17393
15188.50710
15124.62880
15292.72208
15287.69694
15151.37175
15141.05563
15190.09020
15116.54420
15095.53735
15035.71010
15067.33623
15119.25921
15046.99829
15237.61826
15314.39311
15198.79348
15504.62767
15445.68539
15509.81033
15418.16800
15372.42956
15463.02231
15428.89797
15306.45684
15322.54020
15553.21194
15392.09909
15106.25254
15016.40720
15086.16414
15183.43946
15262.58508
15434.29501
15308.66447
15397.99252
15338.59363
15124.01237
15020.31081
15169.60649
15132.23625
15014.29121
15042.75505
15111.86627
15272.82958
15361.71245
15357.30521
15396.65744
15217.84644
15325.35473
15357.18769
15360.31285
15285.63000
15295.77542
15408.09390
15344.94031
15446.57904
15271.56121
15359.07696
15437.40787
15447.10239
15294.23588
15166.39453
15202.01127
15363.44478
15451.27495
15383.41333
15298.93550
15394.03700
15533.21244
15324.38073
15304.41244
15144.41552
15281.93107
15217.63392
15233.28230
15274.74873
15371.51067
15215.45254
15259.90750
15252.05516
15283.25047
15217.47245
15199.68048
15280.92350
15296.48922
15172.12868
15250.66484
15321.29864
15437.14504
15304.30083
15288.93920
15287.03367
15236.33813
15223.93951
15237.31600
15341.27462
15298.04735
15429.90963
15354.32794
15388.05216
15282.25078
15547.65364
15509.41898
15409.38690
15447.86761
15316.12134
15366.75985
15455.72553
15522.54417
15296.20688
15306.07811
15239.42888
15043.15311
15217.28060
15383.15494
15348.65879
15312.09874
15203.70934
15340.37599
15278.12945
15200.40662
15210.68709
15206.41098
15145.05960
15251.58906
15307.12452
15268.22593
15194.01392
15286.45060
15269.71362
15528.50748
15519.23117
15382.18783
15431.49405
15401.74973
15353.34531
15336.98964
15436.58735
15494.55040
15588.43472
15606.40503
15659.46772
15580.74736
15745.46107
15679.98960
15610.49686
15510.35293
15609.20494
15694.77060
15618.44231
15658.42407
15616.57555
15409.83217
15377.15173
15245.12495
15189.22334
15352.31694
15330.21400
15323.72602
15443.87015
15460.81045
15216.70252
15200.37232
15172.52221
