15436.20241
15439.69009
15439.08551
15517.67755
15453.66170
15384.70885
15373.60946
15519.77533
15377.19640
15289.25148
15394.37228
15416.39327
15390.68440
15350.96317
15249.10609
15336.78359
15366.80376
15250.57855
15147.89119
15123.39672
15108.56537
15180.86387
15147.21290
15192.84231
15279.10529
15305.21317
15329.90647
15301.58329
15430.22421
15484.92110
15497.27625
15453.57432
15510.24541
15557.69219
15424.53307
15492.13776
15505.86532
15563.90630
15526.57424
15407.62503
15423.02295
15502.23970
15420.91281
15467.48141
15461.24726
15360.40073
15401.08354
15450.59964
15473.03270
15527.95850
15498.25059
15423.54317
15501.23541
15596.64129
15557.19264
15684.87470
15681.89829
15604.24410
15585.50652
15473.49422
15359.90675
15494.60494
15632.45993
15282.98874
15331.16127
15368.72849
15457.02657
15433.93549
15527.29452
15483.45371
15389.06784
15302.78287
15243.65324
15279.70496
15369.95964
15337.12305
15302.63896
15263.64115
15414.66515
15456.11349
15438.65087
15349.69636
15414.22116
15505.46352
15498.19763
15370.90618
15497.74792
15475.59745
15476.54795
15438.99274
15445.90074
15382.95775
15443.20378
15193.82369
15218.97429
15339.66888
15243.36157
15348.83957
15415.11190
15330.93784
15269.92119
15262.12971
15366.96614
15463.78141
15530.82293
15583.92665
15635.27766
15547.39038
15330.23986
15532.94436
15387.77729
15365.15048
15332.62232
15268.57320
15329.06048
15319.73496
15441.92193
15370.53529
15326.07928
15390.09445
15267.36334
15234.05504
15229.79411
15272.90739
15273.76304
15236.83247
15261.75206
15261.39284
15262.78753
15315.65978
15340.14292
15444.38494
15426.61231
15424.58570
15399.74075
15339.03766
15323.36328
15368.12417
15520.59129
15532.50131
15425.19873
15410.13504
15427.89118
15418.87350
15397.51349
15381.77426
15522.33727
15588.87424
15753.56197
15648.51598
15592.98667
15685.20639
15521.38719
15490.54609
15551.81919
15508.82094
15456.61783
15384.20524
15341.12513
15275.61021
15335.17365
15243.18607
15351.48847
15449.00333
15378.53176
15359.28261
15382.88149
15292.45580
15326.24040
15358.55534
15340.29169
15334.51686
15147.86257
15238.37158
15354.09807
15214.89906
15146.02478
15107.88509
15119.43793
15269.62937
15267.73790
15367.84279
15438.65476
15461.80749
15446.88802
15450.75868
15497.34308
15550.20162
15619.48404
15733.32467
15660.07247
15690.30306
15652.10582
15730.09023
15557.86448
15498.19288
15465.13606
15645.34893
15687.30945
15790.22869
15620.65528
15619.26741
15734.28345
15628.47990
15525.15652
15594.50148
15546.26562
15482.42096
15451.08787
15370.61464
15576.52867
15467.30934
15367.18826
15301.89685
15371.06473
15273.74491
15329.91056
15268.05270
15355.86981
15236.72179
15218.45036
15175.29539
15368.20020
15385.69796
15317.12849
15348.64131
15374.34568
15357.39039
15273.58755
15273.18197
15187.79166
15157.65802
15311.60568
15314.25308
15448.43182
15415.51559
15339.35497
15450.24354
15574.02717
15447.51874
15287.42897
15314.11946
15289.54068
15289.56346
15268.27842
15400.49453
15430.71842
15450.45917
15493.96277
15627.45076
15576.92308
15738.53361
15710.38528
15692.35122
15702.45682
15837.99368
15651.02863
15703.31114
15541.53491
15519.29398
15520.07467
15539.57263
15563.14756
15578.84474
15718.85307
15595.32195
15512.47037
15616.66630
15591.40253
15615.87018
15574.78877
15500.59654
15594.99755
15513.90800
15517.40697
15498.36176
15378.69883
15432.55215
15319.72165
15275.65458
15442.42079
15575.72744
15366.99769
15431.78566
15403.72160
15462.60605
15393.58835
15358.86631
15502.32587
15390.24613
15476.57008
15419.32445
15344.01447
15272.54847
15137.61806
15196.85156
15162.11438
15271.87161
15342.00045
15347.96694
15327.66543
15344.81983
15351.05560
15205.62976
15128.08723
15173.46548
15259.49691
15404.40898
15440.67790
15358.27596
15247.80386
15385.12163
15422.44785
15577.03067
15517.52808
15442.85064
15465.48414
15550.11741
15467.37570
15438.19135
15444.92136
15402.86282
15461.95548
15444.27640
15379.24789
15348.70776
15313.01927
15452.34085
15504.94907
15510.61564
15487.20592
15557.43046
15298.06962
15315.57789
15166.66654
15133.71529
15198.12683
15202.65501
15203.74946
15118.80059
15072.78583
15082.59752
15001.03497
15072.88631
15117.69064
15022.93142
15052.78716
15146.04475
15091.81716
15132.00177
15236.36514
15197.04599
15141.69282
15247.80306
15237.72173
15213.60601
15218.46550
15497.20177
15535.34025
15356.42924
15359.98473
15359.68363
15348.60805
15455.50373
15379.48459
15519.01494
15465.14260
15474.62880
15448.77623
15399.91116
15393.04666
15455.39791
15509.86536
15441.36594
15378.35997
15350.29515
15336.21614
15331.34320
15320.94794
15183.42279
15213.64716
15266.06083
15233.29131
15110.93145
15110.68357
15336.94999
15371.35620
15528.39070
15420.91681
15356.45332
15336.01171
15454.68996
15513.39297
15491.42377
15562.36985
15605.64240
15631.69089
15594.86044
15670.96957
15623.61318
15632.48536
15704.49431
15643.09566
15578.24424
15713.61560
15579.65823
15476.79123
15550.79468
15513.91979
15527.04763
15571.00941
15605.43910
15644.03798
15722.00962
15643.61051
15608.86912
15541.61988
15707.24308
15654.55689
15818.60753
15768.90084
15709.37970
15725.35378
15704.70769
15647.03275
15726.83549
15745.25252
15752.11422
15777.15229
15620.72484
15702.16741
15687.39810
15810.45756
15746.88997
15776.86880
15779.77278
15766.36678
15688.85149
15665.20736
15841.30889
15808.25000
15647.55364
15744.78072
15657.20701
15560.75122
15560.52445
15565.53257
15514.21416
15521.47645
15575.76629
15570.00014
15462.04399
15366.25814
15324.75721
15280.77763
15276.79909
15389.57008
15338.01432
15365.51678
15437.94353
15553.50211
15487.25978
15424.64999
15440.15813
15393.80899
15454.33270
15303.22253
15317.22384
15335.93580
15373.94560
15301.56382
15329.80357
15364.47313
15257.22506
15328.53025
15370.30328
15355.28238
15406.45244
15410.19605
15300.83386
15305.95268
15250.94564
15166.12650
15242.64886
15312.42393
15274.60219
15279.84916
15413.57956
15522.30288
15510.44672
15471.88232
15369.67567
15390.06326
15522.51033
15470.04784
15369.27550
15166.63781
15110.27550
15288.72712
15236.86864
15242.92757
15187.69677
15222.96004
15267.76638
15222.16478
15289.98683
15192.30441
15241.53272
15289.17356
15232.96136
15214.94376
15110.61772
15196.78473
15198.97138
15244.98745
15280.43411
15205.54359
15290.01158
15317.98877
15349.70523
15239.57842
15261.49584
15251.88989
15387.31722
15407.23428
15336.18729
15288.32856
15349.14514
15286.80164
15255.43389
15389.01573
15313.26598
15281.24104
15304.66283
15312.22899
15358.02917
15391.71758
15456.58245
15339.97754
15373.36619
15269.78865
15259.01245
15275.12667
15272.05075
15358.11925
15435.09270
15419.06309
15373.14679
15313.79935
15386.01318
15344.35003
15258.97648
15161.02868
15037.24057
15009.50010
14999.67473
14901.62202
14955.68081
15097.77266
15303.36950
15200.67237
15211.25176
15134.42553
15084.18143
15140.91317
15315.33400
15325.65383
15304.46433
15229.43059
15355.82309
15351.48174
15278.86330
15287.48567
15263.50126
15337.37427
15309.08575
15319.68317
15421.75702
15417.78672
15484.26499
15419.62909
15551.39375
15493.49859
15472.45115
15519.31646
15368.35260
15280.29585
15270.85534
15334.80366
15335.00534
15328.96711
15401.02263
15274.52791
15181.44803
15298.60844
15376.65164
15319.23657
15319.23788
15333.23541
15337.20702
15326.35341
15251.08441
15253.05303
15379.92115
15365.82488
15434.28873
15447.57052
15409.82820
15384.55875
15322.15480
15300.92796
15238.36271
15306.55516
15361.43113
15321.38253
15411.06959
15310.59868
15218.37576
15224.27811
15319.44346
15400.43357
15474.56245
15391.33485
15497.78784
15410.63860
15348.16563
15327.10278
15284.63211
15288.67964
15168.92582
15213.47673
15147.03653
15254.26807
15408.67587
15339.51188
15414.21888
15508.03255
15363.21152
15365.65163
15229.77096
15360.62950
15343.09799
15435.43790
15414.63021
15426.94664
15433.70333
15218.09694
15138.85851
15212.80485
15175.18902
15160.76680
15195.62647
15224.11100
15226.11503
15101.85071
15011.34868
15085.28244
15135.18681
15218.42159
15235.58130
15230.11730
15071.12680
15043.11400
15150.95286
14978.34339
15020.64204
15160.88973
15065.41104
15129.29254
15237.71287
15252.53760
15275.98573
15363.73905
15357.44566
15474.86548
15568.72050
15593.40162
15721.86776
15624.61709
15432.61464
15341.18869
15204.98274
15294.54372
15325.83061
15215.08789
15274.26913
15160.02275
15131.76005
15316.83092
15309.69672
15439.00078
15329.77511
15223.96324
15301.02051
15303.23154
15267.71210
15060.57884
15124.39163
15145.16400
15129.47103
15189.25427
15276.74230
15273.16657
15317.57121
15390.74376
15413.73729
15362.09941
15519.47364
15561.78556
15489.64502
15480.21992
15428.92153
15525.58995
15413.04601
15471.66852
15440.08112
15262.80302
15288.32471
15320.84708
15220.19006
15190.12203
15215.23102
15281.27572
15299.00944
15219.66696
15279.11177
15279.73849
15276.16184
15239.28685
15123.10415
15205.16904
15181.08985
15304.72331
15343.37321
15265.55673
15210.90184
15290.13632
15376.79336
15441.80459
15370.70389
15464.15996
15428.34468
15440.61146
15582.47968
15513.11073
15370.78241
15363.59120
15381.17248
15416.83341
15492.73954
15633.11556
15642.17302
15670.14258
15650.45386
15514.31608
15601.86484
15645.44987
15740.94957
15676.58610
15685.78572
15762.02435
15658.16599
15526.37338
15518.34048
15542.27950
15619.44317
15436.50965
15438.61127
15502.78615
15493.82520
15430.51153
15440.01004
15324.69205
15293.67354
15335.66586
15325.78601
15362.55907
15258.23754
15148.09340
15208.38013
15251.65037
15246.99591
15176.07569
15154.23215
15214.27127
15267.21064
15251.91394
15106.49535
15230.72266
15383.18343
15403.83445
15347.94138
15364.74518
15390.02878
15382.76868
15290.26955
15133.05891
15238.58164
15260.98750
15178.71398
15099.42365
15189.11007
15241.73299
15330.18727
15362.01900
15430.78054
15514.27610
15404.67563
15518.89872
15475.33858
15515.27627
15634.64188
15524.89866
15486.92229
15338.93106
15507.95913
15571.30378
15508.62741
15526.14414
15331.74719
15436.53841
15477.59380
15362.78535
15452.93829
15427.26006
15308.44485
15237.44932
15282.64005
15343.07391
15377.96917
15325.48451
15224.46465
15126.78437
15189.44570
15393.10500
15440.86409
15519.57732
15467.75638
15436.47452
15378.71114
15397.49550
15308.14403
15282.70187
15281.44367
15273.66187
15185.95003
15112.68900
15172.05973
15108.22977
15340.31988
15362.51500
15421.28754
15479.67529
15462.47866
15425.49447
15326.25882
15241.06577
15268.71800
15259.41041
15326.15112
15350.44094
15216.16289
15294.75901
15392.97739
15333.55251
15320.79444
15339.50390
15257.36012
15307.31558
15285.57087
15165.43023
15313.14669
15377.02237
15270.44617
15298.77427
15363.91702
15378.87225
15349.34395
15342.45013
15316.02712
15276.53053
15369.04741
15389.51629
15453.78644
15554.05605
15450.43322
15454.68371
15298.15015
15151.49565
15337.34238
15323.04750
15431.16966
15383.22998
15370.32353
15292.65298
15312.22376
15414.56397
15438.97525
15365.99994
15381.39238
15414.21935
15436.57182
15394.17441
15356.20728
15572.03639
15427.36455
15508.96544
15476.16794
15641.38742
15636.30703
15594.91490
15611.96225
15540.58785
15494.39647
15500.26280
15490.18510
15306.80307
15265.44849
15312.47836
15308.54587
15449.31606
15388.01388
15559.66656
15602.48103
15665.07266
15684.25645
15522.80968
15354.43930
15405.62580
15510.62247
15553.70369
15719.01435
15699.29981
15720.29223
15655.49797
15728.43213
15688.04823
15630.23208
15431.34021
15453.14522
15342.56911
15346.09060
15310.90283
15283.30977
15471.85304
15532.62532
15612.81772
15361.46620
15320.25694
15167.72611
15304.81215
15245.93795
15255.99724
15196.12194
15101.93831
15042.64698
15062.74302
15161.76490
15162.56905
15274.56866
15279.98470
15288.93131
15398.77137
15423.71261
15389.88842
15368.42376
15436.72015
15563.68216
15573.45077
15497.26144
15498.77125
15515.42175
15506.40555
15458.62828
15557.59154
15539.06615
15531.81337
15490.98674
15533.48572
15593.00097
15590.29490
15513.49097
15673.98708
15625.51148
15652.75731
15625.06016
15706.99000
15729.68203
15574.08535
15522.55889
15571.32913
15555.69782
15566.22316
15466.41555
15383.45355
15305.84560
15314.10211
15354.08000
15267.01704
15295.03511
15301.64534
15235.61185
15271.38156
15374.21124
15348.35918
15177.38147
15212.64516
15402.84069
15339.50861
15421.44164
15316.80609
15433.57568
15522.19890
15424.14395
15453.84117
15417.96758
15379.62234
15196.37856
15324.05736
15410.16209
15485.94453
15516.78457
15513.14835
15523.96716
15580.95696
15506.47049
15408.91719
15329.07179
15343.24634
15304.62537
15229.23771
15133.58218
15202.80923
15366.47411
15402.06423
15346.17283
15327.77687
15298.32470
15254.40942
15244.03572
15299.87092
15333.00184
15355.72664
15290.97389
15246.69804
15239.40091
15409.97473
15465.28046
15388.00004
15472.20589
15472.00245
15420.51478
15402.93701
15340.49016
15334.15203
15353.21663
15431.81510
15296.52010
15282.30031
15355.26564
15328.47966
15270.90282
15249.10790
15232.67889
15307.94969
15364.38905
15193.37796
15290.23388
15364.54300
15226.27607
15407.47476
15357.73447
15387.23330
15338.15885
15564.59653
15479.39119
15361.03366
15227.17113
15305.06586
15245.59504
15281.91969
15293.48393
15250.19525
15177.54129
15189.55861
15313.29791
15318.78399
15355.01786
15348.34332
15212.68615
15078.29282
15031.78830
15095.73685
14979.71214
15024.44090
14889.93891
15115.90243
15062.41398
15142.33467
15159.08539
15098.12748
15130.59253
15183.78114
15178.56658
15412.99505
15413.75536
15448.21581
15607.48583
15596.59199
15564.94982
15481.24454
15469.62614
15426.66784
15585.41826
15654.81969
15577.39798
15642.87836
15705.36221
15612.64353
15494.47807
15512.66516
15462.07396
15498.45966
15563.34835
15493.24564
15518.13927
15494.25823
15510.32004
15628.27129
15553.14754
15458.25912
15476.87055
15540.24622
15530.51373
15454.83320
15657.08720
15669.98318
15654.11219
15717.80776
15592.50930
15514.63502
15523.36487
15548.20517
15609.05635
15451.22870
15555.17186
15496.76516
15441.22587
15350.78407
15412.52840
15425.98918
15274.94828
15485.65666
15445.02770
15430.40649
15309.69102
15121.14762
15224.79975
15171.29151
15223.38623
15073.27061
15064.77444
15153.54452
15163.40297
15244.86804
15216.81380
15227.78338
15291.88268
15335.63199
15348.03328
15384.77609
15339.74960
15458.65100
15362.71551
15471.84805
15226.71041
15259.16065
15452.10254
15496.37349
15435.57778
15453.00191
15510.27722
15383.14240
15454.70952
15561.26050
15511.87983
15536.82685
15570.71293
15631.05841
15604.02850
15502.04830
15405.73397
15465.57181
15313.55726
15337.82337
15293.37293
15290.66429
15343.17799
15367.36527
15351.45537
15372.12840
15473.07724
15562.99971
15673.39641
15639.32055
15671.05167
15604.69672
15541.02357
15485.71239
15470.80605
15420.57331
15548.54646
15479.32789
15539.82938
15439.84191
15424.87049
15418.46637
15423.51440
15407.14060
15471.82576
15460.51031
15416.00186
15356.73264
15529.20592
15388.52112
15317.26025
15334.32664
15254.65487
15360.75526
15460.19222
15417.95224
15434.21905
15462.74279
15481.89536
15435.98413
15610.19682
15591.00622
15595.07837
15566.33988
15616.21925
15647.38118
15587.79119
15553.09613
15378.14126
15382.10701
15258.50499
15188.13174
15327.20456
15384.25569
15384.90328
15509.33490
15602.06722
15455.35424
15414.03279
15556.70530
15510.33981
15536.28474
15445.71101
15588.28062
15593.71915
15546.67284
15491.93545
15384.95113
15371.81822
15359.49836
15274.25394
15333.00235
15365.85562
15354.65744
15287.89994
15322.06265
15428.55245
15586.32893
15432.85362
15333.71256
15418.39912
15335.85674
15235.81045
15256.64132
15248.24025
15409.42537
15520.86821
15527.61263
15488.94554
15427.84439
15440.34428
15362.06953
15381.36692
15423.86560
15450.16062
15384.66404
15458.91621
15440.35282
15436.18323
15397.41597
15366.88201
15255.93038
15203.61105
15166.29904
15332.68093
15337.24341
15360.72088
15440.16797
15335.18532
15312.89697
15325.65046
15426.06472
15437.60182
15429.46385
15358.81902
15434.91371
15458.49698
15455.48578
15394.35301
15292.76780
15260.96395
15425.09688
15364.16918
15367.25089
15327.71437
15339.50622
15515.19510
15341.61176
15378.22373
15534.88966
15469.31102
15529.90715
15615.35820
15588.33677
15535.40978
15417.60143
15451.15165
15469.57849
15340.77001
15411.57889
15531.68240
15429.85197
15326.74730
15317.90199
15302.98974
15205.65171
15007.83505
15166.75080
15203.32594
15312.95255
15332.91611
15123.73297
15173.61345
15137.01250
15081.43135
15184.64240
15208.03600
15257.86390
15404.54065
15252.23654
15235.39346
15181.73691
15210.46504
15082.53128
15123.98015
15091.71039
15111.91027
15080.46956
15140.54823
15185.24406
15091.70424
15244.92330
15381.06797
15344.79922
15166.47520
15270.60545
15228.36933
15237.23207
15129.26519
15163.72958
15199.84680
15266.56688
15234.00085
15327.99522
15262.11163
15309.94917
15263.55529
15204.30483
15184.74214
15059.21753
14982.32951
15040.42267
14979.25103
15008.36421
15149.67819
15027.40917
15070.22458
15208.59142
14989.26255
15120.64840
15175.92367
15209.32389
15134.99324
15231.63171
15158.63242
14986.33371
15086.76794
15282.36729
15276.87472
15350.72790
15314.14560
15333.25536
15286.57035
15292.75052
15252.85863
15237.51229
15185.23452
15187.30562
15209.55746
15191.34474
15205.78057
15164.97308
15270.31949
15294.50427
15279.98902
15310.91642
15290.50781
15305.17624
15324.35256
15329.03000
15350.74694
15359.92831
15297.10193
15241.95828
15330.00955
15140.45578
14957.52236
15062.11428
15196.08078
15232.38999
15089.71779
15135.00903
15102.33684
15366.12826
15246.47728
15279.37198
15144.40496
15208.41921
15291.60263
15271.63193
15147.45464
15106.16137
15112.55581
15073.12499
15119.57361
15074.94674
14995.35593
15227.43204
15262.29590
15219.61419
15089.33693
15122.69538
15052.72325
14974.23883
14979.45210
14962.53497
15104.71923
15023.32986
15167.38176
15341.97205
15352.06556
15179.69054
15170.25992
15108.82942
15151.80506
15245.81511
15219.50338
15226.66712
15144.80403
15166.78557
15149.06007
15297.67237
15202.76974
15290.76507
15202.18365
15198.37765
15253.63130
15139.52999
15158.84407
15203.07595
15266.56846
15316.90857
15409.35955
15328.50699
15287.64648
15276.71359
15301.62358
15163.30734
15129.43028
15148.80878
15021.98660
15056.10040
15119.11992
15357.17683
15471.34482
15412.73835
15313.25070
15278.83136
15234.13539
15292.47692
15339.56701
15263.91287
15140.07889
15226.57947
15304.88567
15348.50149
15355.83711
15419.34225
15403.58091
15250.42718
15352.01810
15267.04365
15319.98212
15352.30260
15399.78208
15448.47897
15533.70132
15396.89991
15280.52239
15220.33731
15241.75265
15390.70353
15251.65749
15302.19880
15263.74691
15311.27157
15342.07978
15349.87389
15301.28326
15314.99982
15431.34217
15418.51435
15465.39387
15445.42052
15304.68101
15278.36558
15361.15683
15422.17021
15427.34903
15345.02502
15205.79603
15357.26117
15374.42154
15475.75564
15507.15632
15452.09812
15457.03886
15533.95389
15449.14828
15396.08237
15348.18269
15230.42616
15275.29005
15258.79474
15290.86702
15262.21356
15365.71250
15439.50938
15437.69879
15498.71050
15418.68925
15453.54156
15395.83685
15352.83014
15383.18615
15267.30383
15338.59759
15379.56784
15318.75067
15355.51707
15327.60642
15409.14721
15530.36407
15582.49287
15620.52416
15639.92147
15557.12649
15478.83672
15513.90625
15513.69866
15599.19574
15651.49446
15698.28234
15619.78831
15595.38454
15638.13223
15560.10665
15647.43020
15792.27655
15755.75169
15656.55098
15603.93414
15686.80408
15682.22537
15587.03886
15559.78085
15484.68108
15449.03915
15505.86123
15452.85919
15317.68005
15350.20138
15474.09877
15410.82754
15429.50462
15404.03511
15352.74932
15566.65623
15562.75017
15282.71598
15204.71154
15286.99541
15231.32693
15343.96650
15310.56100
15298.69206
15181.29032
15283.40815
15341.67878
15399.40521
15366.71706
15251.89947
15317.13630
15367.04272
15338.06670
15067.84816
15049.78475
15119.64473
15175.05986
15190.88465
15260.31472
15277.09886
15378.03156
15296.21327
15227.57035
15284.87145
15284.68668
15214.20524
15367.10937
15480.98731
15419.77884
15486.70793
15422.31424
15462.44996
15352.70292
15270.39389
15288.57889
15300.13790
15323.73646
15337.42584
15415.63807
15292.30537
15375.62891
15339.25224
15430.09156
15432.82409
15516.88487
15415.57176
15434.10113
15449.99151
15446.32989
15442.46656
15290.01854
15219.96114
15301.17780
15285.86723
15306.83498
15319.34768
15431.00130
15213.49492
15332.75029
15333.78725
15367.65581
15345.94564
15410.70038
15455.04921
15420.91015
15484.12844
15506.28599
15406.60372
15478.73217
15475.42594
15339.37459
15391.40861
15444.71353
15413.34149
15413.89463
15394.55318
15309.74323
15237.57713
15352.53057
15360.02058
15199.30435
15214.57611
15184.42793
15098.68355
15287.43653
15270.46936
15392.82564
15458.07138
15486.70997
15593.10874
15545.99408
15528.02574
15644.07775
15502.47467
15326.23134
15245.11443
15283.26138
15270.80805
15236.74150
15222.40159
15298.21762
15176.93321
15137.30658
15168.04865
15011.26865
15027.22349
15165.58586
15185.20714
15205.80035
15220.12767
15201.79206
15343.36479
15206.28053
15390.83924
15362.21349
15352.42037
15319.29845
15476.45528
15396.58455
15372.72295
15329.53129
15435.08101
15329.87417
15265.50387
15116.85679
15050.95148
15148.67454
15119.91325
15106.05581
15077.63652
15068.27952
15014.69507
15076.18569
15038.62479
15234.58058
15181.72091
15075.16593
15196.82684
15001.68907
15043.21797
14920.16035
15118.81976
15246.97171
15310.29349
15289.64361
15280.96545
15281.64940
15300.88443
15265.02430
15095.83470
15247.40691
15313.08225
15148.40576
14951.28025
15075.28294
14962.93188
15035.42061
15143.78356
15211.03464
15089.88090
15281.95412
15228.62624
15258.03994
15379.71227
15332.36744
15256.81510
15185.99802
15231.33413
15181.71506
15265.76963
15409.58931
15367.16658
15260.91975
15277.22742
15303.28538
15349.94260
15221.10292
15329.49999
15358.75751
15508.55927
15574.99849
15545.24211
15599.92819
15521.31423
15560.14779
15505.26504
15513.06352
15428.58879
15408.52086
15360.27096
15241.49210
15302.08240
15149.22079
15172.69187
15206.22840
15331.69172
15185.49595
15192.43650
15303.81626
15338.14179
15268.10555
15214.35676
15177.71940
15133.25069
15176.35475
15056.38836
14993.04314
14904.12789
15071.49450
15158.89655
15054.04685
15166.28938
15151.45551
15180.04443
14953.92220
14968.76885
15063.39384
15118.45478
15274.90725
15155.77247
15196.49763
15242.50531
15363.98788
15350.44385
15253.57078
15207.15792
15310.22817
15371.45735
15264.74126
15315.56275
15402.44030
15238.25709
15255.07338
15083.52632
14983.36098
15287.40018
15299.67819
15239.88792
15308.28434
15298.14154
15263.70110
15326.94734
15253.30313
15226.64460
15252.59532
15346.31261
15341.53277
15325.95517
15223.03174
15258.75231
15326.02339
15459.97857
15459.72063
15367.01553
15219.40647
15337.47541
15461.21987
15528.46839
15412.36989
15166.87575
15204.42126
15160.19771
15236.39732
15300.14470
15244.62000
15294.98836
15282.28763
15298.75598
15375.42388
15320.90590
15435.32212
15458.41171
15387.62164
15436.40613
15503.51926
15485.07064
15432.50445
15586.13530
15520.97345
15498.91142
15489.60072
15577.43080
15454.54445
15367.59269
15433.90863
15309.70541
15283.50031
15387.25764
15356.87026
15372.72389
15342.65223
15303.19306
15323.27923
15415.59446
15377.48921
15324.85655
15396.16856
15454.21283
15427.51288
15491.04162
15462.05451
15514.32715
15501.68834
15499.57133
15502.74316
15401.22889
15426.80416
15431.25224
15431.15786
15265.09974
15284.05453
15463.13669
15350.23043
15412.99712
15502.06737
15563.15665
15503.58417
15515.55724
15580.59875
15549.43594
15549.19317
15401.78433
15316.33073
15356.70916
15238.21753
15346.71798
15387.95678
15375.18469
15315.62864
15381.60631
15330.94875
15356.48121
15363.81377
15437.58800
15448.50302
15574.49293
15614.25400
15686.98735
15748.58994
15731.36317
15651.33241
15473.17944
15497.29505
15412.57495
15509.29583
15455.31128
15511.20885
15335.51344
15320.84744
15369.66585
15518.72490
15599.40290
15504.83165
15362.60435
15307.52469
15268.16627
15341.18595
15432.56949
15224.97362
15354.26378
15398.39639
15410.86209
15319.92000
15303.08178
15268.63032
15308.51802
15202.58934
15256.19646
15287.64685
15314.35597
15335.20383
15274.26827
15310.81842
15373.91611
15544.53852
15450.22334
15428.28249
15370.12300
15358.52230
15231.79260
15398.35551
15421.62329
15368.24829
15553.83537
15459.28021
15431.94313
15520.46140
15576.07448
15263.81532
15296.74884
15495.50456
15435.50584
15420.59918
15515.52365
15468.78419
15302.08083
15232.74667
15280.71492
15285.29611
15217.95826
15279.02202
15443.21099
15289.14933
15285.22374
15252.48174
15248.78348
15254.62708
15241.28616
15334.29079
15310.62499
15378.43850
15437.68833
15503.00187
15487.28434
15363.38868
15553.46395
15474.12446
15345.40456
15245.76872
15209.95879
15251.97412
15263.15596
15287.35507
15268.80433
15247.31896
15260.65899
15049.80743
14980.55885
14987.21051
15033.15631
15114.22503
15015.59133
15030.51225
15055.11753
15159.57705
15290.81594
15107.46086
15304.48545
15392.02748
15299.72736
15226.91575
15343.85228
15291.48702
15283.28955
15286.39284
15400.03506
15364.85427
15357.20324
15347.40993
15298.76363
15186.21597
15229.61132
15218.73311
15200.11312
15177.74284
15188.05689
15079.66337
15222.18210
15097.17876
15257.51179
15282.89193
15406.45933
15361.37797
15324.15505
15327.37656
15348.95410
15276.09451
15372.91034
15354.99059
15366.22815
15471.50468
15398.81251
15283.43212
15246.10874
15449.92437
15531.57086
15514.12575
15423.67476
15388.65513
15358.55227
15428.78921
15450.04210
15248.73610
15376.04496
15459.54733
15475.15839
15462.93714
15430.31343
15415.55700
15414.40109
15404.49918
15420.40787
15294.64334
15321.60353
15358.64351
15243.56494
15309.10179
15310.79904
15225.42382
15190.51578
15093.65578
15200.74834
15222.36178
15320.81252
15326.55136
15354.56659
15213.79759
15172.36330
15224.47924
15376.06555
15441.82783
15383.18069
15295.44159
15444.60243
15455.29228
15437.70189
15378.61098
15499.78915
15533.26717
15533.81077
15405.70645
15400.60340
15344.80597
15425.53314
15366.94850
15211.85782
15268.75603
15440.26319
15423.66528
15303.33655
15360.10878
15378.94846
15245.10848
15240.95284
15272.13614
15218.68734
15148.62471
15351.24102
15481.74767
15493.53639
15634.50119
15639.61020
15599.16254
15757.06946
15725.30714
15598.55912
15552.40247
15557.17083
15447.04555
15500.19079
15347.61801
15437.35331
15448.36144
15467.41320
15309.57990
15432.40125
15436.00670
15445.58828
15295.17011
15341.34760
15409.43380
15393.34152
15345.97451
15399.70448
15351.98569
15449.71801
15497.16579
15315.80089
15182.46965
15232.10278
15142.64925
15226.60799
15225.64272
15149.51087
15167.66692
15174.23802
15256.53160
15141.35162
15232.63568
15446.76752
15447.05407
15297.96855
15308.99422
15479.73796
15429.07829
15466.96031
15314.58922
15521.12898
15584.29638
15574.71669
15472.03873
15549.16191
15526.35530
15380.19301
15361.21027
15378.79655
15454.28555
15311.03161
15405.89358
15325.97008
15410.37239
15380.39964
15608.05012
15619.37492
15335.77121
15540.37039
15609.70557
15511.61596
15660.61772
15691.17674
15484.79365
15486.43939
15421.99539
15481.22780
15453.74432
15495.71013
15462.86850
15480.54139
15559.81287
15479.73597
15302.08788
15402.71313
15304.88309
15234.81268
15243.30523
15164.08924
15246.77036
15295.17228
15336.24184
15458.34009
15578.63943
15612.01218
15589.39385
15645.85425
15533.75542
15337.76058
15389.93353
15395.36455
15528.43439
15515.79319
15563.46101
15581.96541
15651.47980
15570.48104
15572.18838
15493.88177
15370.53915
15248.54545
15279.42051
15442.50033
15321.60207
15327.11214
15529.82119
15501.66630
15543.79896
15656.52355
15559.51828
15627.39184
15632.77564
15744.97442
15660.69785
15469.39081
15477.91229
15589.53202
15488.19649
15481.82912
15479.64593
15429.62078
15393.80028
15313.06540
15273.02691
15423.28859
15294.21350
15388.74725
15476.31663
15410.53200
15556.19184
15401.01546
15280.55503
15236.45153
15284.39282
15366.11990
15157.70991
15213.41862
15234.68715
15252.16256
15187.97407
15335.46824
15379.70589
15437.74240
15398.83966
15415.63209
15426.88954
15386.27635
15499.34414
15476.31678
15374.21850
15518.93505
15534.56938
15341.84463
15424.26535
15558.85365
15421.73488
15538.84720
15250.34417
15270.92284
15303.01515
15215.19685
15240.06497
15277.70129
15337.03061
15274.43227
15239.51852
15302.90081
15263.55556
15143.72248
15294.64564
15239.59130
15176.84225
15052.66875
15185.15874
15237.36822
15232.73739
15144.66241
15195.55019
15164.63508
15260.44274
15230.83356
15516.95735
15515.41729
15492.57990
15488.84680
15488.36638
15318.19087
15357.90615
15305.68103
15363.09860
15346.25951
15273.83944
15198.60593
15257.97008
15269.76321
15435.56893
15423.52961
15371.19310
15455.80178
15509.25894
15447.69427
15449.26640
15480.24203
15431.42511
15371.64067
15370.27479
15423.92057
15331.50877
15329.35408
15295.08786
15364.36827
15336.45418
15243.56160
15281.81632
15406.14608
15337.42169
15286.30281
15360.15616
15418.02132
15471.99045
15398.14215
15471.67033
15465.46945
15368.80776
15371.10309
15434.50408
15360.58507
15408.07498
15455.35911
15457.62497
15320.73738
15493.49367
15515.84752
15483.64362
15528.66520
15504.67501
15558.01296
15496.55810
15505.15617
15442.80436
15330.93842
15303.09992
15278.06885
15159.47222
15201.29099
15198.25210
15196.01096
15357.31329
15345.21276
15429.25870
15432.31117
15408.85056
15283.43031
15423.33405
15435.52677
15350.15207
15146.27888
15076.68162
15198.60018
15158.99976
15062.34552
15162.55607
15184.88001
15269.92912
15397.27772
15462.57943
15574.11244
15560.06830
15502.28051
15266.70758
15470.01066
15469.71738
15355.70001
15298.08592
15293.24693
15338.17477
15413.22830
15357.63603
15380.01735
15332.19593
15228.28396
15301.10427
15381.44680
15475.72959
15388.10271
15440.88562
15542.39691
15526.19527
15328.13269
15216.71346
15153.65445
15250.96773
15217.36256
15212.04559
15281.61309
15403.39222
15338.95011
15308.62687
15476.10551
15452.42431
15448.79994
15414.46054
15442.19683
15403.70552
15417.24134
15466.23709
15405.37980
15341.34618
15307.61916
15349.83349
15221.84964
15332.31761
15417.41969
15499.21452
15408.97370
15497.38013
15394.51221
15341.65260
15339.93482
15443.76778
15459.16642
15514.43248
15553.20709
15424.18425
15549.38705
15485.39673
15469.99335
15435.97744
15485.48853
15502.41235
15414.12467
15328.62659
15332.00091
15315.86781
15175.30030
15168.38499
15322.36924
15337.19846
15282.18250
15239.89728
15291.95886
15295.14588
15245.36271
15496.49475
15399.69976
15451.44458
15409.97036
15378.35230
15401.16300
15331.34186
15338.84405
15239.08900
15297.47442
15342.24756
15536.48679
15428.99476
15390.31440
15510.37351
15522.40077
15438.16657
15380.59885
15434.14474
15372.96619
15365.13799
15422.37039
15454.06339
15391.21621
15354.41834
15334.24788
15278.45243
15386.17500
15415.24696
15353.32633
15426.82537
15351.28493
15395.81350
15483.40693
15514.13596
15452.56619
15352.24135
15336.16193
15417.71602
15420.27812
15395.18539
15374.88119
15431.95408
15360.20551
15290.56885
15270.86599
15297.46619
15343.04209
15451.99913
15475.88288
15394.46728
15556.07248
15633.20457
15557.72577
15580.00170
15614.45370
15508.12961
15536.46121
15536.28687
15533.03716
15465.49266
15345.09365
15398.17732
15358.31509
15370.00072
15391.42584
15384.56872
15328.83147
15248.70079
15133.13084
14947.85386
15122.70624
15096.31924
15154.08738
15322.58453
15263.56442
15328.04254
15280.02086
15338.43844
15286.08517
15357.32615
15214.67785
15399.82084
15343.63954
15412.79806
15417.04075
15303.16179
15379.06896
15486.31583
15587.07091
15537.51735
15453.83912
15418.97259
15453.37184
15327.89202
15437.24405
15502.55474
15525.42279
15454.44606
15552.49499
15519.44132
15591.61468
15648.86931
15534.56252
15558.00218
15521.72863
15523.83172
15552.86291
15578.68843
15582.08235
15578.57035
15574.19102
15550.86379
15591.64518
15476.23220
15457.94752
15588.00305
15396.63165
15256.98651
15289.51329
15427.83381
15529.11633
15433.38301
15429.73354
15362.35862
15217.92328
15236.06640
15346.50674
15296.71574
15240.15085
15032.81615
14921.40830
14900.77959
15073.68174
14943.33712
15049.46866
14934.75515
14906.07652
15090.67934
15029.12688
15082.18202
14985.44613
14929.08315
14918.17919
14995.45493
14913.62846
14874.76310
14833.77590
14821.53474
14832.96921
14824.66253
14970.00732
14872.22380
15128.92428
15173.49025
15273.51466
15183.83059
15230.46741
15223.73221
15069.25903
15163.32756
15184.89126
15434.98826
15305.65048
15364.51754
15368.92312
15234.38892
15159.12107
15371.75787
15396.29245
15247.27962
15292.98371
15341.46405
15345.96464
15213.55705
15182.93528
15084.61587
14930.03058
15021.02342
15133.39336
15205.99903
15125.03197
15187.63358
15334.00713
15246.41451
15337.48290
15372.44570
15363.21284
15333.09690
15119.49259
15136.04564
15345.27158
15257.40619
15190.83848
15165.45945
15239.31263
15118.10772
15080.58126
15148.62635
15181.41723
15299.91739
15375.61201
15382.77603
15316.29139
15298.35404
15219.48094
15239.96045
15250.81360
15234.77303
15307.07115
15295.60211
15304.00607
15312.89548
15483.54074
15417.76749
15465.32971
15591.65260
15594.68629
15667.66998
15655.77207
15613.64658
15592.34243
15442.86875
15422.09525
15500.07445
15356.75400
15376.02046
15282.84068
15306.71440
15250.30910
15340.80704
15440.61960
15379.10457
15451.14380
15446.51897
15341.53507
15329.10750
15418.87441
15396.53332
15455.33141
15368.27896
15317.43634
15382.44274
15293.22516
15401.32715
15330.94626
15169.54442
15229.73659
15154.11953
15140.04011
15220.27673
15268.23251
15322.38639
15451.41797
15428.50472
15465.18997
15453.07556
15452.56602
15324.96984
15391.60905
15284.74037
15398.49143
15325.99721
15161.69250
15179.83212
15345.71520
15423.84019
15475.90650
15522.74727
15386.32117
15393.96980
15429.08931
15311.56134
15175.04695
15103.34664
15203.85211
15208.46112
15175.29986
15290.53122
15179.28004
15242.57739
15190.90575
15250.87313
15279.79366
15225.52866
15258.91535
15289.06434
15317.26849
15210.09680
15250.19105
15246.90983
15085.25768
15098.13698
15105.02132
15155.30908
15121.18304
15170.39508
15297.91820
15234.48884
15272.64368
15194.07385
15191.99106
15122.22148
15119.67878
15064.68266
15185.15949
15253.58989
15179.07308
15167.76475
15170.26773
15200.20368
15239.97548
15081.07781
15145.79584
15211.10634
15156.44003
15098.73467
15178.67803
15141.06193
15148.04490
15076.64664
15159.69769
15327.79484
15266.99173
15297.81939
15372.32392
15426.73703
15411.08841
15410.13458
15514.31824
15430.59285
15301.13288
15342.06701
15219.46518
15314.77942
15391.44085
15488.07567
15335.73442
15337.09605
15337.19236
15366.19709
15207.34239
15270.02104
15180.55095
15021.62379
15073.73208
15189.96829
15036.57611
15178.12024
15239.95549
15224.24515
15244.88123
15193.90594
15198.30174
15089.57650
15217.66662
15298.46400
15283.12296
15261.57765
15243.02321
15339.45862
15351.02770
15364.01490
15427.77114
15303.45483
15302.53729
15304.99848
15211.37744
15211.92840
15249.98931
15364.53548
15248.50142
15255.08057
15287.49671
15290.44396
15316.42037
15323.31877
15468.75190
15521.41470
15536.04027
15472.56860
15346.81902
15344.95949
15270.71614
15344.43681
15462.86597
15387.40961
15293.76806
15169.74107
15200.90178
15329.86222
15392.26978
15542.05915
15479.12377
15516.68982
15590.24559
15435.30649
15450.69140
15436.87500
15433.16534
15419.81776
15322.12850
15263.95340
15334.15381
15445.65101
15406.97033
15263.49784
15224.68822
15234.10791
15162.11534
15098.10219
15009.07176
15012.01578
15016.35251
15236.52940
15204.78428
15267.60615
15251.99127
15368.78238
15407.64889
15376.58509
15329.52457
15416.24345
15400.23866
15326.21796
15458.45703
15459.54436
15325.31940
15333.00425
15381.68942
15486.55985
15379.78802
15356.35316
15398.90955
15345.19210
15320.76343
15329.52002
15361.17361
15299.88151
15445.30860
15280.40383
15204.70141
15223.62070
15316.84015
15259.57896
15224.75153
15110.82836
15202.91027
15149.63573
15142.82267
15077.28748
15178.25933
15214.84526
15244.71931
15265.68613
15236.09743
15216.12044
15231.06404
15237.17591
15255.52662
15160.57687
15300.57336
15458.81751
15319.56079
15316.45028
15385.73090
15333.22161
15366.19721
15361.43392
15464.01574
15412.27223
15509.68512
15513.98769
15566.74055
15563.64853
15588.35390
15623.45191
15513.80925
15552.20523
15520.72002
15435.38093
15417.44886
15382.06058
15337.84749
15451.27401
15333.04605
15274.79749
15304.62177
15352.63517
15379.13545
15442.15411
15528.22431
15425.46347
15530.82759
15592.75393
15623.42910
15515.65157
15466.16804
15531.46220
15506.83519
15505.14749
15559.67458
15483.52950
15469.69032
15455.86152
15584.01384
15445.82514
15593.05567
15753.92282
15665.71075
15665.22710
15674.58336
15656.97071
15655.13112
15612.70720
15501.49772
15485.27222
15438.87699
15435.26282
15373.45536
15345.37229
15550.19682
15624.88042
15434.04861
15296.48939
15245.42107
15174.75142
15251.05418
15310.76648
15319.25391
15239.26635
15241.78730
15236.11745
15159.94962
15216.88052
15116.14326
15189.66365
15176.27431
15184.74337
15026.16030
15001.99010
14998.57382
15078.73271
15108.71841
15105.11538
15055.22084
15088.97221
14934.53772
15061.16232
15118.95976
15060.02926
15066.42831
15169.29887
15208.03221
15196.37866
15384.08403
15233.30074
15368.00123
15483.40084
15443.06565
15464.85566
15558.54656
15582.48600
15645.30358
15509.71375
15413.76102
15373.61114
15349.87673
15415.14862
15435.39426
15484.60527
15222.83121
15243.54743
15409.90369
15508.08860
15531.51793
15530.98875
15568.52504
15504.10428
15408.89050
15524.39377
15514.73724
15532.39566
15413.36846
15437.14350
15518.51923
15447.55996
15572.70454
15527.97032
15599.77782
15518.23928
15472.39531
15441.79902
15471.10665
15360.37389
15676.77520
15603.16619
15548.60192
15455.31900
15503.40316
15583.98429
15456.46165
15505.81689
15297.70423
15303.24282
15325.20664
15259.69636
15238.53679
15119.55730
15088.95158
15078.59415
15287.43932
15245.20978
15314.09329
15362.75930
15255.15485
15343.29606
15338.47162
15322.48348
15342.01277
15319.71552
15238.74232
15198.59444
15112.42470
15025.67106
15202.80461
15136.26532
15230.65364
15333.00575
15301.80695
15242.51911
15191.55960
15192.83172
15312.99395
15236.23414
15300.11191
15232.39674
15219.83157
15250.39570
15308.20138
15110.44593
15245.96404
15094.20746
15240.20664
15371.71353
15231.35235
15266.56427
15315.65313
15389.26323
15433.06367
15360.70665
15530.78345
15625.35217
15632.35010
15751.68372
15795.81610
15750.14400
15714.89382
15647.96830
15667.81936
15507.09384
15447.64536
15327.53840
15486.19237
15598.66020
15549.35176
15512.52423
15479.29888
15448.39922
15435.99569
15452.98768
15505.11827
15294.19884
15294.41250
15466.45945
15411.46180
15295.03491
15432.13480
15353.65739
15385.63856
15347.40394
15267.92243
15362.70960
15430.86254
15367.51534
15467.12316
15515.75103
15644.84513
15663.63888
15644.05483
15486.21369
15747.95157
15720.28140
15519.26606
15573.32351
15568.10685
15543.97610
15582.82874
15525.83581
15609.03865
15579.41548
15440.33174
15544.30391
15509.87580
15512.50935
15526.66855
15510.14085
15533.46292
15472.77077
15554.33281
15447.69809
15382.39618
15302.69440
15392.54706
15361.46368
15402.50221
15371.34916
15308.39608
15365.70224
15362.74765
15396.08332
15439.21417
15405.40279
15554.63751
15476.94110
15480.35230
15480.93484
15195.30153
15206.70514
15269.74057
15316.81853
15342.26760
15448.34347
15326.86439
15326.04192
15372.60808
15321.27860
15322.90671
15308.06294
15318.42320
15411.08351
15366.51920
15348.17689
15484.07021
15300.57440
15423.31196
15358.69195
15298.09474
15315.35473
15293.04231
15230.04214
15224.15194
15147.24890
15279.95639
15400.45007
15249.50676
15432.68474
15406.12258
15421.28043
15429.67228
15281.45768
15284.03363
15341.35646
15253.03985
15332.78906
15298.78544
15335.73386
15428.65610
15459.67021
15377.18507
15312.51414
15315.69212
15353.77206
15331.48247
15290.61633
15153.97212
15234.83044
15176.94722
15240.05623
15245.79765
15152.36329
15167.88141
15245.83832
15206.20994
15145.01754
15214.55324
15270.49252
15340.72100
15443.75760
15411.85502
15449.02176
15392.42332
15420.03439
15368.11573
15383.86194
15394.33239
15387.61227
15394.07200
15185.42500
15229.54428
15249.89764
15458.36295
15486.67214
15372.35875
15277.66515
15249.16900
15204.38515
15290.74510
15202.33481
15209.58804
15464.21561
15371.98991
15266.99504
15299.55936
15362.25485
15335.93843
15376.60918
15332.89572
15380.23136
15468.43933
15388.04133
15304.22314
15322.58741
15216.49075
15167.06403
15131.52218
15276.13459
15249.73360
15254.94512
15422.94137
15354.53220
15404.80950
15370.74324
15358.33043
15338.95588
15200.97147
15301.63173
15437.28719
15225.15033
15188.91645
15192.40197
15152.43052
15176.78471
15376.78184
15391.16541
15198.87705
15255.78712
15187.74915
15291.56884
15346.47728
15324.69025
15359.10814
15289.15528
15346.23154
15487.57782
15340.69582
15437.98288
15325.14646
15265.09970
15324.54409
15354.08360
15354.32435
15443.13309
15425.59386
15412.79377
15404.76541
15492.67448
15510.45618
15527.78791
15561.26862
15425.52140
15633.51818
15589.18331
15704.32079
15615.56463
15594.65396
15568.10369
15485.27401
15479.26646
15417.14681
15399.17326
15427.27537
15368.16723
15335.38674
15344.46639
15427.36420
15527.45139
15451.82560
15500.25089
15396.50432
15496.71924
15522.39812
15442.17613
15438.06781
15447.63383
15468.17664
15466.79720
15438.29197
15506.87720
15413.75553
15460.91017
15441.52432
15434.86219
15401.93814
15548.17260
15483.15199
15522.76044
15509.63522
15397.17169
15434.39091
15608.73571
15590.06791
15620.13237
15594.04545
15539.20803
15512.54845
15548.81733
15544.51259
15397.01439
15481.21901
15504.06176
15510.71773
15544.02598
15648.13485
15510.84186
15463.72124
15541.49930
15497.74066
15568.66453
15544.19687
15623.37598
15563.92946
15620.10236
15603.01513
15550.48919
15454.23382
15620.71639
15564.05628
15547.13293
15505.22757
15439.10632
15530.59078
15501.05918
15536.41270
15469.17411
15395.48418
15600.41684
15810.28534
15705.95543
15592.25219
15612.85105
15579.46141
15328.14007
15431.86427
15601.98458
15486.64995
15484.88373
15393.49782
15214.24962
15072.74593
15265.99817
15327.27207
15365.09681
15483.37670
15437.90947
15367.40592
15097.56618
15106.70059
15278.39641
15198.43470
15370.87118
15425.01359
15289.56948
15388.99262
15220.03622
15336.45239
15276.37686
15281.57827
15309.14669
15470.36547
15399.95979
15436.78087
15354.61865
15362.92340
15357.39745
15371.40327
15397.43671
15322.46590
15273.16561
15282.05897
15295.54920
15305.63952
15383.12080
15135.29221
15122.65140
15222.28160
15404.69008
15282.93339
15252.75630
15269.29207
15201.83195
15233.41503
15166.75132
15204.87413
15079.32266
15236.24594
15153.33635
15122.83666
15235.69158
15171.57851
15351.96323
15265.50007
15215.51097
15283.68352
15205.41569
15323.20360
15265.42799
15199.08189
15278.78323
15372.94789
15637.44285
15652.97046
15437.71487
15469.20748
15492.29119
15448.94336
15388.69263
15361.27778
15490.72089
15531.52016
15515.00223
15611.24169
15508.70046
15486.38130
15555.61273
15417.62330
15508.76199
15429.93146
15331.10687
15456.86077
15443.88210
15484.42740
15464.77886
15373.29865
15410.81954
15436.95785
15371.30045
15468.23179
15590.45249
15531.95105
15515.97012
15458.12972
15597.41721
15591.01809
15541.65244
15669.43812
15644.51441
15589.92259
15668.25967
15600.71149
15626.86582
15451.25537
15514.22352
15556.17893
15601.63400
15548.52249
15582.46875
15492.92820
15485.91009
15500.79357
15558.20129
15566.18374
15597.82773
15652.86887
15566.06151
15523.84184
15478.96396
15403.24266
15314.54230
15314.56754
15467.67872
15435.32454
15495.96964
15616.65276
15566.77432
15538.40259
15563.60382
15498.10188
15421.89410
15460.50153
15316.25993
15305.87827
15383.34577
15356.87319
15412.93364
15272.77265
15302.47427
15427.79954
15406.63817
15464.59905
15459.60145
15419.87456
15429.02145
15421.70949
15372.22838
15473.64596
15547.44758
15563.00294
15484.49713
15607.34719
15508.34317
15374.19679
15371.60020
15443.80235
15370.09651
15372.58915
15330.00075
15259.94365
15333.43999
15311.21197
15334.83053
15245.39742
15186.99547
15308.54130
15240.51181
15356.64865
15456.00494
15453.29358
15557.14460
15483.95576
15537.14097
15545.47663
15464.43657
15497.97412
15439.18658
15369.53962
15416.36832
15401.46751
15338.88749
15224.11780
15314.65408
15175.91799
15282.62463
15311.45616
15398.88115
15536.28358
15523.98369
15520.66079
15466.04305
15493.43460
15575.86211
15673.18958
15551.77524
15460.92773
15454.70873
15487.28449
15473.13043
15375.20206
15351.11196
15524.90240
15590.41739
15597.82964
15541.86906
15420.42164
15512.21910
15443.95301
15374.54192
15399.51516
15405.89168
15337.44703
15370.55414
15174.02193
15259.28465
15306.38137
15199.95897
15333.85652
15155.39062
15230.23305
15134.14884
15270.15103
15322.78853
15283.36349
15327.14002
15321.11460
15240.93749
15375.54109
15356.90245
15147.68041
15044.37987
15175.10785
15335.43323
15304.27604
15434.98384
15482.63523
15514.51352
15474.41963
15396.48751
15257.78568
15463.76714
15439.62681
15432.57470
15479.71988
15416.00915
15420.39413
15462.79692
15408.77447
15363.63240
15333.76428
15335.05212
15269.18134
15435.37216
15327.63609
15398.06640
15405.04949
15382.43039
15352.34676
15373.83954
15440.98777
15447.06133
15519.89620
15546.71191
15536.59724
15433.34871
15429.26346
15519.97850
15446.27520
15412.03758
15522.08366
15475.17215
15413.01816
15298.47360
15411.70282
15533.40653
15525.95957
15528.07369
15552.53803
15368.87251
15287.42202
15454.02956
15355.44449
15468.26360
15285.84970
15201.74087
15330.35966
15264.67005
15310.96206
15345.60796
15271.27564
15404.17520
15363.11717
15379.22688
15368.21124
15418.17692
15463.83450
15486.43849
15408.93770
15327.95734
15420.27738
15379.79227
15382.77858
15362.94183
15421.03785
15471.62928
15386.00838
15517.45723
15417.74075
15394.60990
15469.26561
15432.06345
15473.37936
15466.90125
15390.47111
15478.98774
15525.01811
15590.67717
15437.90306
15394.79976
15525.69878
15596.53429
15505.12231
15505.61991
15505.71483
15499.57765
15406.86019
15479.10768
15455.14201
15428.43404
15405.70261
15454.35542
15465.77653
15405.51383
15216.50392
15141.88983
15339.50189
15378.31630
15328.25004
15234.16900
15311.73947
15320.52675
15379.56738
15275.24201
15308.79302
15338.75033
15437.20460
15366.12433
15441.93599
15317.48677
15387.46635
15361.30593
15334.98560
15269.16628
15291.74979
15284.43237
15302.16511
15256.05781
15223.91358
15238.96981
15301.32602
15355.04200
15551.43633
15470.48155
15503.40312
15409.14686
15407.10757
15281.81106
15307.44281
15320.09869
15367.72058
15271.12834
15249.13223
15296.64990
15229.80925
15256.01227
15110.34247
15294.84229
15397.04880
15376.48824
15387.26232
15272.74167
15224.66928
15247.49611
15213.15513
15130.74789
15069.49638
15047.20716
15097.49019
15174.10903
15189.02550
15256.12970
15226.28295
15255.73057
15277.12195
15405.08653
15465.09629
15355.60623
15379.49133
15256.10660
15261.94737
15324.78199
15230.69852
15255.71103
15240.92374
15297.33676
15338.64767
15525.36070
15343.08238
15328.82443
15233.58665
15344.41494
15246.34709
15278.46083
15355.39100
15365.18404
15408.21192
15387.57490
15402.27594
15234.60462
15319.35884
15315.91066
15385.58584
15428.60702
15237.96442
15218.28669
15364.67476
15376.17990
15470.10928
15361.76837
15432.14847
15412.95982
15425.33546
15367.29332
15344.60443
15296.62291
15339.80240
15480.43680
15412.07169
15544.54726
15349.04227
15274.34480
15328.43930
15377.56898
15308.04527
15222.28794
15233.49171
15332.04848
15311.90074
15215.65107
15322.20643
15343.58938
15395.07171
15307.24630
15271.44100
15476.05892
15291.34066
15423.44098
15283.39606
15341.91120
15383.15023
15482.04225
15489.13178
15384.61379
15400.92034
15275.42925
15230.79210
15234.02868
15235.56365
15349.10361
15422.98454
15447.99655
15425.67490
15487.47547
15594.65281
15483.00937
15470.99704
15428.74089
15623.44161
15626.40754
15619.07718
15519.44183
15460.74459
15411.44458
15426.23376
15352.07651
15477.32563
15323.80413
15339.29177
15314.33574
15349.55260
15480.14609
15572.86997
15547.66341
15453.16619
15491.06342
15550.53619
15494.38953
15363.80857
15374.12355
15396.43260
15320.45986
15267.06404
15298.58714
15270.31208
15243.33173
15281.25103
15194.59749
15149.99186
15028.39992
15185.87973
15164.05267
15166.37554
15082.45935
15048.68285
14954.69204
15087.30634
15025.46518
15073.08419
15240.52559
15349.02041
15296.94005
15282.16872
15288.15551
15304.97899
15215.61837
15310.65956
15189.56688
15205.48518
15304.50174
15285.95457
15232.67022
15288.34689
15318.01021
15378.69935
15345.00211
