15387.47159
15403.09592
15396.11066
15618.01107
15738.60628
15813.55763
15913.33817
15868.18765
15697.55804
15615.46507
15409.33967
15576.83795
15775.11328
15618.75717
15432.45487
15669.70948
15508.10418
15311.71473
15568.10001
15657.55735
15725.78718
15567.17414
15573.90648
15463.92171
15512.83533
15553.75313
15557.75415
15616.91944
15616.11617
15659.53700
15589.76473
15625.42211
15606.97199
15627.30623
15613.39901
15579.63216
15486.95532
15541.79838
15747.17614
15348.82132
15370.61892
15302.27968
15519.14023
15735.28628
15706.02905
15445.08812
15638.27158
15670.70912
15486.64121
15326.28154
15729.97487
15788.26929
15794.45430
15782.20287
15411.08760
15286.98739
15622.17430
15489.19937
15266.47652
15431.84416
15494.94828
15507.78663
15616.39695
15550.08745
15415.37803
15618.30848
15604.37749
15290.73221
15492.46558
15310.33971
15516.43733
15494.40215
15354.61090
15456.56855
15363.66589
15494.05837
15445.11135
15499.35907
15286.48497
15236.97405
15488.65070
15793.45148
15632.83287
15564.71237
15540.73287
15556.23259
15294.78717
15617.10374
15530.66960
15768.94182
15410.70075
15532.42752
15533.48527
15443.26982
15567.44733
15557.59120
15596.17914
15485.92946
15736.44531
15474.40604
15725.63305
15431.46775
15560.10812
15543.21311
15242.03329
15383.43558
15624.38358
15363.39387
15458.45827
15436.56788
15514.90810
15354.27345
15464.55531
15540.57103
15382.06488
15333.55568
15564.11903
15275.27432
15421.74071
15595.70584
15646.04073
15374.42718
15739.57300
15580.32629
15631.33831
15391.94613
15593.48228
15503.52005
15436.93404
15432.28695
15683.19844
15556.09100
15778.69233
15574.98397
15398.64304
15479.08663
15446.77889
15324.59306
15493.29353
15519.79159
15647.68002
15563.31167
15586.09842
15684.45236
15670.50004
15480.26545
15526.66611
15565.08332
15399.87525
15521.40859
15568.59560
15586.62576
15625.31738
15540.52829
15581.77782
15596.24522
15670.27871
15646.29730
15575.73228
15550.59641
15432.43407
15558.24812
15592.75320
15552.99634
15651.52893
15561.40219
15735.99794
15536.93393
15390.05539
15359.05041
15478.24435
15641.31228
15571.03145
15633.45882
15777.59214
15595.47777
15562.51756
15572.83415
15729.03537
15576.01969
15637.47388
15445.42553
15461.21197
15686.99377
15648.96744
15484.40422
15484.80344
15483.94351
15498.96445
15543.85041
15657.64248
15686.14935
15800.54455
15671.97579
15578.51785
15472.66881
15475.22662
15468.79179
15417.75982
15473.87058
15432.17756
15487.56165
15414.07722
15331.30326
15535.60700
15586.75559
15575.83718
15532.34124
15361.71467
15634.94042
15585.76305
15566.68367
15362.51236
15485.14093
15591.47772
15367.79568
15573.70840
15485.51806
15434.49464
15619.91447
15675.26542
15490.31728
15452.55717
15351.22197
15184.39769
15345.07211
15819.59804
15481.18446
15360.83286
15477.11797
15608.11877
15572.75503
15395.84514
15540.73960
15953.26996
15693.47360
15716.55635
15379.97068
15435.99313
15742.58377
15796.84029
15582.25784
15593.95036
15697.61119
15688.39518
15598.84264
15493.68548
15285.41771
15298.98880
15402.09865
15586.33911
15629.05473
15780.35548
15862.34268
15800.47678
15625.25957
15732.65791
15729.14579
15682.62046
15649.71414
15884.22303
15758.33980
15553.30788
15385.73281
15305.89359
15562.01430
15664.50092
15753.63403
15533.90386
15757.57472
15590.45284
15546.29385
15526.78392
15475.85328
15600.94912
15624.78594
15510.27125
15587.99879
15717.20537
15605.97592
15494.89741
15516.84761
15408.67468
15457.35190
15459.41713
15554.94738
15557.75141
15511.89818
15563.72054
15749.81023
15562.20343
15514.81103
15485.51946
15400.26295
15730.12422
15709.85113
15562.68222
15440.46234
15426.30140
15368.79976
15349.36847
15587.29896
15491.97782
15546.25371
15555.52525
15743.80418
15541.82981
15320.74643
15586.02945
15617.49778
15507.55794
15890.17440
15699.52739
15512.67654
15676.80926
15455.52502
15727.55304
15518.94103
15461.36453
15582.49481
15661.73107
15681.74331
15675.61607
15748.19762
15748.30486
15817.84286
15727.28581
15438.37004
15378.67698
15460.66239
15508.07090
15620.88804
15681.68882
15530.01489
15612.17289
15673.47089
15676.33796
15476.92665
15672.50145
15477.59679
15718.83488
15499.14718
15302.26044
15434.34142
15701.82789
15954.90850
15735.04176
15655.39474
15694.30610
15667.91163
15599.43545
15837.06766
15665.72157
15611.77016
15800.25916
15620.34052
15752.44796
15770.37346
15474.71563
15539.02652
15371.18977
15436.42282
15499.69896
15632.01567
15766.49906
15781.95242
15805.79476
15798.95798
15517.24952
15538.95299
15715.90682
15533.48392
15389.25069
15296.94133
15731.64956
15633.07851
15567.92920
15352.30709
15635.20126
15577.26946
15453.39193
15445.62708
15529.99778
15405.03149
15518.25321
15374.15990
15536.44169
15472.18469
15390.83440
15297.72985
15334.31634
15380.66106
15668.52255
15734.48982
15551.08120
15513.15903
15689.16368
15616.93285
15632.58019
15436.70513
15605.38560
15558.74833
15626.97792
15495.01442
15399.16668
15589.32685
15545.80832
15506.28215
15479.50439
15364.95044
15573.82167
15966.66749
15863.43142
15852.87257
15728.82706
15617.70940
15714.94785
15462.61585
15546.72762
15560.40254
15601.62032
15792.74701
15953.01994
15830.36089
15657.21239
15533.00549
15599.07612
15750.79289
15586.34423
15647.03624
15438.12347
15405.26009
15441.60125
15553.79536
15698.68307
15452.23209
15521.91347
16021.14891
15917.43335
15751.59873
15640.81922
15510.78535
15840.31185
15318.27389
15447.96992
15348.15255
15355.58591
15503.11751
15550.13585
15464.09396
15407.98467
15905.61728
15915.55256
15795.33092
15800.14617
15669.96587
15669.73489
15573.95789
15884.42327
15554.30359
15369.53139
15446.97752
15676.30640
15696.66356
15285.77628
15406.63909
15365.08905
15432.71770
15489.71734
15337.80014
15276.10010
15436.23730
15453.84657
15378.30732
15383.77885
15601.67849
15539.38992
15612.26166
15581.18800
15591.96569
15687.86790
15613.05373
15757.26803
15716.18679
15716.42188
15774.95350
15804.60583
15634.35262
15475.56056
15381.51497
15463.11885
15382.26446
15701.37614
15629.61065
15421.77643
15397.17150
15536.01016
15638.74568
15580.20044
15350.02705
15506.10782
15473.60725
15546.92849
15639.18631
15518.68811
15533.66166
15517.05108
15582.16801
15608.18453
15899.06608
15686.57725
15672.29542
15691.85512
15668.16781
15640.04889
15341.52448
15566.09014
15486.45859
15591.01571
15455.21359
15691.53836
15505.92526
15620.04081
15408.69047
15434.61910
15563.54002
15665.23980
15604.89204
15461.18008
15532.76809
15477.11486
15402.09010
15508.60550
15541.92975
15655.55018
15786.12068
15588.44462
15511.29302
15402.96097
15414.47304
15460.43269
15608.37246
15622.30848
15605.35227
15608.86787
15492.01139
15543.79282
15574.81638
15428.44277
15586.99104
15621.98909
15800.21546
15646.53301
15736.58983
15573.50425
15431.88607
15422.19177
15444.53305
15783.27647
15577.78517
15439.39070
15382.59308
15630.69280
15578.12821
15512.02296
15548.28545
15652.88943
15332.97117
15424.70047
15620.28397
15552.72335
15441.11474
15458.93718
15605.86640
15498.00124
15539.49729
15423.14823
15433.74641
15424.69089
15575.46533
15835.07764
15695.32953
15670.23315
15682.87894
15467.99140
15493.79144
15599.87529
15635.63525
15570.74578
15650.10186
15594.36507
15472.00062
15566.74256
15703.02407
15426.55303
15407.11407
15425.68942
15394.07427
15644.66811
15742.38321
15601.66253
15559.93036
15534.07098
15474.50668
15613.32288
15641.15874
15483.79556
15458.25038
15361.01775
15410.34932
15570.36806
15555.49737
15543.95011
15614.89866
15530.70787
15609.39694
15520.19723
15661.68880
15554.68954
15624.55401
15490.85912
15411.97117
15684.63370
15569.75336
15379.92095
15496.40057
15373.06280
15556.44022
15452.09008
15597.99362
15668.69822
15686.64790
15577.50818
15578.83185
15598.51744
15530.17017
15782.15272
15511.62798
15694.23243
15359.40907
15608.18033
15647.99702
15825.84693
15662.59457
15504.03358
15665.78391
15665.62450
15840.36647
15593.19248
15779.35560
15896.46777
15680.97799
15653.30206
15670.32264
15614.36939
15438.53498
15337.85291
15611.09217
15594.16129
15744.88449
15543.17621
15606.83221
15393.50132
15586.80705
15611.97469
15833.21944
15747.11358
15715.56234
15667.82940
15652.23849
15663.80613
15790.97148
15806.76210
15535.35126
15560.43007
15709.62907
15656.70206
15566.52281
15577.18096
15750.18772
15728.70326
15756.15108
15484.03687
15426.84931
15541.27886
15614.36944
15654.70805
15427.66278
15679.04466
15539.45979
15531.46288
15536.68528
15475.33745
15454.75583
15695.00902
15646.20285
15881.84023
15662.72363
15502.26842
15501.56680
15597.02777
15457.37760
15513.14380
15584.43201
15701.38399
15731.45154
15631.02101
15803.06463
15687.71557
15580.05090
15659.28272
15558.19899
15691.16623
15581.43517
15450.06947
15596.84070
15480.17005
15527.38360
15418.25454
15572.04863
15784.98888
15710.41682
15756.39049
15447.27762
15451.26730
15149.34038
15465.60908
15618.63497
15574.50493
15566.37005
15579.03220
15335.52504
14983.66067
15389.50577
15616.71023
15599.33193
15687.72867
15877.56152
15565.84138
15644.77936
15613.29301
15785.41442
15783.20094
15445.31697
15492.99075
15411.58645
15556.13074
15545.67645
15546.18083
15676.09999
15523.26813
15542.55815
15510.10810
15350.76636
15455.39978
15451.88271
15538.25434
15520.18580
15293.69695
15313.63281
15472.02242
15445.45705
15618.24194
15687.96776
15532.40248
15410.56381
15260.83046
15279.72023
15370.88382
15659.35992
15680.97599
15768.01497
15553.42085
15528.82879
15363.54199
15382.39081
15460.79010
15612.20340
15532.92333
15708.02906
15474.05861
15412.21615
15289.72690
15180.03191
15506.53836
15577.33315
15459.56830
15490.91676
15583.47305
15458.15297
15421.02684
15441.30035
15565.87530
15412.58365
15524.32272
15595.12359
15577.89191
15427.22295
15463.64450
15351.64684
15372.53947
15478.69517
15508.66408
15548.77242
15432.02284
15276.49953
15379.34032
15493.86923
15637.05907
15466.04958
15444.84968
15533.29615
15672.00368
15395.82709
15430.23680
15376.97564
15517.32905
15588.86865
15608.62088
15568.98366
15749.75760
15603.94291
15695.35764
15658.49711
15514.23060
15472.10315
15993.34214
15811.09117
15825.51008
15573.39547
15522.69446
15530.49608
15649.50622
15572.45335
15552.88565
15543.48358
15559.99311
15572.30363
15400.51178
15653.23493
15624.71282
15510.68943
15600.92752
15709.34989
15472.01390
15654.20093
15676.55125
15588.73034
15645.55629
15824.34929
15690.43388
15520.12984
15424.02349
15363.15182
15583.90234
15490.20113
15556.28565
15606.91348
15545.82459
15329.40310
15196.96431
15372.94712
15345.33710
15532.44650
15616.66813
15656.58006
15691.14617
15779.01735
15630.50298
15521.17186
15314.32050
15385.93948
15436.27091
15369.57634
15469.14241
15492.10434
15446.89637
15479.96446
15515.11491
15660.69157
15715.30168
15498.01234
15572.75120
15663.38366
15550.99859
15657.34785
15777.95124
15716.48919
15609.85071
15592.00397
15735.91017
15817.80562
15713.28277
15311.83715
15695.45954
15540.35526
15559.18170
15633.08623
15579.42347
15605.99651
15540.71037
15407.86084
15669.29061
15694.06693
15528.75527
15737.31524
15870.29257
15747.12448
15680.04174
15551.00618
15451.39297
15665.29818
15736.42127
15569.05814
15265.38796
15479.55360
15547.25657
15700.54491
15607.65276
15589.38593
15524.41825
15262.63050
15441.30692
15384.63562
15200.61293
15484.13619
15399.96685
15429.88677
15651.86817
15469.21095
15595.55078
15523.06121
15729.40852
15693.17595
15614.35363
15368.80097
15307.56955
15603.12381
15496.35989
15610.69917
15477.64473
15449.06717
15749.61390
15549.92505
15368.48230
15496.90117
15429.71148
15510.99240
15733.06862
15609.13810
15585.55891
15537.45447
15621.64823
15518.46770
15512.67372
15641.32817
15514.60809
15738.22835
15510.87353
15455.51832
15644.03605
15565.68673
15590.26588
15398.67552
15614.12304
15457.96739
15326.39438
15496.75142
15580.70045
15511.24110
15512.15548
15491.33549
15635.92993
15730.10222
15570.15319
15758.11161
15601.57004
15315.72658
15218.66739
15286.52504
15332.97222
15411.61571
15372.95674
15527.80630
15693.08305
15638.47922
15406.49620
15569.92914
15379.39785
15352.59819
15612.42038
15529.76674
15534.43139
15434.33733
15395.17108
15542.13444
15616.42890
15710.97869
15549.16599
15677.19520
15545.28664
15589.58568
15514.57559
15637.74822
15839.43538
15755.45579
15533.34810
15552.93935
15630.88931
15555.80758
15865.92805
15735.19414
15723.94131
15522.65028
15581.19405
15394.86963
15540.08760
15333.43477
15339.09259
15615.21074
15662.61694
15685.96578
15527.02887
15456.30373
15601.55325
15613.43424
15519.08073
15394.38118
15320.43218
15393.95110
15449.05850
15517.47387
15422.31221
15409.34059
15343.38032
15280.23470
15298.36459
15557.40772
15505.94182
15547.65293
15656.57539
15657.63147
15574.84060
15400.53278
15399.82688
15558.85075
15402.63457
15413.31536
15485.29544
15600.78860
15614.77973
15332.35160
15570.19299
15564.90901
15542.82214
15614.88320
15682.20563
15598.49593
15738.72217
15783.90936
15608.88351
15360.44643
15421.16987
15548.05499
15500.94973
15498.94148
15383.76182
15159.83143
15411.14385
15586.80169
15647.70275
15466.95501
15514.33429
15631.30996
15626.00385
15574.69207
15668.18944
15597.35624
15628.24474
15725.84745
15610.66811
15644.31413
15789.81314
15747.14117
15555.71109
15606.60463
15568.42281
15497.46945
15588.66809
15451.39600
15461.36639
15552.45179
15582.50043
15686.36641
15595.43282
15464.35961
15425.81580
15587.23475
15432.33487
15456.81784
15131.63282
15291.15414
15289.28801
15489.07671
15691.94545
15514.67213
15628.94940
15719.48179
15982.91876
15704.54812
15408.86768
15533.67465
15591.78903
15707.70829
15607.87002
15502.96796
15578.23142
15513.11161
15296.56785
15691.48087
15591.17156
15553.66207
15643.75945
15643.48253
15588.40091
15561.34497
15511.55537
15619.38646
15544.71530
15471.29874
15435.13910
15292.83631
15556.93907
15764.76429
15531.66273
15453.14856
15398.48593
15386.33027
15539.82566
15535.12174
15494.54991
15612.53808
15739.06249
15637.99077
15591.01764
15551.27079
15470.30023
15454.32960
15410.81450
15373.83217
15454.04585
15655.11443
15340.08056
15312.10132
15683.44468
15741.11686
15482.52032
15631.89516
15601.60906
15578.54770
15511.91870
15605.76725
15605.58289
15444.65014
15314.27874
15235.76943
15232.59698
15425.54565
15504.60606
15313.00739
15324.63743
15529.30478
15435.79757
15760.62472
15636.36564
15570.94006
15449.27578
15467.30448
15577.59367
15585.80737
15637.89666
15644.52212
15596.07742
15532.66484
15640.32485
15479.15536
15366.22484
15320.90064
15453.77925
15421.82580
15438.89765
15388.11926
15910.54085
15479.33537
15511.19479
15233.48086
15631.18697
15676.32751
15694.72609
15561.38364
15582.46999
15583.26655
15543.17509
15635.17373
15590.69222
15674.58834
15481.36495
15600.88887
15579.86022
15705.55595
15541.14396
15683.10852
15772.70737
15530.81541
15644.09726
15563.36118
15609.51061
15649.54688
15712.17202
15538.87039
15700.43814
15509.98926
15675.39335
15767.67580
15854.32421
15778.21278
15385.55181
15514.31283
15722.46089
15732.68937
15824.78732
15700.96096
15517.70858
15810.19761
15603.26147
15446.67895
15638.88876
15482.30323
15626.86584
15548.80537
15572.11706
15596.44697
15587.50958
15575.31599
15768.25214
15737.60776
15682.95344
15626.66426
15493.06822
15327.54238
15743.21443
15569.21426
15669.43917
15688.56180
15511.63498
15538.59200
15401.71469
15814.23080
15706.44128
15595.07077
15699.16340
15625.30689
16020.01074
15676.22406
15524.63918
15559.42202
15309.93958
15704.98437
15560.70703
15547.66375
15734.87525
15641.76096
15350.85578
15676.27608
15727.61031
15609.30932
15664.04583
15473.05660
15571.67172
15724.21318
15545.42715
15494.90169
15502.21517
15206.23983
15329.78868
15590.78813
15816.21243
15594.89901
15512.69214
15653.43318
15837.87320
15665.64756
15694.16317
15610.85996
15426.08533
15428.50389
15548.69797
15418.68542
15505.96679
15449.06056
15442.22263
15713.29023
15696.53763
15584.02908
15461.14664
15642.10204
15734.10632
15725.37850
15765.88836
15839.16296
15528.95508
15541.24826
15517.93246
15700.65804
15790.98426
15850.76626
15627.75606
15622.70475
15472.19391
15445.34749
15316.12330
15350.97075
15344.02531
15597.32996
15543.64060
15589.16821
15600.40814
15631.64075
15606.99507
15796.86645
15768.91954
16041.75560
15864.07721
15747.93892
15672.77141
15697.59511
15806.06284
15721.08452
15683.35563
15460.75138
15430.40434
15490.61723
15693.54488
15418.79516
15381.96252
15447.47190
15408.44177
15416.84295
15439.68815
15312.98302
15701.96343
15703.35774
15647.15682
15552.31338
15658.18692
15661.71269
15573.92586
15519.46527
15587.83373
15895.32867
15809.68762
15530.51292
15355.08438
15429.76009
15606.86583
15417.89775
15310.34899
15475.94093
15394.11925
15546.27348
15646.99752
15681.15054
15609.23520
15596.82963
15633.38854
15621.22908
15762.65137
15423.09902
15322.72797
15434.27699
15581.76003
15359.61194
15187.31658
15280.16556
15629.22657
15682.96082
15672.55388
15752.82401
15721.42806
15348.32828
15323.40658
15651.75483
15787.63019
15517.81078
15422.00757
15486.37600
15777.62943
15536.75496
15433.68553
15470.49736
15637.08506
15471.15509
15398.35773
15571.52898
15447.31035
15417.79989
15528.18361
15576.29240
15539.06515
15681.10378
15507.92372
15504.65661
15410.01669
15424.43636
15541.81470
15484.48826
15227.25096
15467.03745
15710.75691
15537.05518
15645.12093
15742.72117
15686.11451
15444.01241
15567.50466
15463.92919
15529.36610
15453.70793
15698.90557
15366.23150
15452.69408
15476.31026
15494.22346
15457.28884
15571.07876
15668.53325
15741.79411
15526.48959
15362.05620
15286.95375
15362.82700
15393.13847
15390.29294
15430.36596
15539.96816
15588.69634
15444.77424
15389.82196
15572.63478
15451.90308
15446.83446
15365.15381
15429.25194
15514.37723
15743.91342
15734.03825
15816.16126
15966.63804
15873.62477
15734.24238
15572.67807
15572.59002
15347.93774
15275.69986
15359.09502
15185.06363
15284.51382
15395.27807
15220.21282
15394.51649
15540.34860
15437.65906
15519.53821
15723.90179
15532.55955
15494.06971
15680.69748
15570.42242
15709.39356
15560.33582
15495.41341
15457.17477
15583.85292
15559.63275
15485.30361
15482.69287
15532.36703
15557.42735
15441.32432
15518.26586
15484.42388
15553.27199
15167.40601
15236.00229
15231.22212
15633.75178
15559.16359
15739.81327
15826.23478
15475.01257
15571.79656
15631.94154
15549.93015
15519.84773
15424.10140
15460.89820
15607.66345
15708.17261
15462.15602
15610.13707
15558.09631
15701.20696
15668.30586
15716.49032
15548.97958
15434.73901
15661.95760
15775.00477
15595.68571
15789.16696
15679.69551
15655.44747
15587.27331
15546.15476
15521.31837
15488.26165
15599.75792
15453.94116
15820.48653
15752.85645
15734.88909
15525.32780
15683.37239
15466.14991
15605.69770
15566.86234
15802.51030
15686.54206
15634.94360
15550.60437
15853.51988
15595.28472
15502.98253
15478.11160
15313.17160
15307.17337
15700.46920
15964.98563
15738.67603
15900.12032
15876.06868
15662.95176
15483.49604
15630.49810
15615.64967
15498.18138
15477.70678
15504.72793
15434.97525
15466.22557
15397.18916
15565.26733
15606.92789
15640.67014
15592.20030
15561.49757
15515.72446
15576.44883
15432.69733
15479.19554
15459.10237
15854.74182
15315.14999
15386.27231
15461.02669
15459.67825
15492.02624
15665.09181
15562.28889
15525.85091
15584.69578
15613.58454
15525.08949
15494.43230
15581.60163
15698.88978
15682.88718
15480.80498
15289.74387
15301.74790
15359.30472
15410.55357
15567.99116
15474.83085
15333.82354
15289.85163
15502.80782
15530.48054
15629.57426
15706.31547
15617.71658
15541.29969
15563.56321
15550.37568
15578.36475
15780.13179
15826.83567
15902.01038
15664.91072
15612.96726
15671.36908
15326.80070
15294.44366
15557.19023
15606.02654
15504.70414
15483.18130
15626.29403
15782.74445
15697.68098
15488.21804
15309.47011
15175.95811
15514.85146
15591.38472
15570.41742
15583.15004
15573.44339
15659.12593
15466.30178
15543.11806
15503.75321
15625.07374
15692.85212
15605.04153
15675.87314
15571.65335
15399.45176
15557.95043
15617.97502
15835.07135
15489.95343
15313.18990
15422.11942
15570.03811
15502.79645
15436.70277
15576.05171
15498.69415
15552.06928
15729.32017
15951.51756
15990.93906
15662.31247
15639.07654
15320.81242
15622.72782
15525.04728
15627.60626
15665.39210
15907.75469
15819.66724
15779.78249
15597.98941
15668.09515
15911.75722
15507.60927
15378.82292
15667.13852
15588.70781
15390.88389
15543.07717
15445.12688
15654.43556
15820.12119
15534.43687
15606.73117
15555.82354
15535.59813
15457.52536
15616.70258
15581.92789
15276.76384
15432.59519
15460.53261
15712.94257
15531.28920
15597.69602
15465.92219
15471.72506
15623.68636
15656.58358
15579.78070
15678.41872
15671.59384
15742.23043
15669.98605
15677.18582
15759.21891
15814.97053
15502.53020
15544.71357
15734.87342
15660.10849
15678.57961
15536.23438
15682.91676
15488.89341
15732.03159
15558.23102
15463.54349
15467.08577
15511.86720
15710.10719
15595.60435
15653.60169
15855.11626
15720.35097
15578.96698
15557.53994
15758.97589
15888.65928
15770.61057
15681.21238
15598.96639
15615.50215
15381.42208
15544.52434
15421.68153
15457.56723
15693.31639
15814.04287
15828.96511
15646.16583
15702.31710
15654.59550
15650.26371
15687.05030
15627.91752
15714.04624
15510.59402
15597.50529
15637.70385
15737.63413
15652.33684
15676.24959
15546.16651
15649.97135
15421.86566
15305.52720
15582.37492
15622.94592
15643.14798
15475.40748
15497.65297
15518.28294
15612.28748
15385.56190
15610.95524
15456.29327
15735.14164
15790.51673
15829.97633
15610.64827
15593.28217
15622.39331
15667.44695
15642.82860
15778.26090
15810.71400
15706.11374
15759.87669
15635.06434
15448.42496
15430.92354
15402.71815
15680.89696
15606.82183
15561.50530
15583.66607
15597.25759
15541.80545
15763.57669
15696.66910
15959.45145
15814.09770
15716.33683
15598.96800
15504.50199
15432.66116
15491.59886
15648.41897
15598.97311
15453.31965
15506.60962
15483.64483
15355.06648
15393.74275
15392.20204
15258.27594
15276.46720
15517.46371
15680.43808
15429.14027
15382.84043
15630.45658
15536.79090
15478.06480
15301.38029
15433.67735
15620.67400
15750.39244
15721.81752
15488.60006
15549.35262
15424.10172
15641.68910
15716.04796
15843.04132
15751.25802
15490.90158
15532.32455
15634.33770
15432.08164
15358.87044
15191.29242
15415.55931
15418.07911
15419.55772
15531.94806
15439.57392
15359.39464
15709.79733
15519.70835
15454.63945
15782.56934
15666.24226
15635.12801
15559.85400
15459.87028
15493.89630
15586.13822
15479.92869
15219.45225
15463.85286
15677.81234
15452.96425
15644.75114
15714.39037
15737.93252
15737.66502
15652.73665
15623.79209
15551.46728
15611.67017
15525.54315
15537.75264
15558.58960
15342.77378
15435.77629
15657.08183
15580.01319
15671.05534
15535.10832
15409.14878
15686.10041
15584.53873
15560.57908
15317.90917
15605.64660
15460.18509
15457.44528
15396.88000
15431.89664
15395.02427
15522.90481
15566.17876
15509.70130
15603.59285
15541.06994
15460.70160
15504.72725
15565.44477
15548.22569
15621.94425
15510.71157
15468.76730
15813.41833
15748.14122
15551.12545
15590.13051
15528.43220
15827.92703
15587.55379
15547.95156
15553.71581
15567.54682
15706.77352
15502.02440
15475.94154
15659.59875
15681.40406
15471.30957
15477.87514
15463.66244
15620.01234
15768.12404
15827.73291
15668.86134
15678.15309
15601.14151
15422.31678
15555.47152
15638.04992
15703.09677
15606.58718
15180.70655
15344.54178
15565.73405
15684.50104
15709.57199
15690.99086
15683.03410
15601.46230
15740.85577
15472.50002
15630.23180
15749.24506
15551.99099
15543.15519
15495.00441
15488.67182
15735.31693
15790.78655
15701.98152
15524.22683
15596.06271
15508.83233
15469.76421
15715.63050
15730.91274
15718.14977
15597.84313
15499.33422
15643.35705
15657.62239
15782.14840
15664.91304
15527.60969
15547.28193
15531.17563
15541.97983
15626.91068
15592.24347
15687.99210
15530.55153
15717.77684
15570.74786
15819.13317
15698.33659
15711.76161
15638.83149
15590.66454
15676.51786
15653.72012
15645.88862
15740.24561
15683.55414
15547.39227
15491.70979
15458.03753
15648.10172
15699.75778
15710.76053
15592.40648
15646.48982
15646.58669
15585.88425
15335.62046
15405.38067
15378.31079
15544.19396
15561.10525
15398.83480
15528.75775
15645.19934
15794.96016
15820.32928
15497.20036
15461.85765
15553.83728
15624.24801
15700.50429
15571.75715
15450.86271
15607.71749
15469.25207
15520.58882
15636.09653
15463.16461
15565.70423
15718.26481
15779.20205
15918.96622
15705.86808
15474.71576
15722.78818
15738.13116
15618.24132
15377.19436
15297.25499
15519.46810
15684.62604
15466.81696
15614.52917
15620.19272
15752.05142
15675.37069
15658.92334
15657.90400
15887.66522
15669.28224
15374.85123
15490.08255
15600.43153
15345.36475
15546.23621
15592.68301
15655.93153
15833.81327
15760.85838
15780.28789
15759.50245
15694.66256
15756.65166
15552.02958
15584.77909
15640.09470
15683.11905
15514.63081
15494.58296
15519.46538
15752.48915
15673.32261
15721.26122
15575.71327
15586.61748
15601.08350
15502.28474
15472.31661
15709.65173
15835.61443
15588.23379
15570.32685
15465.75668
15414.88359
15346.80498
15830.78639
15667.13604
15556.95854
15770.58050
15596.56432
15619.92962
15610.59293
15673.55511
15529.72065
15492.56976
15575.31147
15600.02355
15452.21696
15375.39160
15329.07987
15315.44623
15363.66464
15579.39075
15577.29119
15793.93791
15534.68178
15310.28702
15346.67901
15450.88885
15375.15406
15610.74438
15791.05697
15718.28278
15733.59492
15644.25370
15681.34922
15679.95634
15493.22180
15693.24276
15447.62095
15598.93428
15464.86375
15428.54124
15525.07071
15576.29825
15551.24769
15674.34673
15597.83119
15745.93724
15717.09041
15615.82409
15514.10681
15563.94878
15490.49529
15630.07750
15475.84649
15659.07952
15626.67223
15529.59139
15393.50087
15568.32341
15668.99697
15567.41398
15698.06656
15775.44962
15665.00388
15715.10744
15695.35263
15773.75713
15652.74580
15585.67093
15491.48072
15500.90313
15435.66890
15499.10702
15538.34182
15525.61754
15610.00498
15643.87251
15538.86222
15825.66047
15472.28694
15409.56725
15397.36551
15518.74151
15612.09152
15433.42514
15533.17823
15642.17964
15455.98663
15350.44174
15656.02541
15672.93217
15612.94023
15557.22036
15575.56750
15533.46154
15568.11104
15554.01547
15521.52615
15501.34314
15470.06929
15400.37125
15705.44825
15369.73562
15603.45514
15490.14538
15502.32108
15570.03980
15638.18794
15560.81011
15677.52631
15557.63888
15606.57775
15827.11418
15740.09942
15517.63376
15424.28598
15428.62434
15510.87943
15498.27458
15427.37132
15325.30659
15431.20109
15679.15254
15528.96640
15486.44012
15434.30122
15767.14721
15726.81169
15819.69200
15814.23602
15767.88815
15668.96453
15821.89254
15692.36968
15824.67945
15545.00892
15550.03187
15770.30825
15741.17893
15665.01626
15419.45344
15475.65532
15406.41318
15541.04551
15707.23534
15813.57522
15514.23375
15589.84475
15604.34043
15727.68852
15456.87128
15552.34363
15592.97314
15370.96036
15641.18573
15693.32708
15598.63834
15519.74595
15789.99749
15717.56139
15621.93990
15583.42698
15537.01233
15547.46209
15716.42249
15602.77176
15630.56042
15613.79376
15599.68952
15511.50354
15556.29218
15351.75817
15311.13175
15483.03764
15291.27132
15540.25391
15544.57300
15358.87876
15457.20040
15466.93214
15662.38107
15573.27891
15549.01460
15416.01874
15374.62558
15438.26149
15455.21430
15607.99439
15613.98555
15718.75099
15499.22864
15545.37265
15353.61588
15411.04873
15305.46753
15510.37110
15794.93414
15726.62767
15495.72546
15434.96709
15380.87665
15511.80261
15742.47577
15756.91953
15662.84078
15704.44718
15691.46011
15516.35933
15505.90081
15557.21275
15574.19398
15605.80327
15729.81827
15648.59751
15611.10192
15543.96598
15517.85016
15603.64016
15475.83453
15534.20067
15544.38736
15471.70954
15654.88857
15703.95605
15594.35621
15505.18223
15845.09554
15846.04734
15380.14675
15487.72761
15635.38643
15639.49718
15726.29305
15463.39045
15395.99559
15499.63979
15667.27697
15551.92730
15574.48059
15657.69645
15658.74967
15588.64905
15535.91077
15417.03069
15418.93867
15427.64913
15276.08700
15496.48778
15595.92112
15353.86440
15458.51703
15683.55966
15533.88767
15603.71525
15469.36820
15462.79135
15287.46886
15475.70893
15315.77585
15592.93157
15606.87642
15715.31344
15818.93173
15766.24308
15454.26294
15553.60137
15508.03256
15551.19267
15764.27629
15549.14232
15563.26520
15545.08199
15370.60810
15415.33351
15630.34288
15699.96030
15601.22306
15740.26340
15434.42801
15802.31189
15872.41480
15766.54930
15405.67096
15467.46025
15584.76915
15577.22198
15509.93215
15409.97050
15500.15708
15470.82012
15585.04906
15401.72259
15666.49729
15348.14779
15621.62346
15472.91122
15377.67855
15610.13350
15456.24165
15471.56036
15619.11890
15520.21717
15589.85730
15702.81204
15740.34317
15579.61084
15762.58141
15514.72582
15697.65911
15615.70648
15533.59422
15499.62436
15791.17908
15738.67190
15603.53767
15355.52344
15461.98786
15570.23342
15534.97754
15553.42873
15590.48916
15592.12184
15559.93341
15483.85991
15661.32881
15881.27829
15980.61862
15735.77573
15560.19293
15494.29133
15598.19993
15662.83141
15880.88020
15878.98383
15663.01106
15449.34778
15410.16309
15445.73899
15507.21310
15486.33099
15457.48369
15457.30683
15665.72860
15436.61888
15692.37872
15791.10141
15745.99847
15568.74634
15594.99176
15453.96649
15254.52874
15268.21264
15484.41703
15512.44993
15417.90359
15435.23210
15569.05913
15609.09949
15566.62361
15667.45571
15774.66798
15641.19795
15386.31799
15460.21023
15423.12349
15547.84119
15404.18021
15313.88302
15505.21619
15697.18478
15721.92695
15574.51194
15421.66596
15602.09971
15755.44268
15817.68101
15672.50195
15639.57450
15698.84866
15824.14499
15806.14227
15752.87080
15684.28225
15515.67408
15422.68121
15489.94984
15439.15030
15484.93522
15509.34222
15424.56946
15377.83108
15559.56247
15407.23795
15430.77526
15433.56142
15292.64635
15445.81883
15566.68099
15488.82430
15549.56051
15461.03715
15508.93957
15373.33556
15410.78654
15398.23154
15449.12471
15555.04237
15651.54407
15582.85218
15706.52482
15684.41985
15762.49341
15626.63313
15484.46489
15380.10545
15590.86011
15715.41026
15664.01749
15446.91422
15648.44650
15597.73274
15738.03826
15598.80485
15449.59716
15370.92409
15482.41466
15736.21526
15562.52888
15775.06226
15695.28670
15370.44529
15363.86501
15293.30136
15419.44736
15432.42485
15595.92499
15497.61680
15648.37265
15454.21818
15424.66688
15321.20448
15470.35709
15664.49202
15682.25168
15706.42289
15698.94603
15730.87573
15592.99182
15753.55866
15907.58651
15642.37715
15790.98391
15398.76485
15381.21991
15427.20963
15498.79463
15715.08667
15530.78979
15521.82300
15700.82709
15797.29083
15674.52782
15677.05676
15393.23730
15583.20045
15647.47778
15498.88427
15268.69087
15329.10851
15399.09368
15515.65430
15689.38128
15449.54436
15561.31935
15639.38439
15465.96814
15449.58770
15725.24361
15889.35729
15843.65187
15714.77467
15647.50993
15584.81173
15682.01505
15605.02810
15667.38826
15517.12617
15392.02661
15408.69449
15328.15888
15331.35766
15366.50965
15417.58285
15529.44296
15396.86231
15452.26092
15596.01595
15640.87987
15649.13702
15467.06191
15511.33740
15578.77642
15598.69101
15857.58192
15787.26686
15677.10421
15660.03708
15526.43237
15596.06935
15755.60302
15690.08779
15766.75728
15587.53801
15645.93250
15705.77326
15632.62128
15689.96210
15703.04626
15870.25606
15833.00414
15873.98591
15743.10056
15523.71669
15558.77490
15765.51360
15639.96869
15650.58389
15778.82865
15839.65756
15837.78030
15274.82207
15322.69445
15457.82102
15821.42232
15542.26872
15413.76685
15354.18745
15437.42711
15390.11438
15426.37312
15432.41218
15475.43772
15369.26662
15455.28149
15503.69713
15533.38400
15510.87948
15646.08177
15688.61455
15392.05735
15635.98301
15505.32072
15493.70628
15317.81827
15485.60686
15461.07154
15405.24634
15467.23022
15518.80225
15462.31945
15686.60565
15538.64196
15609.50298
15558.93115
15466.36686
15577.55407
15475.97984
15608.67434
15751.36110
15608.46255
15608.86246
15520.12002
15641.53585
15643.97888
15907.40057
15568.68089
15558.15342
15583.92535
15564.35530
15640.60570
15434.38594
15244.53861
15235.29694
15658.13807
15882.86125
15765.82438
15627.89995
15782.23699
15773.93019
15582.20892
15857.13545
15613.17539
15330.14271
15375.87007
15454.57318
15495.48853
15369.76869
15633.82598
15672.45906
15605.97126
15565.70217
15658.58797
15608.99979
15507.42117
15524.91184
15833.79152
15580.34494
15502.37920
15463.20246
15486.93122
15951.84519
15775.28455
15674.77225
15633.21801
15733.79931
15596.26836
15521.22887
15530.40931
15528.76160
15607.29647
15363.68315
15648.61644
15733.32368
15760.88527
15785.61461
15494.19299
15456.44409
15390.84104
15487.65330
15536.70464
15639.55135
15697.87777
15440.53380
15596.27221
15427.58410
15575.26440
15763.35944
15818.63798
15599.38349
15452.80735
15559.53819
15629.67028
15535.18481
15637.52620
15625.77994
15585.81872
15716.47095
15382.55451
15535.36628
15823.01749
15630.28496
15546.73901
15616.95651
15666.39058
15586.14582
15535.42057
15662.02298
15490.82528
15566.57035
15669.49832
15598.64919
15610.06852
15631.50451
15388.11185
15303.97245
15481.89178
15359.07646
15464.65326
15608.04837
15621.02459
15476.96746
15641.38013
15635.76989
15515.91067
15600.89405
15726.26171
15694.69989
15919.05887
15870.99752
15859.45677
15737.48261
15703.42374
15670.51121
15693.47330
15822.01308
15689.12538
15618.91858
15708.50650
15669.49774
15470.28767
15475.12351
15423.67338
15510.93645
15638.60267
15565.25250
15811.07302
15735.55737
15660.68982
15766.74500
15764.50601
15599.92455
15593.29593
15665.53575
15629.52517
15423.86983
15594.90053
15687.27595
15437.55721
15507.51319
15702.98286
15510.44281
15403.93968
15324.43791
15559.58231
15487.44795
15458.70344
15718.43819
15544.57962
15395.62702
15426.83469
15382.75170
15443.93821
15778.78118
15691.65126
15473.59387
15261.05355
15476.67317
15500.84713
15788.89482
15844.79775
15704.24817
15792.81077
15577.78433
15652.01970
15691.59254
15736.02502
15651.45353
15590.94938
15506.68470
15454.14602
15415.58353
15414.76236
15361.08788
15595.86009
15603.07636
15765.36470
15500.74463
15778.92411
15438.19282
15482.58180
15562.23538
15786.40341
15763.01077
15541.37831
15581.62216
15661.17234
15591.44617
15610.56225
15534.65050
15685.87271
15551.66313
15626.67219
15477.87424
15584.78010
15633.24513
15665.45260
15591.28520
15593.26475
15806.90282
15623.70608
15559.89341
15744.36675
15795.79336
15557.61848
15696.27539
15713.70845
15527.22667
15512.95802
15327.94741
15332.05374
15477.63319
15621.69396
15663.78836
15455.24626
15407.43225
15482.54916
15592.13655
15594.51607
15496.21210
15569.44223
15658.54459
15630.84654
15657.47766
15639.13533
15678.10264
15784.62990
16010.21333
15904.23398
15654.73202
15663.51791
15524.48895
15386.31020
15372.46912
15617.01126
15380.38104
15444.32529
15619.38733
15657.12981
15490.30540
15527.04639
15366.22846
15424.39480
15605.55815
15519.21738
15505.56194
15593.82706
15744.01130
15793.72778
15517.88750
15403.24586
15518.07053
15528.80570
15497.28494
15307.76204
15291.20585
15637.75614
15693.80925
15694.87350
15638.65178
15755.97714
15544.06914
15560.53956
15628.11629
15437.14044
15261.79422
15443.55307
15577.22084
15579.56824
15736.44357
15720.47894
15601.45554
15617.97188
15656.43327
15649.84741
15550.65409
15573.59153
15553.25924
15390.55684
15518.08804
15684.42361
15687.18874
15459.26381
15409.01444
15565.06276
15567.35418
15641.05737
15849.12382
15883.34328
15704.94853
15750.28181
15929.48560
15832.46078
15637.10902
15569.61449
15630.60863
15689.36766
15631.08857
15425.58522
15472.34910
15490.68030
15434.22682
15405.05138
15527.78173
15743.01969
15744.33087
15846.55134
15627.88145
15663.16706
15506.64135
15469.96624
15573.23019
15425.49636
15425.36445
15359.95819
15600.82726
15629.61602
15411.72316
15499.80685
15708.97512
15839.79519
15607.01631
15633.08137
15514.61031
15683.02938
15793.86156
15678.31217
15716.98252
15556.41601
15289.50414
15474.12688
15480.59158
15660.64450
15634.80123
15753.39088
15592.91231
15482.80210
15402.81049
15464.75942
15415.95642
15507.07442
15542.33475
15596.83518
15589.30275
15643.38808
15446.76117
15362.96286
15698.06149
15731.44472
15805.46745
15625.57063
15738.88680
15480.35138
15648.36464
15729.99787
15792.48548
15742.75066
15802.31101
15409.39724
15438.80002
15683.42158
15612.27132
15677.00603
15540.16393
15438.24970
15677.58014
15581.79680
15600.07295
15794.87076
15606.29467
15399.09837
15438.15392
15649.75321
15679.05772
15593.95679
15349.70082
15502.22314
15477.61012
15686.84892
15597.05602
15633.69427
15694.83865
15508.19419
15646.83632
15536.01224
15460.94673
15649.94171
15843.04356
15803.44756
15633.32818
15695.08007
15502.86044
15368.36357
15599.89642
15521.10710
15445.96577
15749.55370
15836.06883
15794.51617
15512.41938
15681.83439
15449.02370
15465.17533
15500.89773
15442.45096
15585.62096
15523.22265
15517.73763
15602.58648
15602.69317
15532.10658
15507.21004
15579.23980
15545.91012
15687.65542
15472.50754
15445.72191
15585.87587
15566.65085
15549.93569
15713.90669
15489.20536
15614.57296
15671.38677
15766.83871
15700.60177
15642.36954
15577.34241
15593.43192
15602.12681
15632.95566
15602.88239
15519.70368
15581.62716
15523.79482
15511.52754
15540.18228
15579.66835
15559.89906
15478.64219
15605.76685
15530.20989
15692.02728
15538.95558
15573.99018
15624.81435
15613.64637
15331.06469
15163.90581
15295.53389
15330.72644
15563.55372
15797.92315
15822.56765
15674.97536
15651.61958
15574.53472
15490.87962
15423.27681
15580.08644
15551.49190
15681.46086
15545.08676
15315.56318
15496.49453
15629.31908
15680.46366
15574.17208
15659.36177
15529.11190
15662.59049
15757.36759
15588.02274
15412.04610
15629.80158
15491.34059
15469.96037
15386.75440
15577.31791
15398.04534
15273.44863
15476.20180
15557.18996
15286.56363
15651.12891
15799.47832
15615.71445
15456.03321
15581.82284
15755.35194
15471.75877
15527.86672
15389.99303
15505.91516
15476.88768
15444.42574
15598.85900
15638.33058
15687.69786
15623.75776
15650.27704
15434.49376
15359.69265
15504.82618
15246.67539
15472.27824
15358.56387
15380.84922
15378.66680
15590.42290
15553.73474
15554.89259
15661.23916
15770.16980
15589.72276
15552.79941
15565.85374
15568.59809
15509.31751
15522.14372
15299.63210
15455.70021
15508.46178
15429.42677
15465.38139
15818.54960
15863.64020
15796.85444
15683.48154
15464.20723
15601.01617
15535.75389
15451.43867
15501.51732
15599.22938
15484.90795
15342.42393
15173.92155
15309.89735
15388.03759
15632.80248
15368.69002
15199.00182
15129.05230
15412.84734
15404.93460
15605.05121
15670.54052
15610.73753
15428.57199
15574.88890
15704.83083
15836.44403
15714.02404
15606.88237
15452.47488
15522.52268
15578.62084
15628.74598
15635.50794
15514.34399
15571.65283
15428.21559
15765.57932
15667.23120
15571.28842
15501.40397
15559.75732
15641.42151
15562.54254
15446.87979
15337.39678
15517.46411
15640.28296
15688.86496
15833.87682
15702.37549
15716.43045
15568.42214
15520.73669
15455.85076
15668.12994
15621.68788
15461.96570
15567.63915
15626.45877
15705.82385
15786.07858
15812.14740
15796.80615
15846.26560
15648.75181
15665.97587
15462.18151
15405.49768
15523.56976
15546.14867
15717.29417
15389.17610
15328.81627
15472.36410
15480.34550
15432.61247
15467.84241
15826.43596
15559.51187
15297.56422
15525.71076
15565.70277
15490.41063
15448.04106
15455.73306
15536.88023
15467.58145
15339.53021
15526.81442
15454.66702
15532.39614
15478.74403
15599.68187
15611.88465
15499.73065
15674.65353
15378.86672
15453.63310
15567.68201
15888.72388
15726.24881
15942.21486
15766.01367
15759.45043
15825.73807
15599.58136
15494.50336
15611.06258
15485.11846
15358.90774
15469.47796
15668.47624
15694.87158
15703.70413
15750.19012
15680.53919
15642.07547
15587.75620
15585.97022
15644.34756
15843.41725
15622.92701
15838.76860
15692.05574
15536.68434
15543.30127
15880.13050
15583.26642
15525.81255
15491.56247
15390.64205
15689.76276
15693.44342
15771.50936
15675.04582
15550.48217
15771.08167
15482.43312
15337.41194
15423.66967
15467.90563
15546.35851
15485.66439
15521.44498
15777.65874
16001.75239
15706.48187
15475.20669
15353.49068
15729.51847
15764.97312
15621.93472
15643.58315
15658.11152
15734.00179
15703.62445
15530.45886
15469.97805
15534.83238
15631.01353
15563.81223
15644.87742
15801.52885
15607.04113
15486.07296
15704.23631
15565.37772
15545.23992
15460.60197
15681.13467
15656.85621
15850.61010
15908.23840
15666.65512
15427.67220
15489.29363
15508.17486
15324.34661
15564.71279
15821.14873
15568.85181
15543.82651
15564.16124
15583.31412
15564.41841
15731.85674
15656.66708
15571.00524
15666.00170
15676.11024
15612.77861
15672.57814
15415.83449
15498.55726
15723.41436
15756.75612
15688.28130
15640.14587
15617.97084
15658.54585
15812.07028
15955.74938
15767.12015
15637.75995
15673.08659
15566.67563
15734.71585
15667.56961
15630.02106
15346.43766
15490.59500
15443.83610
15739.76628
15773.27524
15606.70061
15446.78170
15792.40377
15577.38618
15638.74045
15708.51621
15554.31866
15682.19635
15684.68811
15529.31435
15598.84161
15630.32984
15628.60654
15733.72438
15932.47992
15719.05932
15586.69355
15523.71799
15622.61078
15844.06442
15527.58973
15308.65581
15346.83837
15540.67279
15464.98645
15445.31436
15387.40281
15405.53311
15664.49477
15745.66999
15906.55660
15710.46205
15772.90731
15771.78206
15578.24701
15553.62471
15660.95227
15719.46968
15725.58507
15644.76956
15518.91076
15453.32941
15497.94544
15868.43064
15672.43168
15858.07867
15732.33275
15629.18686
15373.25403
15438.07327
15418.62603
15551.41638
15412.16607
15571.30850
15479.03349
15602.87990
15600.87852
15668.75975
15682.03031
15660.50204
15681.69633
15618.20356
15717.97922
15617.18018
15399.27823
15444.54632
15557.00804
15410.50923
15433.89695
15480.89360
15653.12355
15662.07003
15563.40213
15669.54226
15542.01208
15461.40402
15536.22554
15544.44744
15684.11285
15474.12861
15650.52439
15848.80834
15724.24558
15645.22420
15507.23461
15807.10552
15782.44766
15735.30452
15867.50694
15831.77850
15547.92682
15392.00998
15525.11664
15707.31043
15486.75874
15541.67101
15990.00526
15776.54358
15829.07348
15788.59015
15836.93020
15581.49485
15645.80343
15547.08330
15571.65527
15480.39439
15411.46494
15409.02817
15505.15406
15559.66227
15512.19910
15487.90977
15493.21111
15293.45026
15309.10482
15553.50098
15368.68209
15082.91305
15325.38902
15325.96961
15493.64689
15792.89474
16010.67259
15775.63278
15831.21672
15885.74190
15896.78188
15720.05565
15657.96761
15562.43822
15523.13101
15559.19360
15620.17549
15718.59788
15667.20478
15687.90294
15636.70495
15495.79045
15560.27504
15712.43101
15699.41224
15531.10981
15510.38182
15616.53697
15598.29147
15380.44782
15267.11272
15441.61068
15615.54843
15776.81324
15770.13640
15442.60370
15408.82483
15417.86274
15499.94368
15676.77348
15789.08148
15422.26642
15423.43401
15438.37685
15289.57646
15298.34453
15548.86416
15492.00838
15566.86863
15675.68513
15654.21182
15498.32717
15509.78647
15540.56058
15449.60334
15352.55238
15345.86161
15274.70428
15467.64696
15563.94703
15690.82412
15691.79284
15717.63598
15642.78166
15610.93507
15637.47574
15464.12250
15599.30565
15505.71889
15338.40124
15598.26343
15622.29806
15491.66376
15518.30397
15551.68321
15466.04882
15374.06782
15500.30860
15557.95093
15700.55712
15742.27354
15505.87801
15583.29964
15599.28357
15561.87859
15831.08179
15672.51709
15584.13522
15752.58664
15717.87509
15705.71252
15562.54342
15683.33826
15776.40597
15731.01427
15884.05397
15653.08208
15516.71103
15342.53652
15392.22071
15573.58964
15594.56491
15686.98325
15697.22964
15763.54240
15555.31077
15713.99264
15645.56663
15710.99840
15705.34408
15499.89017
15472.26372
15428.35808
15489.11067
15513.47135
15591.90649
15557.19684
15638.53247
15655.96762
15541.20836
15469.62314
15644.50866
15632.08637
15492.66176
15504.60894
15590.34811
15547.74388
15441.16093
15427.29250
15547.60502
15429.75281
15598.05357
15647.25990
15553.64404
15593.58825
15596.60993
15476.86537
15311.58679
15419.71867
15812.34587
15681.35406
15531.42710
15729.35825
15806.73880
15769.79440
15743.30961
15705.09146
15476.05970
15558.37375
15665.75928
15649.21777
15499.50181
15467.58087
15606.44817
15489.29103
15462.98214
15334.84608
15598.55813
15694.54117
15721.98270
15533.27418
15487.26717
15527.43601
15347.80630
15342.73534
15352.58845
15480.89812
15700.26829
15816.20545
15778.85086
15923.53543
15795.43157
15767.82921
15439.38764
15612.28987
15715.86968
15725.69479
15618.94578
15381.05298
15413.86867
15623.98642
15646.69533
15414.91299
15502.27050
15505.82919
15792.57092
15678.10085
15448.12114
15544.44399
15668.57041
15891.20527
15784.71518
15721.79464
15445.01411
15509.49930
15634.41702
15558.02891
15578.33020
15507.26852
15803.46931
15743.18928
15818.09676
15608.64651
15726.48647
15546.38919
15495.08540
15609.35882
15534.22246
15494.85211
15716.77381
15765.91373
15547.25152
15563.90265
15298.42607
15342.90549
15554.41966
15659.77094
15541.92852
15333.98554
15280.38997
15475.50259
15475.04881
15645.14987
15362.39343
15418.09498
15539.60796
15717.22412
15638.68337
15618.61658
15707.61305
15851.03584
15581.55833
15530.55623
15594.32789
15753.55394
15728.98548
15837.46807
15778.93814
15519.37791
15401.40357
15552.46313
15451.20631
15403.49689
15327.42186
15368.87841
15556.51601
15973.76012
15615.39729
15625.66405
15539.59290
15680.58622
15820.36610
15704.85444
15694.82434
15524.73164
15575.67639
15596.92978
15806.45484
15610.45006
15445.99036
15620.77106
15506.04623
15618.34273
15408.24046
15595.08504
15553.04098
15711.97186
15532.35883
15522.41746
15531.75698
15518.19215
15608.62375
15499.01133
15615.12037
15833.00360
15708.63303
15789.05815
15544.67305
15494.15967
15609.25400
15721.44702
15859.46321
15766.74854
15618.89913
15683.72996
15363.77508
15352.42097
15540.49386
15522.31867
15679.87853
15589.28216
15680.07042
15479.89502
15372.29043
15257.73038
15315.04105
15604.19452
15577.06689
15690.78398
15570.28367
15476.57450
15353.43485
15531.06699
15680.35308
15508.75566
15551.96901
15550.74010
15677.15890
15709.78165
15533.81317
15447.90899
15234.80244
15591.25749
15354.72795
15642.64454
15487.18764
15472.41528
15391.10162
15630.96909
15653.35145
15482.73594
15642.81972
15780.39634
15552.61417
15561.90885
15490.21975
15481.42020
15585.77330
15512.00794
15528.89145
15543.37086
15656.16847
15661.02223
15535.80240
15533.85661
15659.05607
15644.06518
15652.24971
15349.90022
15716.60903
15641.30768
15400.34326
15530.50225
15417.67641
15440.13575
15760.70070
15643.27699
15598.19137
15397.89695
15321.85008
15376.02954
15490.22223
15579.86072
15533.67439
15424.89127
15395.84542
15463.65256
15512.83310
15381.50776
15516.23025
15455.40551
15813.71963
15702.09750
15524.86503
15338.30496
15447.66535
15252.97195
15491.76215
15356.93517
15677.96329
15552.53589
15488.12752
15587.29494
15438.57825
15551.42060
15610.45899
15558.73590
15586.27655
15389.79433
15573.58335
15658.63927
15607.53994
15649.79234
15665.14923
15745.59518
15621.32851
15380.22460
15365.97740
15456.92249
15293.53037
15663.69047
15546.51297
15310.94516
15326.26183
15267.10314
15598.31907
15724.47074
15679.69657
15683.49462
15662.00909
15822.80958
15629.23873
15532.81881
15436.00069
15846.31388
15830.91715
15556.96068
15527.87263
15630.83012
15465.24272
15578.49063
15612.57842
15452.70611
15331.61725
15562.50772
15808.34825
15739.14532
15605.93618
15501.16655
15578.19281
15558.16669
15409.31216
15556.22280
15756.34201
15716.00060
15824.86972
15744.45683
15647.42610
15974.03545
15777.15182
15552.33901
15621.33926
15647.14466
15650.66925
15777.34863
15648.83352
15580.45173
15760.86739
15549.89610
15593.58762
15624.42588
15576.75295
15472.04647
15357.88482
15234.92354
15412.63893
15451.73895
15451.80834
15583.91168
15564.96757
15700.04601
15682.92308
15709.34716
15675.23639
15634.54530
15503.28323
15502.83037
15316.18541
15168.92182
15416.30610
15298.20619
15611.70894
15492.22366
15601.77431
15368.81290
15459.55159
15511.14961
15616.21457
15313.82645
15304.99609
15618.28107
15651.57439
15749.15135
15506.31944
15485.05637
15631.75234
15550.60720
15465.12937
15659.12788
15552.32308
15707.94596
15644.42505
15367.69109
15390.17963
15512.29119
15486.98467
15839.16472
15633.70608
15505.26534
15410.57303
15741.09683
15548.22700
15927.45377
15614.69610
15570.93580
15333.02054
15292.82269
15775.92839
15825.51938
15610.77469
15625.08931
15445.48483
15617.20820
15666.05514
15556.33405
15604.92006
15596.09531
15623.72065
15409.93196
15398.90572
15437.26658
15477.35202
15609.87786
15488.92784
15639.44848
15811.58182
15637.01001
15619.38789
15584.85552
15810.38903
