15280.06452
15287.42217
15360.05761
15380.68065
15408.59946
15395.32479
15412.75375
15294.93171
15239.55033
15310.86670
15168.23091
15259.23286
15153.73170
15130.79599
15199.22007
15413.96981
15400.76234
15337.22576
15330.64099
15368.65091
15377.02149
15430.79856
15375.24599
15224.91299
15349.26702
15243.31196
15328.63980
15323.87665
15351.47784
15414.70765
15342.98062
15355.32150
15334.62154
15328.07173
15345.84168
15238.15142
15306.55429
15198.85003
15136.39255
14977.32815
15121.69768
15176.70618
15146.20912
15225.96276
15204.30976
15213.26934
15092.68341
15099.44998
15050.76521
15135.79109
15064.68050
15041.52447
15059.62526
15057.74520
14990.60676
15083.89392
15143.98542
15069.60195
15242.14923
15312.72664
15357.68826
15278.92014
15364.89533
15384.96452
15189.28290
15234.68579
15174.76558
15241.22947
15305.96725
15284.00952
15315.88987
15281.20330
15243.31309
15128.36196
15005.17477
14892.07180
14875.23113
14941.89315
14927.08696
14865.40722
14797.57487
14927.26926
14882.35407
14875.96555
14978.12351
15027.81671
15076.66366
14916.23693
15065.05909
15027.71199
14962.84574
15055.42268
15095.96856
15185.68006
15099.28780
15112.43706
15115.82420
15016.77939
15150.07689
15195.30478
15372.90309
15274.64963
15194.63049
15335.35000
15366.98268
15375.88331
15174.42818
15282.83116
15217.37568
15390.57033
15381.82628
15483.69265
15425.44357
15465.67531
15499.88328
15717.02202
15689.01074
15548.23358
15354.77622
15359.58835
15310.26453
15361.98278
15477.19609
15526.89940
15451.62333
15505.56954
15595.20732
15555.96669
15537.36687
15556.64677
15556.16089
15522.98492
15486.16331
15420.10653
15327.83537
15164.67003
15097.07663
15224.28056
15190.43573
15347.49841
15380.61446
15277.23175
15415.16523
15432.28990
15488.42249
15494.81327
15442.62396
15358.78467
15374.62337
15569.35827
15452.85848
15298.55118
15342.41571
15209.49500
15219.40919
15325.55465
15443.50346
15159.41848
15115.55349
15058.92566
15155.72220
15253.66839
15269.03514
15239.14512
15397.97594
15398.03666
15313.11213
15378.22027
15406.87449
15356.30051
15329.91266
15454.37770
15304.12655
15332.86697
15470.12151
15413.29689
15278.41211
15287.14757
15394.82084
15371.18273
15365.37414
15351.51316
15403.70004
15532.68053
15491.53685
15339.16515
15482.30471
15546.00068
15618.39073
15521.63760
15480.16110
15406.71198
15288.20212
15375.98267
15344.56898
15421.93650
15297.62089
15205.25952
15408.79300
15218.97603
15180.05479
15402.93546
15528.08889
15513.16967
15568.47717
15501.59017
15547.30607
15545.36164
15534.15820
15497.60764
15591.69663
15629.47270
15547.49987
15579.04347
15585.70762
15473.94885
15424.13247
15537.02120
15405.74412
15543.93610
15407.66911
15398.42724
15415.13240
15513.29438
15494.11259
15629.50997
15588.82858
15630.28689
15623.25861
15490.08205
15534.11644
15668.06542
15661.51039
15658.69373
15617.95798
15342.98687
15309.42509
15433.45589
15497.00321
15461.68016
15686.89247
15564.67629
15573.83691
15590.10157
15505.81360
15595.04066
15736.10744
15797.55682
15557.92607
15538.82205
15484.67840
15504.62879
15488.26748
15590.72689
15582.29610
15484.19948
15281.75505
15426.38983
15247.40020
15319.40521
15375.13238
15349.35667
15225.40384
15381.80433
15222.57133
15354.68988
15359.71846
15423.76041
15344.50525
15509.88053
15318.89229
15318.16444
15300.63290
15419.26378
15350.33527
15204.41054
15258.42530
15121.13127
15138.82665
15194.20821
15274.86772
15213.61436
15229.12401
15291.04403
15374.30316
15314.80955
15336.73750
15266.88446
15247.43832
15270.24512
15388.66448
15442.61891
15416.85365
15496.32834
15458.68009
15421.75295
15524.47031
15432.93991
15481.59476
15433.35929
15463.33856
15463.83863
15372.48263
15474.15417
15530.63423
15476.68250
15445.80792
15349.61408
15431.14547
15445.82776
15624.85519
15439.74317
15367.63356
15485.96666
15511.49464
15347.94819
15359.62763
15480.74645
15456.10060
15424.36141
15392.58656
15411.83170
15307.72790
15332.61743
15332.29522
15296.51083
15456.09537
15613.89326
15546.57178
15698.15884
15730.36289
15569.90457
15533.75605
15355.87736
15484.72033
15583.99016
15599.64576
15429.89975
15633.02208
15497.04350
15618.26455
15494.99084
15540.55339
15450.62885
15327.83047
15333.37875
15234.64140
15254.98094
15237.66046
15218.82754
15203.23358
15299.56683
15290.37001
15346.43753
15359.03549
15298.95606
15276.30174
15447.00677
15408.01414
15356.34133
15185.24595
15175.63058
15254.64365
15325.69682
15260.74766
15435.03318
15402.98526
15325.39561
15443.14053
15557.84057
15608.21843
15615.00115
15542.66533
15448.78185
15490.98447
15618.96482
15518.32521
15493.80242
15492.51055
15437.06962
15398.46904
15290.05343
15403.87844
15461.97536
15581.26331
15756.60385
15606.65333
15571.10216
15468.41819
15533.36943
15655.23224
15592.61870
15618.78945
15485.94129
15418.53768
15524.12055
15456.83550
15401.25106
15467.11797
15386.79886
15373.56080
15253.36355
15255.56883
15409.55889
15371.90774
15452.23319
15352.97911
15433.29750
15299.02524
15477.10175
15464.73313
15546.03438
15505.81463
15323.32258
15368.82414
15457.42108
15468.88665
15447.17980
15511.92248
15550.75540
15582.58461
15649.88051
15671.04178
15575.83027
15565.19388
15570.32454
15412.92274
15407.87809
15441.91160
15414.20873
15447.93501
15331.65857
15391.40434
15471.96377
15497.24443
15409.85417
15326.36574
15288.27497
15314.41139
15402.63505
15341.35769
15418.08154
15340.49507
15252.86641
15473.25308
15431.73599
15389.82607
15373.20709
15440.41429
15459.94876
15378.74124
15529.81833
15552.69083
15448.25151
15369.65839
15431.08233
15587.79234
15633.87112
15524.52035
15572.98360
15488.30688
15530.22327
15703.31235
15625.75613
15632.03372
15483.22430
15483.31933
15423.80398
15467.03798
15486.95707
15411.19892
15394.29960
15418.28427
15418.16881
15577.53606
15547.41655
15534.03141
15523.74180
15366.63021
15451.24450
15482.37722
15598.20644
15581.22557
15605.33169
15620.87166
15538.12937
15536.13750
15506.57859
15356.50431
15375.22723
15379.06827
15138.22352
15243.70145
15218.88476
15276.02041
15232.70008
15183.08681
15298.21354
15338.97560
15351.90784
15500.93985
15457.65967
15403.44464
15356.45625
15458.03752
15464.11936
15478.75244
15498.86177
15453.50128
15532.31878
15450.82483
15395.95643
15451.24178
15560.95750
15411.47996
15451.65739
15589.61563
15589.40394
15683.88590
15691.38745
15710.79913
15622.40746
15578.15771
15567.36348
15619.49388
15523.86552
15565.66271
15404.55386
15480.31812
15392.71633
15454.96977
15516.61604
15434.82908
15352.00860
15258.79236
15395.46524
15376.78494
15426.56456
15419.06433
15526.14412
15509.58353
15527.58455
15460.53489
15463.78988
15474.22109
15541.79543
15423.41009
15513.64742
15519.15407
15391.21263
15431.78801
15455.50200
15350.26851
15374.93849
15261.38910
15376.56951
15374.43237
15494.15543
15491.39752
15486.39590
15524.71338
15555.47081
15393.32630
15313.63887
15271.67035
15317.91202
15293.46593
15256.69514
15241.58805
15217.78864
15228.89449
15354.39861
15222.11496
15280.24808
15332.28655
15364.68406
15258.91909
15294.33497
15221.31304
15432.85130
15322.82001
15281.46989
15236.78820
15274.40330
15158.13494
15300.78512
15244.78715
15169.27256
15120.38198
15092.49076
15213.65053
15248.45268
15347.12783
15257.13532
15203.79651
15139.78766
15271.43228
15198.38063
15112.80909
15152.96568
15186.63750
15182.81195
15364.83440
15433.19709
15323.64967
15206.03507
15224.62969
15193.38996
15222.08165
15225.21606
15325.41064
15310.32393
15294.46487
15270.87761
15267.19824
15188.44210
15251.64995
15143.67919
15295.76178
15398.06122
15457.48602
15444.88228
15404.20427
15379.71074
15318.48156
15291.68741
15378.06786
15271.56461
15377.93380
15401.34160
15350.53860
15254.01361
15235.53820
15269.79931
15256.14327
15300.18793
15174.26636
14989.13716
15017.85406
14965.66508
14988.39780
14940.64298
15029.50218
15095.18472
15126.59136
15188.84801
15173.39057
15231.40076
15221.89381
15375.40281
15320.85997
15342.68152
15502.57710
15483.22131
15501.69109
15430.58132
15350.44903
15285.18935
15345.61659
15332.02115
15312.19967
15416.18942
15431.75711
15534.45484
15446.89049
15387.70434
15369.38229
15415.63924
15385.74185
15326.48914
15299.53016
15353.53843
15322.04800
15181.49880
15175.69159
15128.31214
15123.06581
15184.70609
15144.00966
15259.23293
15317.54666
15373.34588
15370.94301
15310.06238
15375.82759
15374.19452
15400.38236
15431.90280
15677.32638
15514.75274
15476.40022
15352.80663
15437.13764
15342.26003
15311.71457
15456.84464
15474.93512
15366.89986
15323.47798
15247.30342
15220.97189
15310.94725
15440.49741
15481.77936
15271.38271
15287.65661
15278.51496
15227.39415
15190.03515
15112.03973
15220.96695
15299.00423
15178.42297
15228.09173
15268.71133
15314.73941
15271.74711
15460.30887
15509.13120
15486.59394
15504.14764
15557.25079
15477.33497
15517.47657
15434.42382
15319.84789
15428.91390
15266.74263
15240.09751
15291.27674
15324.20133
15217.36821
15415.52392
15383.42229
15395.70353
15390.53049
15448.73961
15286.94867
15349.86827
15429.80159
15591.17948
15515.25719
15407.87976
15376.93288
15347.54789
15274.98817
15102.85104
15022.26435
15109.89411
15059.34662
15125.00060
15167.89694
15182.57197
14992.75190
14881.87421
14944.17539
14972.99220
14810.13630
14860.61512
14909.21639
15071.94389
15094.92567
15228.43936
15221.66734
15311.08736
15280.98061
15138.89980
15031.72616
15166.67741
15197.24501
15233.77505
15159.74547
15156.26532
15189.42912
15105.00375
14883.64852
15019.46962
15074.85759
15084.94208
15143.28790
15272.99183
15184.77172
15227.08151
15139.44391
15173.37898
15233.62017
15358.54246
15375.42371
15339.71667
15427.25742
15369.91044
15317.31155
15208.39153
15212.75444
15193.97532
15280.28156
15555.56712
15400.58973
15404.27430
15397.44840
15308.26061
15477.80605
15519.24026
15383.33126
15420.97113
15515.26897
15423.99994
15291.62583
15345.03977
15393.23159
15495.69143
15404.55914
15473.11768
15491.21149
15449.93337
15348.11571
15260.86968
15399.29152
15289.68027
15273.11984
15266.18441
15374.63034
15288.10962
15537.07068
15463.94900
15516.60906
15476.65209
15535.26179
15345.17543
15388.11630
15520.24585
15489.84438
15528.24990
15489.54717
15448.57318
15325.21346
15262.39778
15281.74637
15133.53041
15347.97013
15208.47181
15143.98899
15273.76167
15184.48195
15237.90694
15217.00015
15246.08492
15207.54020
15255.57057
15449.28553
15525.82268
15316.86880
15300.37560
15233.16643
15298.30293
15275.41853
15359.73168
15525.50905
15420.14477
15362.11865
15331.57240
15320.55220
15404.94710
15426.15143
15512.74800
15422.62845
15508.75006
15600.55960
15634.28767
15506.10599
15533.59231
15446.20874
15343.91747
15480.92956
15480.27985
15520.99797
15488.58223
15465.96663
15500.16954
15439.79934
15382.74925
15340.81215
15340.98495
15371.43775
15239.95632
15287.27481
15362.37744
15402.48498
15388.90495
15369.73285
15261.16828
15242.61808
15294.63287
15397.05243
15422.89805
15422.52820
15229.19677
15306.11882
15306.30521
15229.74363
15254.20364
15164.85065
15206.95703
15234.70682
15309.41213
15265.72960
15193.94607
15259.38719
15195.87996
15290.95544
15176.99082
15128.68017
15079.35354
15203.64628
15275.21883
15312.27068
15326.94728
15282.35804
15197.92460
15199.82819
15290.58546
15341.21628
15171.06238
15075.82702
15051.17638
15106.88936
15094.59717
15155.01831
15250.87821
15219.56163
15256.50093
15288.04260
15424.41989
15374.49828
15414.20381
15329.02011
15400.19631
15513.32962
15557.45757
15408.11208
15482.09716
15420.52428
15290.12589
15098.04938
15128.99970
15178.12947
15219.90534
15157.54766
15290.27653
15301.44272
15223.78090
15297.76964
15342.32028
15379.94408
15409.23404
15357.57483
15459.64699
15337.60396
15431.22406
15496.80927
15387.45537
15311.13466
15452.28831
15333.23155
15246.02842
15200.46176
15417.86860
15401.65124
15302.33661
15341.35175
15396.39220
15363.44836
15364.42719
15363.43894
15388.84454
15359.18692
15420.03005
15459.16005
15540.11766
15595.47000
15427.04839
15389.47193
15416.38166
15387.44463
15336.14505
15358.34792
15459.30796
15478.70922
15418.34398
15513.30205
15462.64303
15550.19098
15525.85431
15513.94316
15427.55705
15506.48854
15564.07117
15436.54267
15355.41535
15303.42618
15259.94477
15375.74266
15401.23313
15340.97412
15368.93220
15395.29306
15310.46303
15375.42672
15359.29696
15395.25521
15440.97691
15379.48877
15497.27514
15360.52822
15312.50014
15260.59360
15380.04936
15301.98408
15278.70863
15449.17042
15361.95161
15294.65961
15523.89592
15368.13427
15375.68967
15554.99661
15487.72624
15725.01990
15666.78606
15697.65209
15556.56628
15602.13754
15605.00756
15615.37181
15499.62374
15570.43961
15559.63160
15505.28211
15467.95255
15417.01541
15387.10296
15418.80367
15495.22545
15470.67949
15492.14954
15576.56046
15601.93341
15674.29937
15640.15581
15452.71268
15377.00363
15362.82729
15316.97708
15298.10112
15266.37754
15431.28284
15303.53727
15313.63468
15232.19557
15187.74987
15102.08022
15095.95088
15027.78804
15062.10276
15207.43762
15295.82401
15275.86190
15342.66923
15278.23502
15404.95249
15432.82170
15343.51109
15389.85204
15265.24748
15298.50073
15439.13415
15307.14538
15285.30426
15305.36744
15176.49573
15291.09045
15359.53627
15292.22530
15214.48601
15211.12770
15224.65506
15214.31289
15318.59696
15233.16019
15189.48358
15144.38549
15323.31396
15294.02449
15136.86116
15263.23120
15371.42683
15362.67046
15336.53303
15246.68079
15286.94312
15213.38393
15132.69350
15103.29916
15156.58647
15176.08219
15347.13795
15268.76484
15275.63495
15214.35633
15297.12652
15232.83663
15398.78972
15297.82003
15349.33536
15359.01930
15282.35799
15185.16565
15164.70732
15275.60088
15301.33445
15323.30709
15359.35942
15397.16140
15368.14019
15299.56155
15506.11314
15443.59034
15350.56313
15277.57871
15293.61419
15369.30074
15450.48523
15375.75065
15434.83885
15302.86171
15331.02751
15279.34948
15347.91343
15458.25666
15401.49895
15348.27617
15323.97702
15296.87878
15247.60306
15257.76810
15220.76148
15291.63040
15273.87729
15313.75955
15450.51043
15450.92389
15458.78711
15533.23845
15570.84039
15586.51170
15526.57886
15481.68865
15475.88177
15489.56000
15472.51312
15442.95682
15439.86972
15364.32731
15414.20748
15391.79411
15429.92054
15488.84940
15564.05132
15525.76366
15497.10166
15522.70819
15507.64575
15436.19654
15411.29832
15439.52357
15595.64946
15501.34778
15475.38713
15525.90732
15665.77189
15589.65301
15619.84916
15676.25699
15742.03831
15640.15334
15591.97352
15676.42973
15537.69817
15689.45051
15840.67995
15646.50116
15560.68300
15474.04769
15450.07104
15484.04352
15445.03929
15407.46365
15484.96126
15494.09035
15550.92889
15563.25576
15624.58401
15603.70991
15548.24490
15616.37446
15561.90292
15583.19431
15633.63577
15714.49232
15619.65487
15521.91782
15642.48868
15745.32077
15836.75780
15703.55038
15732.25559
15571.24564
15674.19854
15678.98275
15687.96949
15697.86578
15698.63762
15702.68355
15676.88785
15709.40932
15718.13459
15636.65145
15620.54304
15646.75354
15683.04128
15790.19326
15750.65515
15643.89197
15567.62069
15614.36486
15473.52958
15462.83763
15383.89205
15356.06656
15451.35235
15435.61041
15318.53006
15318.87218
15395.39220
15388.14781
15502.42047
15425.46343
15436.63492
15371.77981
15573.74926
15507.06889
15558.34443
15544.62898
15577.22022
15660.11327
15531.34753
15448.90364
15397.69785
15325.33231
15292.06203
15273.38516
15258.43278
15319.09715
15267.48773
15218.10009
15298.51580
15272.82285
15258.37112
15229.62257
15308.10147
15181.79398
15122.27501
15053.10079
15131.85879
15226.01911
15293.41296
15301.07205
15442.63346
15349.74576
15393.22862
15485.59040
15413.10341
15485.43492
15434.76606
15343.38463
15382.60451
15421.82256
15461.71779
15427.60842
15508.77324
15593.34612
15631.97052
15458.94548
15486.71512
15301.01934
15339.82738
15240.66475
15259.09837
15151.15122
15148.39472
15232.79593
15359.56718
15421.16976
15497.53125
15539.96688
15540.15952
15401.43367
15549.75092
15628.92085
15529.79495
15352.94381
15337.39450
15301.31869
15158.40184
15351.13715
15262.95029
15339.99056
15329.88169
15425.97207
15530.35347
15468.13003
15541.87745
15458.55274
15322.17983
15265.77428
15137.10125
15303.27974
15383.42425
15477.25120
15548.87130
15501.92386
15392.39523
15360.69573
15289.44441
15459.82648
15457.51082
15382.67556
15267.24680
15145.30739
15008.15696
15042.38375
15113.13870
15228.75354
15122.82203
15260.38205
15188.73870
15258.85723
15242.39865
15182.11812
15304.42298
15288.28892
15270.87140
15208.21762
15315.82871
15231.89075
15280.54274
15300.55004
15319.80880
15436.44695
15433.72413
15498.96302
15272.99793
15193.56630
15076.16075
15099.57924
15088.17142
15047.17169
15198.22258
15222.13084
15403.92717
15322.35320
15282.49421
15385.94210
15414.54126
15244.04685
15134.16386
15166.39674
15134.40372
15082.46346
15172.75486
15363.31486
15424.05396
15320.43532
15408.53847
15357.78836
15313.71864
15313.18449
15261.92463
15316.53445
15361.70039
15326.70566
15246.46078
15212.55354
15231.01102
15157.42666
15095.57420
15211.23195
15371.34949
15305.96235
15465.88778
15292.63404
15082.91278
15141.04488
14992.40050
15119.77023
15296.92051
15185.94404
15198.74938
15117.69295
15116.16923
15338.46830
15283.89737
15173.62075
15295.76432
15220.22184
15265.44462
15137.34640
15239.26690
15230.12125
15305.83762
15327.94925
15202.73320
15302.09445
15439.51378
15345.95260
15316.07532
15247.68299
15199.59914
15227.85717
15221.92377
15258.97179
15219.43686
15348.95652
15256.03419
15305.94242
15385.90148
15355.82982
15370.07573
15457.07544
15559.13011
15482.23963
15363.28451
15410.17686
15282.82182
15375.45550
15287.52016
15207.44052
15321.37282
15131.91443
15206.50373
15326.45673
15283.36942
15304.27586
15437.65680
15313.71306
15378.75789
15288.84898
15320.40576
15382.11051
15353.70445
15256.70843
15338.66894
15421.42441
15418.12412
15389.18142
15349.88048
15427.99901
15415.92140
15492.33881
15661.01379
15661.52760
15581.77749
15441.09175
15488.67922
15344.67423
15316.30705
15345.63418
15289.23613
15380.30896
15377.35190
15398.78056
15374.14997
15353.60591
15266.69649
15346.60125
15382.03119
15437.07617
15453.78792
15334.27125
15206.89640
15265.23705
15407.05365
15327.13907
15317.02541
15265.57246
15289.63845
15423.43458
15264.82913
15255.54341
15281.10723
15303.65696
15228.62794
15184.14921
15115.20478
15055.32988
15175.48656
15161.89232
15104.58507
15190.67353
15172.24685
15020.50443
15082.54791
15269.78472
15321.47566
15245.10156
15172.16645
15152.31751
15159.82484
15126.31342
15283.30782
15261.70657
15123.39525
15237.73272
15112.54242
15048.05291
15091.05106
15160.94657
15196.50983
15038.52860
15091.51802
15088.85488
15066.95613
15141.26790
15033.60671
15039.00019
15154.95977
15177.37331
15164.79970
15050.43921
14874.19402
14969.59039
15024.90356
15176.32941
15170.61731
15191.50933
15226.67377
15153.25211
15168.13921
15158.63282
15316.78521
15414.67401
15327.51127
15288.33799
15333.43085
15474.29380
15375.18579
15230.43398
15247.76079
15352.13848
15357.07683
15362.35745
15261.26832
15273.69502
15166.80986
15097.22629
15046.90788
15106.73822
15054.47144
15049.39706
15019.10216
15060.25150
15194.22512
15361.00769
15352.68643
15331.35019
15341.44943
15413.13914
15342.89775
15359.14459
15291.97469
15341.00510
15316.42767
15479.96029
15361.78316
15297.54189
15279.17699
15375.29939
15269.67582
15223.61576
15328.57255
15304.04687
15180.46797
15132.82892
15134.30788
15114.51689
14981.82390
15048.82830
15088.99123
15042.17470
15036.59716
15066.72686
15101.78673
15039.79056
15140.23970
15185.15700
15193.39891
15312.40713
15320.62772
15389.66650
15426.35682
15237.73098
15190.53011
15223.40461
15229.98798
15235.33823
15345.74043
15255.44284
15250.47292
15309.41813
15306.82558
15312.69980
15296.15627
15382.88760
15420.86835
15286.17448
15327.67563
15327.88761
15315.97724
15252.21271
15318.27034
15443.58541
15404.83784
15510.61403
15452.78026
15506.05568
15544.09358
15615.10203
15603.44009
15582.33569
15535.82158
15427.41016
15416.17735
15394.70921
15378.77439
15495.13507
15358.63843
15455.86329
15561.46487
15410.31531
15497.55236
15396.27334
15416.58047
15430.30965
15358.90095
15387.89198
15417.21035
15355.60957
15424.28825
15402.54839
15409.58703
15557.75564
15521.35556
15386.41905
15397.92447
15358.08806
15407.15181
15344.40461
15418.96165
15387.98887
15403.16057
15372.57555
15382.01763
15385.49590
15467.13202
15423.53739
15527.91968
15590.75694
15496.17382
15520.06510
15679.72583
15576.14978
15533.88903
15486.27589
15493.05779
15427.20066
15296.00288
15329.54640
15298.16122
15439.50022
15447.07885
15373.51065
15373.40724
15274.50013
15232.06240
15233.38344
15293.84433
15388.46075
15306.56386
15463.02513
15487.93328
15455.27252
15358.03513
15511.48023
15455.46137
15506.44410
15542.82525
15514.15308
15444.47345
15298.77986
15223.21643
15370.83562
15316.04711
15358.20189
15381.21642
15405.86443
15473.58789
15485.89435
15552.49774
15408.00091
15389.29012
15513.06260
15405.95063
15314.16839
15182.34298
15268.29432
15365.54984
15399.14059
15366.56264
15394.32608
15400.85772
15283.87993
15454.01732
15434.89197
15312.53756
15299.63002
15157.41326
15170.16435
15249.92844
15247.28072
15273.37305
15262.19877
15274.32312
15390.73774
15267.85875
15405.62470
15419.29202
15339.77257
15286.12873
15307.64119
15497.09852
15355.82871
15464.14517
15454.50796
15311.14429
15405.41176
15568.15151
15597.73706
15454.76929
15423.31842
15391.08386
15359.61032
15318.38589
15376.51757
15396.07072
15327.76450
15336.05276
15427.88266
15428.49419
15442.43111
15448.23944
15453.98764
15460.91035
15376.74297
15421.70073
15363.54093
15327.30604
15268.11649
15295.54799
15484.34494
15482.02496
15518.69831
15549.30132
15355.11760
15493.21078
15542.65904
15317.72954
15328.27468
15283.57771
15414.52883
15435.20801
15379.14938
15351.35051
15374.54293
15458.03024
15402.66831
15327.71904
15129.48095
15290.61588
15114.47011
15104.70862
15071.82894
15089.35541
15093.64893
14988.64395
15137.16601
15141.50148
15193.47048
15303.98282
15349.47480
15284.88392
15298.96374
15186.83534
15262.76050
15129.93298
15018.92339
15043.81069
15168.56543
15235.83662
15221.74289
15232.53857
15123.04841
15242.05061
15159.50150
15337.52907
15309.40494
15180.47034
15218.06034
15232.46959
15309.57209
15279.36256
15296.30338
15162.92982
15095.96392
15157.42587
15241.61222
15274.54518
15277.67000
15256.40330
15233.40845
15117.97845
15134.65046
15053.24828
15177.57219
15190.75962
15237.16533
15177.94504
15232.73111
15368.43178
15400.70237
15484.41161
15261.52188
15205.78724
15327.66272
15255.51644
15329.93964
15270.48939
15138.58229
15172.48644
14993.05206
15161.17859
15107.82202
15084.44027
15154.66326
15014.91033
15104.76073
15031.96907
15101.32579
15132.55720
15239.48448
15034.99570
15065.46230
15289.17445
15340.52030
15077.10393
15059.19041
15209.69609
15221.09239
15081.89398
15122.69119
15165.14390
15351.72341
15347.44898
15323.53143
15483.33268
15258.79723
15097.81759
15031.57696
15123.66797
15079.09662
15129.17376
15170.08007
15130.27924
15242.21770
15237.65691
15372.33442
15311.43586
15438.20126
15363.91294
15169.46988
15096.06103
14911.09556
15091.20481
15111.57223
15098.02759
15171.72330
15208.59607
15152.35598
15060.49547
14953.43566
15025.10847
15032.35345
14985.88779
15026.50139
15032.75106
15185.83119
15161.53599
15086.17977
15148.16991
14986.73253
14886.16893
15004.46308
14976.66069
14942.38537
15105.97817
15307.26559
15319.05601
15266.97009
15407.06699
15393.30033
15303.42436
15279.88793
15291.46645
15515.31286
15454.52069
15307.40029
15230.04043
15231.74382
15330.70166
15187.42443
15238.29408
15390.97126
15300.57305
15351.96511
15458.94408
15422.91130
15560.06055
15647.95705
15475.80511
15559.03371
15459.66579
15307.59774
15180.75709
15304.55321
15154.07117
15261.37249
15262.42248
15244.52380
15214.42958
15165.47402
15183.57466
15282.18220
15305.92869
15245.35061
15241.09808
15161.26695
15331.75176
15160.51175
15255.44724
15317.95947
15318.75351
15268.13031
15341.89264
15107.75536
15090.08493
15147.81272
15180.88729
15149.71077
15218.55852
15344.68191
15164.83215
15316.30064
15366.67357
15380.99500
15413.60981
15301.36441
15519.20107
15507.03254
15438.28388
15297.87347
15375.45098
15452.44862
15436.53706
15548.58166
15412.59658
15266.89958
15383.91173
15346.38623
15291.71719
15391.86573
15478.19744
15555.81933
15473.76759
15548.21794
15472.65551
15370.00640
15335.76671
15315.17147
15250.89016
15242.42218
15296.84455
15253.98344
15377.35882
15380.95184
15244.59576
15220.86053
15276.98432
15359.86339
15356.65212
15300.85890
15469.83985
15543.50365
15740.17691
15587.68551
15563.86676
15496.11163
15490.83155
15418.20074
15406.34656
15539.10579
15575.03225
15566.00313
15694.51717
15699.05468
15611.80630
15502.99687
15415.32580
15357.77521
15296.47150
15249.58797
15305.13863
15338.17178
15241.27092
15377.11126
15468.81955
15453.88707
15430.22475
15386.78145
15284.61007
15488.54002
15474.44697
15397.97528
15406.17875
15452.83413
15489.81200
15496.53188
15652.87252
15728.04849
15633.99299
15685.16864
15538.15096
15580.61184
15497.41851
15398.44064
15331.63769
15272.17522
15319.56619
15252.45298
15201.18772
15147.66960
15093.50691
15145.89937
15158.39141
15171.98790
15171.28414
15265.18135
15369.10257
15344.98349
15304.36984
15258.06259
15254.73107
15212.73642
15144.64336
15046.49848
15131.70234
15189.66669
15139.70293
15273.47006
15226.98963
15248.12244
15372.08142
15203.98351
15181.00879
15121.69959
15313.22977
15199.37144
15245.93186
15264.41693
15232.84046
15387.85205
15426.16039
15341.67151
15267.45447
15382.93970
15541.02400
15366.67923
15312.56209
15346.72287
15421.31582
15581.74999
15566.39260
15537.16446
15438.70509
15441.44531
15505.38613
15505.13137
15558.50717
15478.15158
15590.70428
15566.45928
15534.69923
15552.88003
15424.41211
15540.51469
15429.14964
15390.53755
15349.63373
15298.00131
15449.94439
15304.34010
15260.65700
15197.50250
15257.88474
15138.94320
15206.52999
15331.78796
15370.26393
15286.93336
15303.00307
15167.09321
15163.25039
15003.11234
15091.43481
15038.46554
15088.21144
15155.30981
15283.56606
15274.80646
15439.41746
15288.75663
15386.25666
15234.13664
15303.51131
15300.09992
15438.47733
15560.00551
15493.71136
15455.41928
15517.09794
15548.71978
15642.01809
15595.46486
15380.40623
15373.59945
15358.40572
15324.32319
15254.66636
15296.39084
15338.35696
15201.83332
15326.04187
15364.09982
15412.52525
15447.07076
15490.18066
15462.81093
15211.57783
15279.92387
15280.83447
15132.35254
15151.02795
15124.77974
15174.21313
15167.07018
15188.13586
15288.31400
15187.43293
15080.90982
15152.95678
15226.31205
15145.68317
15072.59002
15237.50965
15356.02012
15342.36522
15346.46940
15324.81068
15403.81972
15566.03241
15304.96531
15233.19256
15268.50025
15419.47935
15301.29819
15372.77145
15518.15354
15361.99731
15503.14198
15377.25505
15522.87115
15481.06018
15534.79034
15598.21622
15616.09661
15605.10624
15590.75169
15670.30602
15724.15111
15620.85661
15638.49520
15538.84359
15583.37830
15512.82348
15581.03518
15563.69575
15364.79337
15370.21436
15283.51370
15300.51263
15313.49274
15489.16646
15515.93835
15326.08474
15255.70010
15325.65431
15357.48709
15372.69135
15307.52138
15216.48291
15297.16356
15291.99004
15308.50679
15283.27137
15421.12695
15524.00195
15594.81890
15485.25664
15465.23294
15354.95709
15492.52657
15475.57476
15386.92037
15474.73695
15270.04973
15281.84137
15258.01883
15181.35513
15272.22902
15346.50385
15250.30252
15218.07430
15277.31267
15322.48735
15253.84456
15135.08790
15168.42123
15177.18125
15188.26524
15146.30659
15171.26668
15174.61649
15135.78909
15110.92822
15332.87365
15318.49015
15383.24124
15221.58599
15382.29406
15407.97002
15386.21720
15517.50050
15547.46933
15320.39283
15471.96679
15408.33492
15519.98716
15521.16123
15417.18834
15422.98355
15334.35151
15479.14342
15300.11589
15514.07539
15575.68626
15392.19456
15423.10449
15333.64936
15345.59464
15207.95487
15338.49656
15282.22314
15276.35776
15457.28604
15526.96333
15449.49976
15485.01503
15409.99071
15320.66488
15328.13754
15504.88614
15544.53107
15415.32267
15485.37793
15371.01089
15383.79600
15355.99593
15365.59320
15467.68597
15450.91914
15375.49982
15368.69263
15293.03912
15328.64812
15462.35712
15472.11267
15340.36363
15510.00062
15370.37396
15302.89011
15382.21546
15378.74635
15419.55867
15494.01158
15600.57375
15515.62467
15487.29310
15575.14216
15384.20976
15403.48347
15502.75214
15471.09784
15556.18593
15558.04429
15594.65503
15576.91391
15595.58674
15450.66053
15506.07317
15480.48028
15516.37494
15369.31516
15410.54204
15386.09536
15520.63950
15456.95541
15385.67163
15527.45999
15481.32038
15532.68462
15351.82951
15313.37300
15268.03062
15146.75592
15205.23141
15399.99455
15433.12878
15443.37082
15262.44981
15235.11263
15183.72409
15204.86767
15152.20691
15213.50421
15329.93490
15310.98597
15397.27370
15325.29814
15182.46798
15221.95587
15252.69618
15260.56124
15448.37783
15699.90436
15736.88007
15686.62922
15675.32182
15726.91496
15586.55224
15642.32502
15626.71186
15602.15179
15578.31782
15600.26921
15645.95165
15722.68650
15649.20793
15620.35856
15666.26202
15657.00093
15715.10038
15854.12813
15839.61905
15805.89503
15659.05945
15607.14507
15583.23309
15502.89433
15321.96609
15427.22322
15418.79271
15400.30686
15342.54803
15349.14323
15297.88409
15237.02520
15177.63792
15238.67353
15371.70441
15277.23094
15505.20921
15578.19215
15486.33747
15442.38976
15522.91430
15383.79206
15273.45063
15192.27840
15279.04554
15204.79967
15221.56118
15121.34288
15173.78970
15230.63682
15321.65571
15295.38487
15196.22149
15202.49906
15112.83004
15092.07474
15223.09214
15177.39458
15159.07941
15218.32881
15121.78286
15298.45249
15340.13620
15388.70914
15375.38770
15292.06813
15405.31816
15393.74630
15368.39325
15381.59002
15336.51918
15386.00178
15405.75616
15548.26254
15570.22850
15338.75772
15432.05785
15281.80107
15310.69265
15389.83852
15459.50487
15427.96551
15469.31878
15377.28672
15466.98712
15453.66240
15453.77485
15311.45907
15353.70915
15272.38188
15200.98523
15268.49562
15391.94509
15331.93228
15238.01149
15284.98136
15203.38408
15149.15830
15324.53428
15269.05389
15361.22798
15322.72548
15284.99752
15238.42665
15255.93065
15390.04189
15436.10295
15466.49132
15349.29264
15323.12886
15266.10772
15417.18603
15415.88418
15443.46768
15525.02154
15473.54624
15333.33063
15491.00346
15516.79897
15567.55313
15569.85211
15548.03297
15572.06903
15718.96682
15622.35220
15672.93754
15562.39891
15626.21728
15585.64611
15463.27731
15528.03152
15571.46005
15497.03216
15394.19654
15377.37547
15305.02161
15271.32798
15203.93307
15247.07214
15240.73123
15358.16442
15283.28494
15288.14710
15240.87381
15450.90326
15382.62045
15319.98338
15286.50558
15488.07918
15478.20367
15476.99142
15303.00280
15365.10222
15319.08769
15384.02191
15271.62355
15366.80767
15235.19752
15049.10940
15123.31113
15306.76673
15369.12575
15343.03481
15230.22869
15371.43840
15285.04191
15165.06459
15225.60457
15296.11208
15104.26967
15222.15764
15314.31321
15352.67758
15336.30176
15240.90886
15221.32867
15218.38744
15136.36366
15260.12465
15250.24027
15149.38859
15148.67416
15107.19376
15230.76687
15230.74219
15140.31563
15252.51374
15343.11950
15266.11765
15193.46122
15347.86707
15426.85058
15325.57772
15291.25013
15194.66426
15234.28360
15316.82436
15251.22086
15083.78566
15127.42335
15093.02280
15167.41571
15136.95389
15109.17706
15223.57991
15271.72910
15343.44244
15168.61968
15007.28201
15095.16973
15215.94602
15239.59050
15188.39266
15240.49924
15161.02100
15349.04769
15403.51452
15519.15404
15710.74017
15562.71956
15422.44914
15345.81759
15363.69618
15261.52849
15360.52796
15444.35339
15475.57284
15302.56247
15271.24105
15291.86762
15481.99936
15345.70070
15325.06601
15222.85244
15319.42805
15263.76032
15251.20134
15449.72105
15439.41137
15420.79407
15454.48777
15424.21749
15533.41709
15402.08161
15313.73182
15390.00421
15446.97995
15385.63451
15337.96500
15282.58350
15141.28478
15254.53376
15248.81775
15312.97595
15104.33423
15075.93110
15110.41427
15192.59827
15228.42972
15303.42571
15319.90682
15363.91312
15507.61837
15453.19641
15337.21152
15338.93311
15486.90337
15393.92349
15331.08762
15440.52424
15715.34125
15719.44135
15824.79527
15775.26246
15776.83980
15779.19690
15799.49827
15787.27184
15711.47181
15536.50510
15393.63325
15354.92264
15344.71025
15301.78887
15402.63942
15323.10096
15294.79561
15265.47281
15224.34397
15369.32287
15311.79978
15331.37474
15381.91007
15444.60337
15529.00904
15602.01329
15539.93267
15433.90111
15357.52443
15442.85562
15480.72615
15583.85227
15622.71848
15535.38552
15529.11981
15460.67841
15572.31061
15476.57322
15377.75920
15349.12485
15372.31465
15393.99087
15527.96033
15520.73699
15583.47959
15580.83025
15647.92078
15621.06423
15619.42696
15607.48880
15641.13791
15630.22147
15649.01377
15662.85703
15668.69454
15677.15325
15700.83632
15722.85520
15617.57802
15670.07242
15644.00379
15651.27969
15662.88493
15423.36345
15467.04648
15535.67229
15607.82346
15585.59341
15674.87505
15585.05557
15513.20928
15654.45116
15587.78773
15552.49490
15434.45713
15439.06782
15247.98316
15187.24078
15345.17236
15354.27959
15492.85248
15384.58275
15403.49926
15307.46814
15285.57942
15037.30855
15145.68089
15309.32870
15277.79981
15229.17341
15103.45812
15150.89426
15151.73672
15208.38224
15348.01074
15300.31454
15301.29402
15306.51564
15320.45610
15209.17026
15069.96947
15116.55652
15243.77283
15285.19365
15197.86027
15147.88564
15266.55960
15210.88587
15199.29959
15172.80604
15189.76296
15152.50064
15234.42678
15328.40851
15348.12324
15275.80665
15381.03053
15228.77456
15386.52285
15374.15077
15340.24701
15322.00516
15374.47993
15276.38474
15297.91337
15377.78134
15344.82608
15362.64960
15226.85281
15259.13605
15201.82825
15185.08618
15082.41102
15077.30652
15234.35108
15366.00295
15334.02698
15262.25245
15376.96628
15313.42470
15242.71581
15121.77502
15158.73279
15050.32918
15182.08377
15098.68987
15180.00130
15317.98191
15256.69348
15272.00915
15388.12392
15426.86350
15451.96044
15512.65397
15585.59470
15599.09735
15573.90948
15598.82135
15617.79460
15628.59313
15774.93874
15716.87538
15686.99390
15620.69103
15685.77827
15508.30788
15421.39424
15448.11919
15376.47292
15371.76143
15325.78631
15301.29232
15420.67122
15210.67875
15340.22619
15471.95065
15469.85193
15444.21572
15497.48152
15428.10631
15362.60126
15396.42123
15384.07995
15452.50258
15449.64524
15463.57611
15482.34357
15475.25467
15598.29088
15529.03025
15474.60276
15644.46091
15546.76194
15686.98574
15605.82787
15532.57639
15335.09573
15378.38597
15392.57069
15441.30288
15448.95920
15461.62189
15452.35656
15466.79218
15428.11044
15339.32907
15397.68916
15336.07515
15326.46132
15317.28785
15327.93467
15342.04483
15329.16932
15430.68835
15459.63458
15400.56441
15226.38203
15358.67533
15482.64311
15438.45979
15386.30804
15273.08328
15409.80426
15458.43049
15309.19167
15430.75517
15525.70094
15368.76932
15401.48058
15341.20568
15357.98942
15451.48998
15208.30254
15221.78903
15386.97745
15263.21837
15370.25687
15433.63091
15444.32937
15440.00531
15273.13211
15325.76311
15267.71389
15238.46787
15259.11701
15475.91710
15463.98276
15581.88654
15436.49484
15477.04738
15546.05525
15474.19712
15396.35160
15416.68051
15350.37126
15508.75009
15526.56116
15431.76856
15322.75183
15332.56211
15358.66161
15285.78096
15239.05834
15409.54457
15410.66493
15475.69486
15385.57553
15363.74809
15328.63561
15386.85836
15240.13765
15390.69758
15436.99460
15442.81629
15471.43635
15617.71969
15587.93810
15613.21195
15488.59336
15391.73226
15497.44710
15355.56110
15445.21074
15316.76193
15289.33043
15337.16390
15375.81461
15223.66862
15369.52752
15334.27920
15353.65391
15429.98957
15357.74526
15358.86012
15234.51619
15289.50868
15166.07574
15165.17798
15088.58850
15063.79544
15086.75031
15148.14686
15125.92275
15054.02391
15056.02853
15152.66839
15256.80024
15285.39386
15315.24977
15329.15170
15368.61307
15353.54065
15455.86890
15448.63695
15381.87667
15384.62698
15559.17638
15428.00329
15367.64508
15400.36000
15420.37197
15518.84779
15564.70140
15422.54034
15445.38405
15354.73346
15377.84314
15335.03171
15313.66122
15401.91822
15470.99195
15459.05021
15507.64854
15490.85360
15449.58750
15366.24049
15258.55109
15338.36661
15334.05199
15401.21361
15403.81593
15479.62119
15409.98383
15295.73277
15252.82543
15147.26937
15196.22866
15253.78295
15255.00189
15302.46584
15220.18694
15184.10912
15241.18585
15199.95980
15079.62008
15110.94350
15094.50918
15179.06073
15093.11142
14936.09448
14805.06675
14833.66338
14913.41809
14924.04829
15003.64199
14922.74508
14985.74534
14929.73293
15006.20841
15004.52677
15020.42660
15083.47018
15263.43257
15224.92751
15125.87115
15118.26949
15096.12839
15196.79492
15182.07467
15359.79301
15253.22518
15396.03799
15444.56943
15540.50308
15484.08307
15399.52483
15406.68034
15295.42030
15515.94729
15648.38204
15481.91432
15396.56458
15543.67060
15447.32840
15463.39509
15498.15046
15450.63203
15415.40438
15421.97413
15462.40669
15595.47718
15626.20872
15564.80321
15542.89154
15531.25714
15570.73809
15556.25974
15603.75709
15754.56103
15777.36740
15828.92497
15838.82123
15757.42624
15751.46503
15825.03087
15712.12413
15771.28437
15605.22836
15626.07578
15650.78019
15515.93520
15748.66363
15517.17029
15518.66899
15372.93905
15512.82739
15506.51173
15473.83987
15511.25266
15500.19620
15349.58731
15488.08344
15618.26076
15602.59709
15614.75281
15453.69954
15459.65519
15540.83480
15546.37124
15595.76937
15518.44102
15363.70842
15302.11994
15303.12557
15391.31071
15451.73907
15381.28438
15486.46764
15370.97875
15516.66008
15613.59700
15526.77522
15646.64533
15541.18649
15549.58073
15558.35288
15651.24488
15622.12336
15478.66933
15562.29786
15448.85789
15546.86317
15494.54518
15524.00936
15607.31467
15657.54589
15563.80321
15462.99888
15362.32538
15500.83199
15549.01517
15496.46774
15575.56530
15389.33334
15384.07488
15418.40756
15347.89266
15213.75808
15244.43867
15455.68838
15319.88304
15338.69070
15317.05752
15216.81755
15167.67852
15128.19680
15268.12408
15193.99630
15109.84721
15096.20656
15156.31913
15117.85394
15148.94622
15097.80711
15199.10471
15354.07608
15456.73274
15473.78663
15435.62078
15548.66523
15571.01990
15454.82729
15517.43283
15443.10816
15377.64977
15357.77653
15340.90957
15306.04043
15245.65894
15201.85452
15217.92060
15247.42681
15261.84255
15201.96760
15247.82961
15176.21801
15103.47931
14998.97788
14937.05165
14904.37621
14926.81440
14912.45940
14940.40619
15087.33709
15124.83159
15004.43979
14969.86040
14992.96543
15245.08361
15258.96833
15211.89131
15199.68995
15264.27541
15238.66703
15196.34639
15166.89488
15206.38874
15243.77134
15196.01017
15242.35109
15266.60097
15251.24228
15279.73840
15245.19855
15322.21100
15360.31225
15417.05818
15356.60176
15404.95259
15447.46075
15413.17046
15362.95981
15296.87013
15373.37214
15288.42722
15206.95912
15186.56471
15215.19028
15147.06199
15151.88074
15039.62022
15064.82773
15102.70027
15021.41177
15052.62488
15129.19479
15104.26251
15069.25397
15192.03985
15086.24915
15035.54536
15181.84018
15236.70257
15198.00639
15081.98667
15249.42637
15222.77148
15382.88748
15346.80060
15347.43313
15267.84279
15319.22463
15309.00731
15317.10380
15323.62846
15526.58993
15316.79061
15348.47824
15318.52193
15316.95147
15296.58291
15292.72372
15278.58805
15352.38209
15325.41177
15353.68573
15381.47446
15332.25473
15422.60386
15447.33180
15454.09113
15454.28078
15352.62259
15402.22095
15457.88526
15472.71903
15468.37145
15426.99267
15461.25826
15422.95914
15392.62691
15392.59902
15346.57367
15206.59401
15287.57986
15413.23321
15305.68911
15353.27849
15478.80039
15317.46420
15360.20165
15308.90984
15366.95536
15357.48609
15184.38322
15229.30178
15223.53434
15132.04788
15142.96179
15060.40168
15153.07829
15100.18823
15063.08702
15151.11422
15152.04171
15217.83779
15154.63417
15420.93773
15380.27915
15482.31037
15389.07296
15299.85365
15415.83758
15307.98848
15379.22368
15522.71259
15553.31849
15559.11935
15507.95991
15505.64568
15468.56228
15463.47294
15483.92440
15342.97246
15191.97763
15416.82013
15351.21575
15473.44779
15382.24392
15444.66233
15295.09569
15320.18360
15397.87659
15441.29822
15421.04840
15448.93027
15502.03127
15430.15591
15501.44999
15390.34338
15403.06243
15369.82325
15363.59264
15409.34929
15384.29854
15458.58807
15535.80564
15572.32753
15526.30693
15498.70991
15640.05335
15710.45304
15764.86137
15592.59103
15499.56757
15438.26624
15351.75815
15327.21711
15344.44339
15346.98675
15464.99014
15426.29168
15348.98028
15313.04984
15474.55840
15391.69310
15180.56271
15268.67588
15284.43525
15152.45037
15146.91481
15141.54419
15325.90794
15386.25182
15613.99466
15441.38584
15457.70076
15408.51219
15430.27093
15532.40465
15512.03627
15492.70993
15491.77925
15451.23254
15344.00333
15305.14586
15389.68082
15462.94710
15648.55246
15651.48422
15645.70054
15602.78043
15524.49477
15490.99193
15404.70690
15394.25572
15355.76039
15551.83316
15525.09227
15516.58796
15428.67421
15425.66950
15297.27440
15285.67409
15293.42410
15288.09133
15288.39211
15229.10735
15259.98643
15266.15122
15259.97322
15407.02928
15310.57676
15354.17276
15336.70672
15198.29460
15165.16731
15113.09170
15105.13173
15218.71875
15146.61885
15194.49661
15199.04199
15295.75521
15263.37470
15195.64868
15263.46119
15191.05477
15362.23167
15353.70861
15368.60699
15255.08902
15249.77768
15436.47960
15296.48679
15285.29420
15239.02970
15303.63049
15292.48413
15273.83882
15309.49068
15186.98494
14926.01403
14890.29648
14934.27052
14973.99556
15054.20014
15096.70671
15182.75167
15170.68414
15070.51877
15155.43951
15112.30898
15178.69916
15254.07751
15298.17687
15301.91347
15243.64965
15394.06304
15340.56015
15257.83476
15139.43276
15149.70835
15131.51083
15115.62539
15033.82187
15198.12740
15261.93341
15195.20403
15126.01833
15110.57307
15086.32098
15244.84717
15273.59159
15335.91909
15423.22693
15333.21858
15332.74595
15277.07733
15215.92599
15282.26586
15380.03016
15318.50729
15321.26502
15249.66226
15246.74675
15218.49854
15276.43984
15151.67014
15211.76354
15168.03675
15311.83929
15171.59299
15233.26815
15086.36385
15102.72853
15055.60371
15203.00400
15186.32214
15206.29568
15211.00288
15090.30583
15149.72241
15250.27602
15293.73089
15184.36985
15189.84294
15062.04476
15071.09493
15199.64689
15372.80019
15300.45138
15199.69908
15196.64707
15202.01590
15220.09578
15174.20023
15009.76772
15215.26436
15247.76576
15304.46472
15209.22600
15334.63940
15379.47379
15257.97579
15325.58939
15389.04480
15242.43240
15202.91423
15302.19435
15384.30578
15176.82757
15165.49094
15410.91340
15510.85624
15422.18745
15501.65953
15502.21435
15545.95240
15528.32737
15524.38903
15639.01860
15582.00434
15529.98608
15578.37285
15437.41647
15459.06374
15477.29426
15513.58115
15522.29834
15599.88396
15492.69137
15482.74128
15647.95681
15697.55888
15643.66589
15526.31642
15480.78053
15360.02990
15493.79457
15425.37361
15534.24467
15525.16016
15427.61301
15221.13103
15168.68669
15171.24616
15274.74554
15151.12789
15364.38206
15372.91177
15195.01946
15324.76204
15364.79890
15296.43440
15341.15860
15254.47942
15329.66095
15278.95441
15371.79832
15201.46847
15256.65595
15420.71049
15408.02414
15550.10721
15466.65640
15582.71280
15613.82962
15443.29189
15485.95697
15481.21630
15524.60413
15553.94057
15595.82615
15519.46271
15442.39556
15405.95085
15388.07133
15465.49853
15432.85005
15431.20376
15478.71400
15429.97632
15525.14051
15539.87141
15676.28380
15687.06804
15673.01872
15718.95331
15532.45271
15591.37252
15474.54770
15409.31855
15422.83604
15391.91329
15395.76760
15236.97863
15061.75562
15112.24414
15042.23342
15056.98106
15024.92816
14978.67705
14902.38294
14886.39429
14929.96112
15078.99401
14976.77753
15071.32775
15162.43982
15161.39903
15135.97986
15091.10020
15162.93585
15142.94929
15102.25505
15244.93680
15272.94487
15387.84610
15310.67601
15160.33134
15223.74914
15068.64776
15080.02516
15153.12969
15032.58417
14989.24170
15047.91504
15045.28574
15076.55396
15084.61400
15073.53196
15072.91422
15115.17598
15041.52510
15033.26512
14998.64238
15088.04852
15121.38161
15160.60597
15266.44784
15140.29153
15206.56367
15174.93086
15112.02242
15160.34716
15301.84357
15281.97442
15338.36261
15417.04255
15215.89495
15138.97754
15219.66389
15046.73809
15042.11123
15102.38335
14997.68986
15096.20001
15220.58855
15172.91206
15448.14146
15386.78863
15403.21776
15350.94459
15296.83672
15234.51851
15392.63402
15375.81818
15414.16864
15205.29852
15261.99357
15284.94059
15149.68781
15137.31265
15360.12074
15156.02919
15186.68844
15128.84097
15206.30263
15281.77031
15285.87727
15417.11286
15399.10383
15370.55757
15472.89613
15426.97222
15438.12829
15571.78680
15425.01401
15390.60867
15342.27222
15369.95073
15488.94521
15529.53501
15540.17341
15549.60127
15750.76451
15832.00511
15738.52657
15646.87478
15709.94371
15748.28750
15689.75009
15540.36972
15551.13671
15650.35559
15582.71586
15479.09832
15435.00505
15422.82481
15263.93877
15299.89246
15440.46391
15404.90855
15372.53943
15451.34852
15379.72664
15496.79210
15496.77551
15404.04021
15332.17403
15354.11586
15429.89477
15352.74470
15311.94066
15329.23536
15454.34042
15446.10228
15498.15430
15384.27786
15312.79137
15436.31090
15363.15423
15424.21601
15226.36209
15331.74997
15443.87458
15286.61032
15338.95412
15402.91976
15334.20598
15190.61088
15270.02351
15275.01380
15333.64090
15282.86738
15196.44015
15150.83441
15087.85084
15115.07478
15224.71388
15317.30259
15247.43001
15330.27358
15346.22751
15353.78848
15292.18233
15325.07650
15316.62643
15332.48275
15306.51572
15331.73261
15406.19797
15582.16251
15646.34568
15673.04869
15572.79996
15789.60259
15623.66336
15625.41362
15645.45449
15527.90945
15496.03000
15439.67671
15456.07731
15469.65961
15308.07283
15316.54601
15228.69609
15312.91794
15129.84538
15087.51379
15200.31424
15116.51249
15191.41636
15251.46289
15369.86217
15323.30375
15338.32218
15392.79605
15309.46309
15410.54642
15519.15255
15519.53150
15469.16019
15488.32754
15379.13559
15430.11754
15434.02953
15513.99285
15536.47541
15604.57163
15461.98090
15559.93687
15438.43888
15555.36350
15651.75061
15570.70968
15534.32822
15398.24564
15425.00913
15433.88688
15410.88137
15433.19351
15483.72136
15318.15530
15363.17936
15455.30664
15292.03300
15235.19050
15219.79678
15374.29426
15497.98541
15420.80451
15354.59817
15260.40672
15309.18651
15191.39813
15179.01869
15281.75436
15259.08274
15146.33245
15295.24509
15184.99553
15303.22970
15365.12405
15324.42295
15342.41420
15413.92221
15390.10893
15327.02631
15367.38684
15304.90405
15242.48055
15417.50560
15484.80198
15637.53851
15593.35724
15647.41467
15566.54587
15548.34726
15683.86843
15562.42870
15540.42605
15522.80416
15612.51620
15677.58137
15714.63299
15691.80628
15659.78503
15767.24061
15813.59173
15769.05450
15714.21455
15611.13044
15562.77093
15805.41679
15730.78844
15752.12418
15594.08408
15583.60882
15602.17820
15599.02723
15634.90487
15549.35865
15746.26089
15571.13701
15478.81890
15377.24443
15285.73476
15518.17338
15570.89583
15555.68849
15491.48207
15507.57175
15550.80077
15548.06240
15420.44728
15447.95850
15349.66291
15394.44913
15225.58482
15301.31491
15328.33324
15383.34420
15444.35923
15332.58326
15417.27464
15266.97709
15276.85296
15388.84702
15344.93857
15338.78280
15385.15865
15281.53315
15288.37848
15479.76036
15509.68255
15277.48342
15430.22299
15471.09606
15532.15240
15534.92240
15443.59017
15534.48839
15585.57334
15364.21740
15336.72184
15323.04665
15320.11156
15326.82976
15315.03326
15400.57717
15491.88763
15443.96627
15302.71174
15380.66195
15240.19524
15192.53837
15360.69681
15271.67198
15310.64702
15287.49268
15112.80638
15312.24570
15312.82683
15503.46237
15375.02589
15370.88911
15385.87959
15335.05367
15270.54763
15241.38673
15359.24604
15258.59587
15369.60873
15546.07587
15585.19159
15599.96496
15576.78472
15411.92197
15244.84091
15447.87902
15494.55260
15573.97969
15575.62033
15568.21103
15523.04397
15498.62947
15601.39331
15658.30396
15692.48422
15731.47475
15624.43038
15676.80670
15595.45641
15683.61709
15559.79784
15549.09729
15476.99213
15478.58506
15584.01849
15605.78717
15484.03249
15501.50097
15468.63074
15345.65920
15400.15517
15368.53828
15206.13508
15339.24396
15238.58895
15283.45943
15359.10153
15335.71755
15473.48838
15422.71664
15455.28813
15426.07797
15480.51410
15520.14371
15588.43108
15585.02637
15507.37284
15572.28656
15643.86708
15465.76368
15447.49043
