15617.79914
15717.83070
15710.39022
15445.11945
15397.30314
15445.53089
15387.73571
15566.24843
15395.76767
15541.52458
15438.54660
15614.71918
15674.92882
15509.70122
15472.85830
15560.90729
15545.00467
15651.15302
15497.16547
15480.66023
15436.25628
15538.25712
15625.54744
15567.66054
15453.78089
15410.01254
15511.45965
15428.03657
15499.95317
15512.88628
15329.05207
15465.93807
15507.29505
15704.40890
15441.93181
15755.60357
15681.75024
15728.34944
15575.21221
15435.10848
15548.21469
15363.20048
15613.96928
15542.13739
15744.86321
15635.29537
15656.66935
15606.43494
15624.54426
15685.76415
15685.79102
15598.59286
15468.14117
15560.86613
15623.10158
15738.99625
15673.12099
15616.36602
15588.01424
15559.67552
15761.82281
15885.54126
15961.19875
15764.88061
15676.60161
15566.54622
15737.69042
15704.87794
15764.96485
15680.65758
15786.28450
15668.10607
15334.04293
15349.19424
15452.89548
15667.37910
15524.02625
15614.89005
15603.77404
15616.88110
15645.73702
15557.48995
15612.09904
15659.12359
15553.96588
15692.99607
15641.86826
15271.31227
15396.98924
15411.36674
15487.75561
15391.19197
15390.03484
15464.04480
15616.43800
15545.20387
15561.60350
15832.86783
15551.18367
15389.58575
15468.41109
15546.78124
15604.97398
15507.16566
15488.97166
15485.56314
15455.07326
15535.80253
15579.01945
15680.01580
15639.72074
15670.95936
15615.31922
15460.18037
15658.09430
15737.91120
15566.58960
15380.18587
15322.99226
15706.00501
15841.20384
15663.38076
15603.56507
15662.08697
15442.74992
15554.41122
15678.14378
15760.52609
15852.28100
15921.51573
15845.51494
15740.31873
15634.62936
15549.27759
15639.06314
15374.56517
15501.50974
15627.48116
15541.19285
15473.81591
15506.51616
15640.28234
15444.07256
15573.98037
15629.73034
15701.35220
15544.85352
15573.48274
15522.90117
15356.84229
15471.33062
15567.94192
15563.85385
15571.51630
15553.61926
15717.27976
15710.92353
15679.32815
15514.98785
15434.90596
15399.33682
15393.75899
15407.53646
15576.52644
15619.42012
15471.90284
15467.18168
15498.46995
15594.29881
15740.90526
15624.99056
15565.60850
15766.73664
15694.15927
15712.33244
15751.46757
15496.47880
15611.92293
15519.71930
15533.71959
15559.56349
15447.72066
15437.78679
15602.16577
15620.02377
15531.25073
15590.54681
15848.10762
15752.89837
15772.58857
15473.08296
15252.12628
15273.87369
15428.65488
15492.02670
15478.13856
15513.46446
15506.68043
15662.15774
15792.13854
15714.08455
15538.20857
15453.60809
15726.56915
15666.19671
15702.32380
15647.39046
15614.24351
15475.00594
15498.40396
15697.21447
15741.76263
15740.96918
15569.60642
15605.00126
15405.79155
15452.88730
15622.06354
15579.08302
15745.44954
15563.22484
15712.55578
15653.04233
15624.46322
15617.76417
15695.20652
15587.63124
15662.97379
15677.55631
15525.96525
15611.87032
15798.31739
15629.88382
15506.36420
15642.07884
15604.81358
15660.73715
15544.02883
15702.88570
16072.45692
15791.98049
15523.84346
15785.16923
15461.01251
15498.71407
15639.28275
15559.60572
15821.18437
15802.76767
15625.11266
15425.12823
15604.59170
15449.21269
15499.43532
15633.32565
15536.09738
15329.63389
15621.17470
15462.14574
15342.35810
15414.58586
15218.05975
15304.02347
15322.13749
15399.43090
15288.15315
15504.89877
15529.49187
15405.25532
15458.20216
15691.33586
15571.27726
15550.70943
15287.53587
15279.41816
15593.76736
15565.68749
15669.07619
15520.11501
15640.80766
15564.53303
15530.27052
15652.46561
15621.48773
15453.42914
15614.55990
15443.76789
15621.29146
15614.04025
15569.35764
15446.79338
15452.96434
15672.69219
15678.96369
15477.09861
15463.97816
15543.86986
15561.44002
15639.51985
15633.17240
15717.39373
15510.97922
15344.49508
15491.71407
15495.02616
15565.52960
15622.87685
15804.48823
15599.42155
15545.03769
15590.72760
15757.95539
15571.58157
15466.20889
15484.83403
15611.71611
15714.26187
15552.32079
15353.19365
15650.73977
15428.19214
15518.26507
15654.91589
15386.24878
15560.98808
15296.10706
15312.87244
15447.07214
15494.51664
15557.97245
15676.56389
15525.23576
15515.83711
15619.34027
15524.66290
15647.63186
15482.27520
15613.24286
15559.48303
15482.34290
15567.43812
15464.78828
15488.72143
15613.58409
15683.10897
15525.27284
15648.72247
15642.09546
15778.17175
15562.69048
15329.77530
15287.85615
15426.98513
15651.66076
15534.45639
15592.29594
15556.33623
15478.86135
15351.83317
15408.91865
15348.63539
15525.78632
15796.11678
15800.99092
15785.72583
15854.16448
15843.20726
15576.50854
15589.95865
15359.87872
15557.17239
15636.56492
15536.79259
15302.75762
15434.60428
15525.48691
15599.01383
15561.35206
15488.96251
15617.97339
15378.70048
15224.76821
15471.25606
15595.50130
15579.82216
15388.13502
15647.93686
15735.43385
15542.29685
15430.57748
15665.83845
15624.43213
15546.31499
15432.54938
15503.75391
15506.83221
15533.47038
15502.77772
15609.78981
15759.58937
15601.54014
15515.15505
15575.86325
15370.51978
15656.57743
15757.13183
15866.99012
15683.39700
15629.89882
15518.38089
15779.77096
15751.76578
15428.35659
15603.26855
15572.55796
15759.30636
15732.69916
15657.32288
15760.92211
15521.22803
15398.96596
15594.13210
15513.54602
15410.98798
15677.02388
15703.61235
15618.68506
15475.77903
15557.11404
15581.56190
15898.58655
15805.22216
15708.90846
15757.27941
15540.61497
15563.09944
15601.48805
15788.37931
15665.39279
15463.11014
15663.36688
15751.98136
15729.30525
15662.39308
15784.05822
15521.39158
15557.80952
15643.65159
15717.01582
15487.36654
15361.47422
15202.80504
15443.87953
15363.29394
15581.70056
15542.82429
15803.95110
15324.89930
15469.74305
15631.36081
15568.98685
15746.53441
15832.24864
15718.40046
15687.75399
15567.00410
15570.24560
15578.06947
15553.66212
15508.30576
15597.78165
15499.76078
15716.82027
15685.47675
15935.43900
15704.30849
15561.02955
15474.18329
15522.20847
15567.30093
15618.89958
15597.04625
15368.64556
15440.39165
15215.35292
15510.14862
15513.76086
15260.52324
15373.04922
15311.91036
15480.25857
15472.75016
15947.43580
15778.27736
15733.09121
15577.53215
15711.89393
15491.49219
15364.69348
15386.41659
15610.89497
15622.72057
15439.22577
15479.68939
15739.40778
15517.30878
15296.52605
15461.00478
15445.36218
15548.31081
15684.73718
15556.50562
15592.27653
15565.88555
15610.26097
15818.85153
15683.72587
15791.51572
15650.03395
15609.03394
15415.38224
15420.23079
15397.95804
15280.10351
15466.14042
15306.63732
15398.35202
15419.09848
15393.40168
15490.86123
15920.59825
15741.69452
15584.73880
15547.54030
15527.38583
15594.42475
15781.80930
15591.44762
15565.63601
15636.07288
15714.98762
15677.01673
15764.81195
15850.64752
15708.70445
15421.52310
15522.47721
15658.56927
15611.80078
15502.13519
15474.67118
15530.33963
15387.10683
15383.52933
15566.32207
15599.22079
15512.65610
15417.55200
15607.41741
15435.48098
15481.29946
15570.30597
15597.49221
15684.55424
15737.75688
15728.40233
15806.09649
16133.06801
16042.14752
15680.63407
15684.76640
15804.73836
15495.66188
15578.16099
15516.34759
15717.72584
15583.63413
15421.44370
15469.40542
15713.45967
15646.98289
15692.25355
15744.52546
15394.71024
15520.40835
15596.84718
15437.36108
15352.75859
15688.20496
15612.08506
15525.31672
15631.29477
15749.36898
15654.68828
15652.78377
15390.59236
15739.53330
15574.84325
15545.42191
15425.09274
15549.69138
15494.28125
15501.94473
15561.62860
15537.76076
15538.11851
15633.59117
15452.16547
15491.24294
15514.37149
15639.84191
15614.84051
15544.67002
15518.01384
15544.77521
15520.47982
15702.05059
15715.96828
15614.16498
15559.81544
15375.79609
15508.35693
15508.44913
15659.95486
15489.15312
15570.64824
15451.34896
15531.95733
15511.01315
15588.63311
15450.41030
15595.81440
15737.50648
15519.24902
15338.47765
15601.24188
15709.48957
15531.96716
15475.81651
15530.85824
15487.48893
15570.90078
15529.65483
15657.54364
15612.47877
15535.48604
15726.36038
15674.90591
15518.64950
15566.02370
15583.95729
15645.27696
15565.54207
15583.54890
15619.04098
15571.98582
15543.03773
15817.17227
15830.86552
15771.70260
15726.99269
15354.86684
15360.52603
15503.31615
15655.13099
15502.77184
15696.29373
15587.78581
15506.02931
15557.93498
15665.98352
15553.16041
15561.33510
15264.94468
15306.62568
15337.77985
15606.99401
15608.65680
15372.26941
15470.78371
15623.85689
15421.03857
15568.22103
15355.28625
15250.54917
15609.45991
15622.26502
15717.77783
15502.88311
15584.62877
15533.24943
15545.93541
15512.04492
15574.00189
15299.85558
15451.41791
15331.70834
15465.23688
15557.44227
15714.70008
15658.96699
15648.20957
15654.90501
15678.59054
15647.45179
15483.15052
15553.74234
15376.31877
15534.82862
15675.60311
15527.71092
15856.84544
15734.97533
15450.94603
15300.16189
15482.85557
15506.58310
15550.27075
15563.45475
15441.33992
15280.38243
15415.18818
15472.96142
15551.82981
15569.35779
15862.75375
15778.64840
15850.11232
15672.44982
15569.58258
15629.67952
15578.59158
15538.02006
15646.72305
15759.04726
15830.00220
15538.94145
15474.53449
15523.85672
15297.23247
15225.69626
15343.04229
15443.05042
15418.33791
15376.04316
15751.08217
15667.41875
15527.89686
15365.73884
15606.36479
15844.47978
15746.91504
15694.31334
15758.67450
15729.03340
15616.91743
15599.92980
15667.51378
15617.90682
15569.02220
15522.97868
15544.37965
15489.54382
15464.27147
15534.66438
15549.10764
15621.94894
15523.27468
15479.95271
15619.44683
15416.21864
15574.07672
15793.19827
15660.53022
15773.43312
15852.24199
15722.80230
15629.99410
15638.07117
15469.50007
15483.50557
15696.64288
15740.24055
16004.70012
15712.71488
16009.72153
16023.54003
15498.69317
15583.90842
15594.80571
15621.36932
15730.16972
15537.47242
15740.12077
15807.22345
15645.90316
15708.73451
15497.02149
15431.70009
15625.85748
15642.94466
15800.03503
15647.62071
15641.23387
15617.27161
15751.22846
15943.74413
15737.67825
15688.58117
15891.19077
15857.29343
15878.53732
15876.86097
15583.04559
15473.89394
15549.79857
15409.74990
15495.60661
15551.94901
15585.40352
15638.45293
15627.78387
15756.88957
15449.18178
15533.41658
15472.62686
15355.80835
15340.22631
15305.75038
15491.74293
15482.96157
15404.50310
15478.71868
15539.89518
15605.71468
15526.41414
15587.56953
15494.66773
15345.50083
15633.00907
15568.39134
15568.49402
15476.30524
15717.75580
15720.55933
15567.78690
15552.73743
15539.59471
15594.26628
15789.32176
15898.39925
15576.04666
15547.75230
15518.24169
15627.13445
15461.00760
15418.38710
15580.83781
15518.90517
15526.43364
15322.38812
15464.48681
15604.67949
15598.49710
15763.30722
15649.60654
15604.69678
15522.71880
15696.84266
15538.48881
15577.50514
15806.95797
15761.13916
15803.09486
15732.12118
15600.48984
15576.32291
15659.28446
15681.11931
15551.30256
15539.60440
15578.58582
15367.43621
15510.75163
15541.92831
15333.62202
15505.74380
15566.49600
15533.52586
15665.85131
15369.95858
15403.50251
15375.80809
15303.47395
15394.96536
15420.20686
15386.06116
15458.88734
15331.60571
15335.93259
15531.93939
15688.62575
15450.44487
15728.69987
15673.66817
15636.87520
15673.62686
15565.56699
15840.56942
15829.64883
15833.93712
15619.15964
15663.55139
15607.42230
15601.21949
15354.89739
15449.32167
15384.39504
15506.95736
15827.16869
15697.75199
15609.30308
15798.26314
15506.35444
15678.12405
15546.01160
15427.76256
15587.04331
15718.33004
15693.08791
15590.84221
15568.31236
15642.05636
15498.58862
15551.21606
15293.52013
15407.28429
15310.91111
15529.10738
15549.75646
15601.34568
15530.81635
15237.87111
15440.67863
15634.88848
15697.65717
15818.79133
15565.33390
15652.44018
15603.10969
15555.52034
15521.37453
15576.04305
15579.66284
15697.63899
15557.47460
15572.86571
15513.32836
15434.88993
15723.69471
15626.06531
15694.20858
15510.25099
15691.19720
15802.58899
15870.81118
15827.63762
15594.17628
15691.68749
15522.96076
15524.74973
15715.66084
15861.05837
15550.34097
15561.86370
15487.46224
15552.78348
15410.66220
15436.14185
15419.18295
15917.77708
15675.08814
15522.70140
15538.63558
15594.42835
15661.58095
15553.71612
15441.62346
15438.03445
15383.39439
15457.99525
15397.99331
15442.35967
15383.00740
15327.90225
15362.17419
15338.25007
15411.66019
15455.08678
15493.45228
15392.31852
15372.13722
15574.84568
15511.46636
15510.41546
15741.23505
15583.75935
15581.51939
15611.93448
15569.00160
15773.97372
15617.57515
15399.81746
15608.60293
15429.32389
15442.06824
15516.12393
15527.97307
15571.41248
15429.45233
15386.95065
15558.90163
15650.27635
15688.76620
15840.48048
15665.08193
15636.70512
15457.48397
15483.64973
15500.15171
15454.36992
15580.47767
15491.73341
15470.49485
15514.86247
15764.84984
15488.02575
15285.48288
15255.74910
15506.63972
15524.74223
15693.00818
15765.60401
15455.56137
15525.10183
15519.10126
15561.68647
15622.45934
15588.24278
15731.81055
15845.18641
15774.43346
15611.97379
15625.26885
15809.64124
15784.17215
15687.43468
15555.80908
15264.37864
15474.25524
15368.20222
15456.35979
15419.91473
15512.93446
15657.92563
15664.06310
15907.87324
15776.53022
15757.46380
15472.74622
15317.18974
15451.40186
15681.55533
15481.91230
15520.84163
15629.43005
15651.65433
15440.12588
15420.78463
15373.93189
15313.35749
15476.38048
15734.02770
15786.03334
15685.49203
15678.64582
15566.30139
15423.84963
15684.22176
15468.01597
15529.64873
15731.81695
15538.16116
15602.63107
15566.70282
15606.11935
15406.92868
15215.10565
15339.55559
15422.83926
15551.17220
15590.71925
15593.33580
15508.59307
15499.21528
15505.43869
15624.11431
15505.26735
15545.69949
15388.86388
15479.12014
15593.77138
15457.94931
15835.55019
15643.89919
15626.10636
15501.67277
15541.46388
15547.63521
15479.49213
15616.74096
15483.36926
15606.33596
15484.24650
15461.57516
15744.41292
15536.44329
15320.78557
15362.91050
15617.44385
15839.78561
15592.93043
15559.76796
15296.22427
15394.37960
15748.47020
15613.76403
15527.29810
15491.37124
15448.96635
15587.97613
15495.52623
15422.03893
15358.10282
15424.23292
15546.50683
15693.17560
15618.82032
15496.07069
15602.95544
15500.80494
15141.91170
15096.29667
15297.97038
15539.77991
15626.17854
15547.10130
15400.13727
15469.16304
15505.18217
15348.23944
15299.64133
15433.45618
15972.51019
15784.60343
15611.67147
15437.43516
15442.71246
15267.74298
15432.38810
15558.64537
15497.53650
15299.70881
15371.58585
15439.00947
15663.39782
15567.62821
15638.11706
15601.84309
15579.19690
15650.63474
15567.05121
15516.04950
15532.28417
15383.06355
15474.30506
15500.41481
15619.54119
15702.99285
15763.11205
15641.77518
15622.84890
15788.12798
15681.47204
15456.88021
15618.71897
15721.98205
15569.38653
15574.02345
15553.35255
15422.50277
15535.02458
15486.99574
15472.36092
15556.88720
15579.13893
15701.65878
15672.26995
15616.33306
15372.55637
15495.17514
15466.62539
15662.66526
15726.40667
15701.33300
15485.74459
15595.26758
15607.76282
15749.24819
15780.22047
15646.28230
15658.12023
15312.56004
15470.48680
15705.75092
15581.67512
15523.14945
15447.37030
15259.30359
15246.24455
15604.50487
15664.04442
15560.70713
15338.18667
15441.01408
15504.03673
15559.78493
15516.83579
15528.31396
15568.48164
15507.36616
15460.17754
15394.56876
15321.06028
15522.67454
15912.62559
15715.04661
15597.03743
15604.70309
15836.46943
15641.78417
15553.62226
15473.44662
15581.74607
15333.94388
15577.66093
15798.52359
15749.07212
15701.75567
15551.53618
15391.19948
15350.87900
15479.59578
15455.31953
15415.18776
15441.75717
15639.37015
15646.94636
15521.28764
15815.54989
15655.03412
15386.43006
15263.64223
15370.62113
15425.60158
15557.11302
15950.16576
15699.32743
15511.97726
15403.57726
15563.61096
15693.78051
15785.64628
15356.59729
15280.15453
15457.26804
15679.52327
15584.78277
15631.12427
15545.33444
15464.13615
15715.03718
15757.91414
15699.24772
15470.22685
15446.22013
15556.27779
15740.60755
15734.74472
15683.10679
15587.40696
15523.93690
15538.36903
15511.20392
15512.45275
15541.85351
15623.71689
15599.00465
15473.97241
15658.76603
15543.12915
15498.03952
15407.59925
15388.89057
15162.46740
15367.17797
15381.59584
15540.55677
15582.21591
15380.97074
15634.41447
15742.39828
15918.87351
15825.26127
15568.54437
15757.83541
15469.18909
15643.22888
15603.46685
15512.16863
15598.37284
15488.00440
15546.09766
15456.13613
15478.64429
15547.13669
15473.97970
15742.04430
15666.15722
15616.45427
15668.88724
15430.18193
15396.88412
15523.55910
15609.99296
15378.03274
15531.77248
15443.32802
15598.89176
15655.57686
15565.17058
15517.99991
15855.68400
15533.74355
15566.23506
15587.44589
15511.44939
15581.23127
15603.38014
15654.68797
15648.56541
15755.03281
15677.09933
15708.12953
15694.07721
15473.62505
15376.41541
15447.37132
15433.85279
15408.22423
15346.94670
15333.00781
15436.95294
15361.31984
15438.07831
15554.18264
15543.54323
15407.27501
15627.21390
15845.24489
15506.23014
15537.85992
15500.68750
15659.42125
15740.23926
15502.79161
15561.29653
15362.99845
15430.57946
15392.87477
15327.65177
15365.75809
15308.85543
15527.77819
15541.32711
15740.19863
15840.40893
15767.40986
15578.29095
15578.54734
15544.18362
15610.81139
15689.37227
15540.31161
15323.44829
15358.07095
15392.97571
15547.31145
15689.11768
15664.77393
15486.17273
15500.13750
15373.66147
15371.03171
15422.54335
15209.95554
15417.10604
15344.95726
15606.64679
15638.67857
15629.28768
15994.67680
15577.79774
15372.56088
15453.39701
15539.35112
15675.88011
15657.88980
15425.71207
15604.54821
15444.86152
15224.24711
15447.46440
15408.96832
15537.73012
15411.96262
15397.97348
15460.13501
15388.77633
15458.78374
15493.67604
15691.40691
15544.22995
15798.36299
15655.54212
15713.44936
15494.29728
15468.97575
15790.98930
15930.96624
15786.19606
15739.07005
15740.30592
15376.99862
15517.29383
15392.00785
15565.62751
15468.65182
15544.39245
15538.57464
15472.11040
15436.39882
15480.03883
15343.23983
15369.32820
15609.41550
15518.87475
15464.01683
15373.74266
15453.98892
15480.86836
15552.47762
15518.99484
15572.45884
15428.07911
15843.58285
15819.81529
15686.87289
15578.86129
15543.83260
15712.42743
15690.32323
15492.35111
15470.56617
15514.73185
15363.04805
15487.58449
15571.49276
15376.70745
15488.14008
15537.08908
15526.76658
15520.01746
15302.36788
15395.87367
15359.06525
15522.71744
15554.63110
15372.85382
15438.57524
15480.90519
15304.88312
15518.75117
15461.24724
15547.51177
15409.63226
15401.09860
15576.13393
15580.90555
15518.16347
15578.01270
15391.04918
15547.24754
15600.77722
15585.36918
15680.37878
15629.61884
15705.09070
15799.36395
15751.91070
15884.76637
15435.14403
15589.58543
15268.76464
15444.03079
15622.16892
15594.53305
15336.78587
15388.77481
15482.56329
15345.27349
15532.34035
15739.39276
15673.80411
15384.88279
15601.49488
15535.84969
15795.01989
15513.80862
15543.92539
15720.86176
15587.95094
15620.75578
15546.18577
15575.02572
15424.81718
15579.48275
15695.69633
15902.72575
15881.05016
15671.61518
15625.19354
15636.20805
15774.25336
15796.67869
15841.21009
15668.39577
15722.81376
15600.71361
15602.93808
15442.43926
15540.06405
15372.95762
15649.13246
15771.86399
15801.85617
15581.42123
15485.32473
15454.83129
15419.04530
15550.53398
15692.03128
15419.65388
15484.48129
15400.51216
15402.34748
15479.17906
15585.75564
15610.81808
15385.06066
15621.37440
15757.23646
15623.55318
15534.11065
15502.49671
15577.05724
15486.62116
15803.80165
15607.68605
15349.80178
15297.29903
15322.98980
15502.91714
15495.20128
15418.65037
15346.97693
15604.87113
15688.20546
15765.03466
15674.26393
15630.39612
15374.98131
15359.29054
15364.02553
15362.05382
15741.99405
15623.05511
15262.59652
15459.59869
15545.20729
15559.80835
15540.13457
15455.49112
15505.74916
15406.14284
15553.38162
15756.00245
15778.06145
15639.59683
15922.87767
15877.67467
15712.36152
15590.51952
15446.52305
15531.12127
15571.08053
15927.06459
15505.73324
15403.23277
15535.73538
15488.17285
15623.08278
15666.99744
15681.93482
15677.73950
15515.26900
15526.89990
15450.27196
15459.26396
15509.28087
15625.32431
15528.75422
15766.97848
15725.32304
15622.46052
15531.06615
15599.30573
15639.99887
15459.28527
15639.35765
15693.98388
15511.08188
15583.10973
15610.24824
15594.47331
15804.14915
15775.78339
15690.80911
15653.18605
15522.66432
15598.04389
15464.48655
15553.73508
15576.82949
15520.94494
15617.17690
15574.12445
15381.51509
15373.08539
15469.91663
15488.17463
15390.96800
15558.13888
15487.97506
15661.41175
15631.25059
15615.88220
15214.70549
15385.92245
15627.14583
15363.38962
15432.27708
15507.81883
15507.26331
15404.68904
15483.33934
15463.68960
15326.31548
15357.15961
15576.02656
15681.93071
15543.76798
15474.60683
15447.74587
15602.81064
15600.91722
15444.18065
15528.99340
15517.50624
15539.83083
15686.67001
15586.11391
15631.61150
15491.38125
15749.47061
15620.14711
15269.85432
15434.89198
15628.03115
15409.82884
15586.06335
15519.73606
15445.57301
15482.24085
15318.99018
15400.68692
15443.98657
15407.06651
15376.55933
15669.11402
15605.40568
15618.39191
15638.39510
15635.00846
15713.50135
15678.68552
15704.92172
15766.82676
15800.86374
15733.63969
15700.51020
15558.86159
15396.17680
15475.82740
15389.96176
15420.01990
15733.92581
15627.12525
15484.18781
15761.28238
15580.06705
15792.48677
15676.96291
15508.36137
15807.60016
15526.83482
15514.32797
15522.30239
15714.79403
15789.43140
15542.16679
15678.10455
15849.35747
15620.23150
15627.68756
15553.71831
15575.51043
15557.09262
15586.37078
15792.55068
15551.60188
15700.30257
15378.67090
15646.60765
15687.83892
15681.51374
15564.80787
15580.24920
15519.31909
15592.42238
15723.60655
15808.00880
15719.97325
15639.90773
15340.05607
15417.68051
15487.52618
15574.11623
15601.08503
15565.20813
15696.70791
15650.62883
15416.51430
15568.93306
15544.34570
15705.97003
15467.00613
15563.96297
15598.79442
15345.61361
15737.72412
15599.96378
15484.22147
15546.98829
15665.44276
15761.24748
15453.96310
15436.82640
15545.62185
15744.40821
15811.64372
15722.87193
15669.98051
15423.66323
15419.78497
15511.86255
15432.32973
15391.95605
15578.58776
15705.54150
15532.07986
15423.68485
15645.99768
15783.22142
15663.31787
15728.80989
15855.10462
15787.08876
15674.37551
15615.76807
15490.72670
15295.97830
15236.80145
15397.62060
15266.22070
15557.59765
15604.41094
15556.34693
15622.30615
15487.13697
15517.56512
15322.59243
15406.96049
15647.86526
15805.50186
15866.72521
15818.56317
15851.72407
15909.39765
15454.27362
15333.26121
15419.20070
15527.08343
15563.46628
15480.35401
15418.08231
15155.13618
15368.74744
15463.19314
15375.74909
15466.85616
15494.57169
15579.20246
15580.66935
15788.22443
15909.43134
15707.29567
16036.88367
15893.66562
15854.50092
15727.43022
15530.37199
15634.27924
15562.75855
15654.66214
15724.61314
15534.69844
15559.10572
15526.87729
15445.79703
15352.90988
15628.05116
15650.62064
15613.38603
15561.27873
15416.07593
15546.27743
15368.48073
15272.57907
15499.91206
15572.09059
15588.13524
15385.90789
15648.53897
15323.11024
15293.21649
15683.11511
15608.60003
15820.06899
15594.73560
15463.33443
15555.24382
15504.33853
15535.05008
15571.44815
15662.52848
15524.84880
15433.82251
15175.74856
15257.37673
15355.68435
15491.76382
15309.02305
15373.95001
15552.05969
15480.93161
15556.98791
15692.06072
15573.28137
15482.17341
15583.19780
15585.40334
15723.31606
15724.97647
15667.99212
15594.89477
15693.41223
15674.83714
15687.00106
15476.73669
15441.15128
15586.35897
15423.25297
15565.49281
15584.32630
15470.85255
15584.47944
15575.94596
15640.41382
15489.63085
15228.41103
15313.07796
15385.08173
15509.78120
15732.73428
15484.11025
15444.63751
15559.72090
15586.86992
15743.05696
15752.27948
15774.29488
15763.47894
15589.92694
15555.13702
15660.57431
15536.37119
15758.63883
15684.76912
15595.82539
15590.79132
15643.99707
15691.34691
15864.64485
15690.62707
15411.47927
15520.42260
15713.86215
15916.44444
15733.86199
15923.08033
15929.36476
16019.38668
15624.81651
15450.17018
15834.55179
15786.97266
15728.34196
15818.93466
15508.44521
15497.59365
15489.01473
15726.95473
15701.64909
15507.83908
15531.64399
15643.88361
15704.33952
15470.26284
15582.45662
15616.97490
15533.86329
15437.93286
15387.31659
15291.03730
15604.67333
15637.66676
15861.57896
15570.11485
15631.99398
15528.91683
15536.13302
15411.01392
15456.29247
15449.03669
15648.53431
15624.44520
15704.92456
15579.15142
15616.77573
15538.77155
15479.57997
15266.77018
15262.73300
15312.43665
15210.81370
15289.02646
15565.38037
15444.87146
15729.34658
15632.35217
15539.95665
15465.87244
15560.25596
15486.03294
15280.07671
15482.51603
15678.20276
15497.71434
15577.16638
15437.81706
15383.84375
15374.66067
15539.93754
15698.98944
15687.48262
15550.07595
15617.70893
15483.07306
15723.02378
15801.92543
15602.95129
15456.65038
15579.03159
15667.93234
15624.01434
15528.81329
15440.91579
15612.40115
15547.96648
15388.11796
15285.96997
15346.23106
15496.60887
15573.83650
15405.25764
15560.06150
15665.08255
15510.00624
15477.45193
15790.73544
15388.63490
15378.80398
15417.92709
15497.82635
15693.65673
15400.89022
15462.79442
15728.74108
15510.48462
15487.09975
15590.91749
15363.72892
15719.35990
15741.05609
15501.70219
15548.53254
15386.46564
15339.92323
15665.55947
15583.71206
15577.68317
15713.60778
15623.32129
15595.06814
15527.40810
15916.28458
15727.26590
15482.69194
15486.55840
15421.57566
15610.68027
15484.83852
15525.45186
15436.23325
15568.42435
15700.75729
15597.79273
15313.79810
15430.85003
15533.56250
15528.33010
15410.27002
15424.05560
15690.46414
15383.32942
15787.78469
15660.63391
15736.30807
15541.82553
15628.53994
15655.13655
15600.58121
15667.99485
15411.26767
15524.83091
15581.58968
15319.84275
15340.25381
15451.83356
15612.50855
15517.80297
15438.30398
15471.82237
15674.30147
15594.37837
15601.97222
15559.51577
15466.42182
15455.04133
15467.59483
15580.79710
15468.73430
15451.54261
15388.27641
15430.38851
15511.72962
15492.66591
15518.50822
15421.06113
15361.01987
15568.60351
15850.72739
15671.47301
15627.36243
15936.88425
15934.65384
15765.03423
15630.84361
15854.12464
15419.91541
15542.19996
15485.42221
15529.05509
15761.02237
15913.72534
15785.02375
15787.30284
15695.65226
15658.71926
15642.49112
15812.40192
15723.10868
15839.93898
15731.12577
15774.31033
15715.81452
15574.23590
15642.08409
15529.89023
15406.86181
15568.19392
15539.72009
15482.34656
15237.43327
15496.11700
15591.94828
15373.55528
15448.55222
15514.28940
15534.80803
15728.38347
15569.57674
15528.91142
15830.72443
16063.74525
15722.42283
15656.52427
15441.31433
15460.80445
15556.28688
15491.58187
15581.98380
15489.00707
15433.70008
15626.26312
15855.48171
15572.00754
15728.41608
15819.46841
15583.44820
15607.62233
15694.87642
15431.55009
15382.73721
15524.18642
15747.76814
15528.45351
15483.31487
15377.54611
15443.35422
15220.97880
15437.83510
15633.32528
15413.48918
15529.10134
15548.94608
15518.77264
15745.92159
15765.95962
15604.84889
15606.37915
15825.75556
15493.91017
15563.24987
15667.48812
15533.73187
15396.12495
15401.31989
15631.91261
15669.01535
15487.93148
15653.41230
15498.02415
15283.24339
15614.45521
15547.70157
15572.17131
15697.98515
15618.53541
15579.20847
15483.43922
15699.65138
15537.08370
15678.38392
15653.46583
15800.37201
15729.45689
15608.63560
15588.20197
15679.64131
15605.22564
15664.80393
15659.80041
15655.41656
15485.99065
15514.92524
15435.21431
15709.54273
15588.07070
15634.95405
15571.41446
15295.46531
15420.94845
15525.43544
15403.66361
15574.10750
15477.18124
15394.94460
15407.59329
15498.65819
15405.35857
15351.95885
15526.61000
15611.63618
15594.17135
15631.10389
15711.31642
15570.73773
15503.83493
15380.70570
15222.01194
15548.43062
15668.00930
15585.36727
15540.89482
15293.60543
15559.11109
15671.56727
15779.75409
15481.13267
15561.99822
15514.17876
15393.08272
15510.35505
15729.17750
15684.71356
15767.85430
15839.41033
15657.75469
15565.12625
15547.91446
15450.77916
15539.74407
15574.71540
15551.19572
15233.32966
15259.58308
15362.65198
15691.09777
15500.77934
15619.73966
15644.99119
15737.12024
15751.64527
15734.15042
15643.85433
15687.44411
15660.32459
15618.47617
15320.61934
15485.56740
15499.71547
15388.40130
15442.45800
15658.12477
15600.80446
15541.30135
15474.00419
15706.10747
16021.19877
15881.36823
15878.21125
15623.56880
15467.01745
15471.68634
15443.51543
15420.25587
15456.12496
15598.71708
15646.15840
15560.27316
15592.84639
15583.50077
15585.93432
15424.00178
15410.85860
15531.63480
15461.97189
15402.92482
15639.58289
15416.86485
15392.18554
15604.00331
15593.51817
15519.63759
15422.82519
15368.63342
15785.93730
15505.41633
15512.28284
15693.98505
15575.31745
15497.02244
15728.38990
15688.28866
15709.35135
15445.51415
15553.78950
15524.83941
15536.92313
15732.24336
15858.25339
15827.30530
15788.76671
15578.65010
15660.96825
15402.91929
15478.32114
15517.82020
15428.12469
15543.60403
15359.67157
15392.32550
15534.82231
15533.57757
15448.55111
15525.64328
15549.24403
15366.79859
15498.16215
15444.12761
15515.56037
15622.26096
15735.32422
15817.96964
15818.60452
15699.81180
15652.19650
15466.68270
15562.92311
15680.56634
15463.77814
15422.17055
15593.73500
15531.88960
15574.14682
15579.88019
15691.93443
15659.14985
15467.02623
15349.51453
15463.03889
15496.08924
15550.82655
15428.20044
15603.57151
15730.71881
15558.95638
15449.42273
15468.70434
15758.26027
15763.16626
15921.48912
15813.97650
15697.28113
15558.36646
15567.74494
15554.97944
15697.46790
15786.47371
15676.18410
15751.40729
15647.08277
15491.73318
15383.86171
15567.74096
15432.81212
15505.84755
15401.01969
15529.14895
15635.44901
15479.67908
15568.95821
15505.44776
15682.75327
15727.77277
15473.43152
15501.73282
15553.79726
15927.01763
15480.64987
15667.06607
15496.25108
15604.03228
15548.91775
15706.09504
15654.63922
15860.22414
15405.18776
15311.43830
15432.30946
15470.55974
15475.15208
15368.94803
15520.43939
15539.67301
15595.15714
15543.56630
15578.55473
15666.81421
15704.81454
15460.33860
15558.71301
15614.62722
15507.36124
15649.71339
15747.03996
15757.61338
15586.97637
15652.34093
15586.82858
15620.77623
15700.59990
15566.94220
15551.19900
15605.83629
15836.29585
15838.35590
15641.87842
15358.44832
15306.26341
15582.82880
15503.16540
15518.46440
15444.31666
15513.00771
15681.27446
15792.54696
15753.03718
15437.58517
15524.38182
15610.24145
15683.07793
15695.50403
15630.03355
15481.91670
15731.11000
15763.60767
15577.71901
15726.69139
15680.61495
15766.95443
15451.14073
15540.35426
15413.44847
15456.92550
15496.81825
15630.84708
15747.89264
15635.32069
15708.96167
15701.39380
15717.19145
15590.79293
15482.41877
15363.38415
15435.68537
15543.69076
15814.00393
15816.41596
15880.11701
15712.42380
15566.60166
15525.57351
15358.82261
15452.28534
15353.51194
15534.42649
15510.89683
15627.70583
15644.30308
15549.85000
15593.19998
15570.81440
15389.94912
15587.13139
15759.29018
15785.44326
15478.75554
15071.63540
15395.53789
15616.92334
15287.97928
15497.63553
15513.08924
15712.25402
15890.99969
15798.72501
15893.36728
15690.74720
15513.34663
15624.54511
15526.91296
15546.62983
15677.77699
15633.67356
15617.80862
15752.08066
15809.17581
15765.29570
15564.81685
15436.32446
15608.64074
15578.84578
15602.34693
15679.80303
15791.05565
15726.24719
15533.52881
15627.88796
15387.62264
15578.26739
15454.44754
15502.52959
15567.15318
15515.49921
15620.15355
15631.78221
15578.71933
15458.55088
15464.84876
15600.76040
15313.48974
15233.82507
15375.66101
15411.50524
15500.05296
15338.58497
15403.14135
15498.39915
15342.37094
15550.47576
15362.65776
15295.17339
15500.33503
15633.97649
15895.16467
15848.52142
15604.48640
15551.00305
15788.46370
15477.88376
15466.57521
15390.75760
15470.05481
15619.63842
15604.51883
15609.26935
15518.11472
15648.81926
15448.55394
15387.17400
15393.93095
15514.47438
15725.13556
15663.77809
15420.20571
15732.15605
15481.65106
15398.16771
15298.22649
15499.63849
15648.51336
15577.69969
15568.91857
15602.34267
15623.38605
15744.24193
15603.99257
15767.71768
15863.60148
15751.28201
15664.69460
15635.82191
15696.52926
15627.42281
15626.99712
15451.96172
15585.30178
15876.91690
16010.72866
15943.14287
15531.17504
15504.76093
15580.82315
15713.21557
15825.75656
15648.45672
15384.79973
15528.94763
15542.08102
15548.06171
15676.30587
15642.35820
15508.59512
15599.38646
15521.08478
15402.58634
15343.59457
15634.26210
15678.83261
15769.19122
15467.57772
15647.59421
15604.67002
15439.34486
15597.57938
15522.69279
15582.19717
15447.48969
15483.12504
15615.66741
15802.55401
15689.68130
15345.82004
15585.99838
15655.62857
15769.93714
15400.31961
15640.54515
15599.46973
15594.74054
15617.07254
15492.68578
15634.86522
15605.71104
15543.95827
15886.34925
15838.31236
16031.74180
15798.32672
15699.83734
15517.53521
15482.37152
15653.23200
15455.03065
15347.81626
15594.82451
15585.88477
15740.25236
15886.31521
15861.24701
15786.80234
15749.40184
15554.22589
15498.75818
15512.88458
15652.18127
15772.75275
15683.22679
15599.26231
15689.33820
15757.90000
15866.32631
15551.01266
15370.29114
15431.02168
15434.90314
15609.49781
15411.87463
15460.82854
15345.40230
15305.87976
15656.54994
15760.12574
15637.66003
15680.77068
15700.35972
15796.58868
15660.86099
15577.98695
15629.16498
15582.86020
15596.29937
15558.13688
15434.72699
15424.38227
15635.96486
15865.47574
15474.95018
15562.89467
15588.05383
15716.39358
15424.11018
15376.33599
15609.86458
15653.69323
15698.50315
15820.66823
15622.03115
15603.27436
15472.06930
15573.66734
15772.41044
15699.29579
15628.63427
15667.67285
15787.77287
15547.27387
15598.31311
15522.73720
15499.96670
15752.54332
15663.87404
15524.93894
15564.14846
15803.00456
15748.31005
15830.97994
15483.26943
15587.24469
15606.76816
15691.43747
15609.26281
15471.41554
15543.01666
15646.64661
15748.85696
15648.37977
15711.68175
15730.50512
15641.38690
15621.68656
15572.64391
15681.01194
15542.01690
15462.00811
15459.64512
15428.53141
15706.19860
15518.53001
15608.07991
15750.44384
15356.16756
15504.76679
15598.81311
15601.95957
15571.84994
15500.62190
15512.03753
15471.56769
15772.42232
15627.50946
15647.42916
15426.38864
15428.81015
15399.47430
15287.91358
15329.90592
15329.67487
15374.20001
15479.36193
15619.73544
15504.89041
15533.88768
15722.46910
15550.99113
15332.31158
15353.65514
15631.06972
15662.66672
15547.11026
15660.21879
15715.30055
15822.71576
15646.60616
15655.83050
15620.33525
15580.54411
15361.46120
15606.92856
15744.95526
15735.71658
15638.95632
15516.81753
15629.98660
15411.64420
15672.79910
15584.17797
15655.40517
15817.05815
15683.72485
15400.35995
15570.60662
15384.59264
15247.53283
15345.67750
15420.99727
15343.43683
15499.13759
15616.07003
15760.58035
15725.71507
15834.71115
15710.83103
15680.58282
15758.86267
15648.29973
15649.70253
15842.96312
15658.89786
15365.28846
15560.97617
15482.30315
15495.63485
15411.29167
15520.94463
15326.38623
15513.46583
15309.32734
15470.30757
15622.97189
15517.50791
15522.10762
15676.09130
15957.47801
15738.53314
15527.52727
15693.71537
15491.35649
15468.58392
15326.42762
15608.41570
15701.00774
15836.44174
15751.21121
15777.59376
15464.09855
15641.51454
15588.92725
15470.31916
15368.97968
15514.46105
15456.03115
15546.21542
15462.25645
15359.39483
15310.50102
15434.66549
15286.38666
15546.07130
15650.10347
15512.02815
15516.82128
15682.85185
15639.90538
15631.25340
15647.65345
15585.73608
15302.69000
15689.92460
15466.83188
15403.47578
15458.84263
15495.09417
15779.22569
15634.66793
15605.53526
15685.48278
15497.00284
15606.40057
15526.71614
15541.78170
15569.26878
15800.66203
15722.09826
15799.04578
15602.95498
15882.33503
15747.76326
15429.58686
15271.56910
15454.59526
15604.75337
15679.69427
15347.84275
15470.65627
15632.44290
15621.75818
15502.41139
15654.25757
15747.97372
15579.73312
15483.14765
15618.13641
15727.73393
15591.71737
15472.89160
15548.88590
15506.30823
15672.90204
15713.98799
15437.15829
15481.64190
15705.24586
15549.66112
15327.66044
15282.06993
15400.46154
15464.37224
15662.73740
15708.98230
15592.26180
15412.21325
15509.05764
15585.47907
15709.23322
15548.45273
15503.69966
15373.08328
15541.15089
15571.27464
15671.72683
15625.55664
15792.95205
15510.38552
15503.90627
15558.09579
15547.73388
15601.68800
15617.34280
15644.24784
15708.13205
15572.95028
15545.72649
15715.61555
15571.00001
15676.18227
15436.10633
15563.87848
15429.31507
15465.81576
15321.10150
15477.70880
15393.19830
15413.40945
15614.77987
15648.06692
15695.73607
15687.86590
15592.35711
15568.42222
15591.44500
15543.40398
15552.77670
15570.34322
15513.13245
15571.42609
15642.06804
15436.53749
15394.26919
15558.55513
15744.96860
15703.25322
15642.63860
15623.63460
15705.25462
15575.84761
15668.89222
15440.09682
15412.22324
15619.77270
15800.17965
15648.28305
15580.07688
15643.38110
15420.71801
15569.59141
15433.86345
15545.13210
15515.38221
15627.01227
15661.32805
15580.11418
15507.82901
15810.19024
15644.37442
15588.57962
15687.79685
15482.49931
15449.69494
15578.74842
15543.98256
15419.18250
15481.12417
15623.40183
15725.96708
15761.74336
15600.11674
15504.64957
15577.00316
15642.20917
15426.36334
15456.73379
15604.01703
15471.36034
15459.35727
15349.07279
15437.08636
15458.70452
15406.72139
15451.00140
15675.94426
15505.29145
15440.64979
15392.77461
15385.85808
15266.17461
15527.68749
15582.96475
15452.31704
15384.96274
15507.18274
15732.90259
15757.01447
15681.29941
15520.66563
15713.11465
15672.31469
15374.39459
15555.71428
15738.97738
15579.74999
15539.63352
15352.27037
15566.69388
15686.74597
16015.58746
15803.49170
15542.11409
15692.99048
15871.31442
15762.23551
15754.97781
15813.77592
15887.66825
15826.93993
15825.15055
15486.60477
15289.84444
15567.68570
15769.08582
15622.15293
15509.82193
15571.72223
15743.11919
15587.51254
15482.47336
15301.18011
15373.67298
15629.29428
15549.23912
15729.61641
15615.89876
15671.30062
15296.64463
15617.11762
15478.82525
15514.51778
15710.03038
15655.50959
15630.21702
15628.40824
15227.04865
15362.42437
15518.72465
15547.09850
15569.04214
15535.42085
15426.34772
15354.57373
15470.79971
15634.73440
15489.93097
15717.77904
15781.32239
15736.05313
15747.21383
15828.60357
15775.14458
15681.72255
15373.84175
15411.71444
15478.73502
15523.94626
15635.66506
15500.63758
15496.31925
15616.08164
15749.52732
15555.06759
15646.40462
15840.21741
15555.83515
15480.90047
15317.47911
15304.88132
15488.54568
15512.17764
15535.13720
15461.32125
15373.88370
15322.86312
15501.86786
15610.83284
15384.98135
15525.30415
15429.25571
15303.76309
15152.83675
15377.70439
15674.61520
15521.97700
15488.81106
15539.70832
15566.88499
15388.20840
15547.32222
15658.99864
15845.39463
15538.86711
15620.64245
15548.11592
15457.90189
15485.86385
15600.61746
15855.90329
15503.38990
15461.32093
15596.10174
15338.13059
15442.75320
15484.98394
15638.29967
15740.48488
15737.02932
15575.40171
15650.34510
15853.00763
15691.12109
15476.45892
15762.86915
15593.52130
15834.41754
15650.14730
15661.86699
15673.19503
15420.71686
15379.99770
15418.38882
15493.81853
15627.65088
15805.12308
15717.37135
15612.22008
15655.82386
15681.38203
15685.53140
15784.37125
15813.94640
15870.15469
15758.59887
15781.87922
15566.15920
15553.22718
15428.86248
15662.30450
15649.36965
15634.27326
15587.01305
15744.72238
15494.78854
15497.07549
15566.57648
15583.49940
15581.61611
15529.30710
15511.65779
15368.68306
15537.25214
15465.57406
15575.09468
15731.50223
15698.75740
15685.12755
15599.45914
15443.98407
15516.29997
15585.30303
15672.47939
15493.60655
15575.34307
15654.73640
15582.68827
15459.19105
15545.83169
15444.92677
15564.88655
15808.08451
15678.67584
15692.30929
15389.39076
15467.94202
15703.87756
15758.83656
15492.54034
15406.39392
15327.74255
15382.09811
15647.28429
15513.78214
15667.00867
15719.18022
15672.70689
15593.58990
15698.74237
15564.42925
15389.06938
15404.62219
15539.32896
15390.58327
15359.67843
15478.48467
15752.56449
15626.53394
15569.79108
15445.38568
15333.70171
15623.18346
15642.80173
15734.52079
15812.48675
15697.24101
15420.93329
15347.13229
15402.20132
15518.90563
15766.84718
15541.47283
15648.32448
15596.31746
15530.59704
15568.23709
15794.41757
15574.33487
15684.19285
15732.48986
15776.84611
15385.88114
15719.66484
15607.01153
15682.32851
15652.56484
15444.22124
15479.76093
15594.08869
15385.03407
15465.17907
15619.63025
15567.36751
15790.16168
15746.84562
15596.96999
15490.86113
15444.83738
15386.69811
15520.95099
15498.51412
15571.46858
15532.02519
15484.42908
15587.81879
15473.64953
15527.40853
15550.97727
15453.94272
15578.48099
15487.95452
15455.88206
15749.64520
15729.52825
15740.82512
15620.17376
15560.83506
15688.30779
15560.84499
15744.85577
15766.75996
15738.43354
15781.19436
15804.11148
15708.61995
15424.16596
15410.70408
15559.73659
15755.96747
15849.22840
15892.22830
15678.71921
15453.07425
15471.16465
15704.10672
15554.20596
15517.19428
15554.36888
15544.48197
15688.55768
15639.05861
15584.82197
15384.66885
15753.30947
15760.31142
15518.31099
15456.16517
15334.97908
15486.94636
15682.23310
15528.19645
15634.34523
15529.51216
15684.83837
15513.80023
15585.14683
15566.15306
15704.41006
15645.57041
15483.49917
15528.00495
15510.15372
15693.38861
15570.82202
15561.90049
15454.44362
15657.82001
15426.52066
15539.13189
15700.55921
15795.79269
15636.42344
15580.47047
15685.49866
15703.85124
15707.36412
15625.85114
15654.80494
15518.85067
15417.96551
15536.96328
15677.76801
15720.20328
15626.59414
15654.97475
15466.54792
15526.62457
15511.94795
15363.13425
15734.26293
15774.69334
15379.22851
15395.04246
15429.99539
15486.98875
15561.80737
15613.49878
15713.31865
15539.20271
15348.34244
15533.90463
15572.93304
15684.31548
15612.83436
15698.40112
15717.80061
15582.81676
15621.67132
15750.08472
15726.73279
15932.50187
15751.68717
15545.08767
15571.38588
15628.18781
15677.86199
15636.71209
15849.95087
15949.43475
15534.49492
15410.83142
15409.03036
15543.74264
15776.99258
15669.21412
15508.59834
15440.21041
15522.94022
15599.53793
15468.40008
15581.67799
15472.07709
15679.24679
15498.54752
15443.93766
15733.99709
15725.50557
15582.58215
15623.65161
15433.70467
15403.15553
15565.24413
15588.87876
15647.30015
15363.25721
15388.16038
15557.49508
15795.68072
15631.40271
15576.55752
15538.50208
15344.13695
15417.58168
15565.81541
15368.20642
15429.88705
15709.30514
15515.96089
15295.33566
15515.96611
15593.28454
15471.83569
15387.71637
15398.90852
15415.83064
15530.78739
15529.70885
15453.81794
15468.40558
15626.50006
15697.84751
15532.24563
15791.96383
15798.42368
15825.29946
15735.85831
15683.42086
15444.92370
15371.29272
15514.45645
15515.54174
15404.67372
15699.15488
15629.88889
15633.21485
15500.98134
15392.37949
15503.15453
15544.09802
15440.27738
15677.20015
15551.21023
15672.74075
15510.31247
15406.13959
15410.04443
15682.42893
15641.00809
15867.54291
15845.05323
15716.18308
15675.41752
15553.42821
15468.63256
15419.09821
15375.79390
15573.89885
15697.92597
15410.15120
15741.86144
15768.22617
15833.66186
15695.01676
15563.79080
15640.60173
15409.13222
15380.03572
15612.54631
15472.77487
15345.20465
15362.11250
15261.32300
15243.44797
15352.89318
15425.69959
15428.17205
15545.42464
15668.22438
15409.01401
15479.83219
15478.35990
15568.18514
15519.52949
15419.26183
15401.11662
15353.93874
15536.47439
15493.20815
15654.95731
15563.77816
15274.79050
15702.83694
15767.68523
15418.19786
15243.57120
15322.16226
15541.02010
15629.91456
15782.01460
15462.70800
15391.42896
15245.44611
15288.44339
15786.43761
15569.22632
15342.46659
15390.22480
15827.77097
15789.72392
15698.35399
15648.32931
15701.21230
15621.91060
15571.81892
15890.89952
15437.10735
15318.12435
15550.80908
15517.63720
15501.89537
15390.99540
15475.87288
15568.74702
15624.03642
15674.42587
15635.01268
15510.04166
15620.15609
15602.54085
15457.58538
15401.21068
15565.98016
15258.42005
15324.95998
15527.75130
15859.62653
15783.61110
15718.17058
15776.67366
15567.95112
15516.89706
15777.23671
15547.99241
15549.38115
15416.69520
15627.92575
15649.28879
15757.79574
15759.47319
15726.49730
15962.02334
15768.16158
15681.01931
15540.17703
15525.29807
15706.11337
15349.07002
15540.63748
15561.56979
15375.01143
15365.25415
15667.73485
15446.61542
15389.45986
15487.22632
15364.32343
15423.64539
15302.26909
15485.98639
15670.56691
15606.51520
15619.04894
15652.48136
15604.92033
15632.59977
15777.58010
15794.45679
15579.75679
15483.58709
15537.64282
15434.20355
15467.06963
15451.73059
15512.68897
15676.64550
15687.78922
15461.43036
15257.81555
15320.37334
15439.92785
15612.81010
15344.75955
15380.95425
15375.41856
15512.53080
15672.47629
15657.07531
15548.83888
15505.08890
15621.93147
15608.11057
15748.01663
15741.39604
15586.62734
15666.95108
15643.99220
15595.37192
15711.51420
15588.34473
15474.64696
15500.13795
15552.87402
15517.72694
15396.06991
15586.36020
15558.56903
15682.86015
15523.88764
15564.56475
15534.72229
15523.29236
15840.98791
15495.36132
15483.09973
15652.99967
15544.22557
15709.18085
15660.92091
15709.39958
15564.14432
15418.47685
15402.83986
15476.34634
15717.24630
15564.94763
15694.82403
15699.80246
15594.71135
15560.10671
15571.40215
15746.98358
15547.14629
15622.08253
15671.95309
15637.13377
15579.44842
15401.23064
15655.20016
16069.19573
15829.47754
15517.20165
15600.31064
15432.22052
15285.28226
15461.41115
15489.96733
15613.23068
15457.43849
15685.64121
15653.95663
15570.53598
15456.36712
15450.19060
15419.09969
15455.71979
15439.00338
15671.82555
15694.17404
15556.82166
15577.23547
15436.65592
15540.13285
15625.49200
15552.87397
15604.42558
15446.49931
15567.24021
15564.14509
15740.59135
15521.75298
15647.88530
15772.53159
15510.25005
15385.86370
15507.23600
15422.55127
15383.70041
15501.02814
15708.44028
15615.09437
15548.08701
15457.14855
15573.93978
15509.82270
15460.68561
15421.52411
15555.83292
15611.24238
15508.19032
15765.69878
15616.35648
15562.62139
15705.83291
15629.69516
15853.42162
15825.20750
15497.36412
15533.24873
15411.76451
15445.57568
15557.00352
15454.52914
15381.86693
15459.14114
15395.14696
15372.86842
15415.72011
15409.50656
15459.72339
15576.41705
15415.93647
15608.54756
15641.45123
15611.22494
15361.57229
15471.91744
15797.29632
15702.26300
15729.20142
15639.74923
15620.00908
15510.85357
15404.03242
15326.35179
15517.60286
15526.83546
15403.99965
15616.23942
15490.93684
15439.89719
15474.04820
15616.76167
15644.22485
15735.98811
15648.71939
15672.09266
15436.48252
15493.95531
15585.03967
15808.94962
15740.21017
15726.24894
15576.24652
15616.33748
15709.90583
15748.08725
15695.72426
15742.48180
15663.31381
15555.50800
15634.67112
15683.57683
15388.40907
15522.75134
15366.29386
15517.63659
15435.14760
15663.32107
15524.78245
15552.94498
15647.71627
15467.83491
15830.50402
15706.45706
15350.09626
15381.24167
15380.58918
15476.83874
15533.56659
15783.67843
15590.11721
15392.48896
15785.96793
15431.89687
15565.96686
15327.40967
15257.95297
15381.94658
15526.09287
15469.94908
15375.40266
15407.60521
15483.10656
15594.77518
15661.18707
15264.21325
15477.62870
15473.22235
15494.17640
15734.02920
15719.79522
15712.95972
15458.56808
15409.52143
15651.43013
15668.08482
15698.92862
15467.78598
15375.55382
15657.37792
15715.98402
15735.36424
15673.18023
15713.05531
15631.08131
15504.99700
15633.51313
15568.77642
15463.34782
15706.73950
15895.13303
15933.36714
15761.36572
15556.81656
15425.17445
15512.27392
15796.14393
15550.75408
15862.89410
15757.13463
15618.03186
15374.73337
15345.21471
15469.74754
15662.33825
15465.31026
15581.94389
15597.73719
15598.27593
15635.45556
15479.86511
15535.74424
15615.05256
15625.48308
15701.31360
15694.87869
15630.84087
15463.20568
15415.39958
15290.26811
15497.26272
15538.17176
15845.11630
15707.22761
15647.30160
15393.74121
15574.75280
15477.76508
15498.28395
15683.18347
15751.24397
15681.53981
15331.52343
15431.47881
15628.15995
15744.90823
15563.88747
15666.64134
15793.77655
15784.92073
15569.94499
15494.77779
15464.49115
15490.64163
15745.80577
15601.75357
15562.40958
15656.19678
15639.02315
15660.57054
15836.79515
15564.04016
15607.45979
15587.51591
15574.38776
15633.19473
15488.08054
15712.18538
15691.98007
15531.67515
15567.85286
15558.26913
15505.81323
15390.80410
15508.34591
15606.99784
15604.89075
15532.74869
15316.12783
15652.04682
15565.51861
15480.04625
15527.41995
15681.09599
15639.64691
15602.91461
15455.40980
15806.51046
15893.67469
15884.30285
15665.40816
15508.63827
15528.15941
15511.19067
15442.64473
15458.60187
15558.59453
15655.74936
15340.37744
15301.52264
15367.80671
15396.05749
