15242.53072
15411.83033
15293.10861
15257.43694
15244.78080
15191.52550
15058.87494
15042.96380
14961.87825
15038.30150
15019.05793
14927.52000
15036.12465
14974.52484
14868.78780
15011.92737
15088.64500
15068.85092
15166.07868
15043.09150
15132.91523
15198.02355
15279.97909
15391.18289
15288.10545
15239.88047
15033.13486
15221.99851
15365.20480
15353.39514
15214.68275
15162.59095
15141.23514
15176.66630
15179.65944
15283.69403
15299.12383
15413.55931
15460.69636
15315.74916
15352.61438
15318.76972
15367.15449
15309.97012
15263.75560
15180.45784
15357.35448
15419.07371
15387.03430
15294.61000
15305.14357
15467.73185
15410.51793
15267.97864
15045.97471
15163.79789
15082.70142
15128.43067
15200.43319
15276.07649
15196.45134
15287.14515
15545.13014
15368.07704
15209.63594
15149.00304
15083.50662
15145.93179
15253.84449
15243.67363
15289.09218
15282.82051
15488.74258
15509.24614
15476.43159
15406.72553
15403.25499
15433.06839
15660.38535
15581.19989
15701.29404
15647.67703
15765.59512
15710.57822
15775.64204
15712.75592
15533.62876
15410.84032
15431.76262
15515.85635
15506.38964
15408.12217
15368.58104
15218.80627
15145.27521
15224.34536
15074.34190
15195.34423
15057.69674
15115.90000
15096.06062
15103.18583
15145.15030
15167.40934
15186.20787
15244.88773
15185.56814
15285.17160
15261.89625
15211.68162
15375.20450
15356.20722
15315.31433
15420.53328
15327.89005
15072.30139
15020.66507
15020.13561
15208.44903
15045.36862
15182.05527
14999.78263
15027.02962
15060.12313
15280.66976
15338.79347
15277.32881
15270.66188
15378.26479
15256.50429
15225.47467
15212.03043
15167.13973
15301.10554
15213.21539
15228.10585
15291.61712
15215.39599
15283.32045
15272.26374
15317.38609
15181.58800
15188.16957
15193.70310
15219.83070
15111.34765
15162.53236
15255.42836
15214.14538
15178.96658
15232.29953
15158.56182
15276.87829
15265.64493
15201.77692
15231.63489
15175.87795
15061.94685
14887.99716
15071.77936
15103.17234
15049.15083
14927.13947
15051.57073
15070.88011
15214.55542
15177.23651
15276.66411
15335.35452
15346.51461
15333.69321
15223.97306
15169.00180
15278.48708
15265.24610
15209.34096
15170.36879
15130.57780
15203.86267
15261.65367
15297.31209
15261.79478
15341.43737
15433.41239
15417.15397
15259.95559
15398.79442
15248.55171
15315.21452
15286.53385
15439.42486
15428.03036
15399.76566
15404.44640
15487.31216
15419.36546
15383.53048
15392.40867
15365.92829
15276.85176
15387.65724
15460.05216
15530.44478
15355.14044
15218.18208
15303.65511
15279.17400
15237.20793
15305.11032
15265.88287
15225.46813
15391.75111
15394.55003
15349.01424
15321.06409
15140.50192
15269.86637
15309.45443
15267.94953
15124.81637
15249.58130
15294.84367
15367.79004
15269.44018
15125.47191
15083.57360
15225.78981
15289.78958
15241.10685
15277.91661
15100.55455
15168.04272
15158.10810
15150.22759
15088.79916
15226.05061
15134.14596
15245.65996
15410.32214
15636.14385
15536.68595
15424.48444
15365.97464
15296.48646
15309.01795
15322.75334
15260.14329
15387.08420
15433.64402
15336.65872
15331.51588
15229.03739
15188.50865
15382.33475
15203.00548
15219.20558
15251.53076
15289.19045
15310.80685
15354.50949
15459.10101
15301.35440
15354.96749
15451.73432
15328.15749
15298.21062
15251.99735
15411.26492
15369.69511
15368.47119
15318.36457
15366.65172
15396.66918
15401.80217
15479.29042
15474.48107
15588.45562
15529.47674
15559.99109
15599.77516
15629.32248
15535.68263
15411.53682
15486.08130
15437.76471
15438.10192
15335.06927
15276.67820
15279.85372
15358.21272
15348.81799
15447.83623
15254.30871
15315.73006
15393.07333
15280.02248
15165.89271
15226.47008
15436.34350
15394.75614
15382.87632
15433.27054
15363.94700
15298.33087
15090.90068
15061.75732
15098.86040
15148.79606
15235.52288
15250.68432
15322.97129
15314.27284
15333.92500
15330.72042
15496.18848
15361.64433
15314.49148
15366.55638
15410.31137
15273.69380
15248.16344
15271.14891
15247.31991
15263.08348
15204.96107
15443.26863
15341.76336
15195.65823
15245.89675
15245.16942
15157.79329
15092.55293
15145.88179
15174.49225
15465.46283
15211.28881
15240.06119
15174.24565
15330.31831
15160.75437
15336.64242
15346.31266
15334.30068
15353.55227
15233.08047
15427.96853
15577.82482
15605.77728
15509.27586
15385.49625
15524.37903
15399.12133
15313.52168
15444.74607
15388.57465
15334.13888
15306.45189
15357.62712
15269.95421
15139.32368
15069.25165
15144.07682
15290.96564
15281.93741
15310.15703
15168.06677
15147.10841
15168.11906
15310.24675
15144.49038
15102.87413
15164.29171
15306.63685
15268.26719
15227.13838
15132.05595
15159.08975
15274.70551
15161.16869
15138.91752
15138.03130
15118.45122
15242.98525
15319.41006
15275.59934
15185.21205
15318.41647
15241.27832
15214.15100
15237.38934
15231.65419
15273.62470
15306.37312
15262.87439
15553.82143
15469.50725
15314.61781
15328.83004
15419.79810
15363.51341
15457.06007
15434.50719
15404.07881
15409.86712
15416.29688
15518.28601
15494.11838
15493.20870
15576.42300
15480.53307
15391.67972
15344.80194
15388.69259
15458.08793
15398.70912
15306.15900
15321.99635
15256.64643
15424.75737
15565.76090
15509.92413
15443.06058
15269.77226
15153.97425
15369.89535
15367.05046
15331.64871
15227.21008
15410.16893
15286.89363
15277.40067
15322.66836
15230.49574
15304.21629
15204.05975
15258.41057
15234.25429
15291.77559
15385.37001
15328.02685
15465.83544
15310.12528
15381.45082
15387.96243
15398.64224
15327.71782
15305.30027
15290.70736
15284.18773
15455.55179
15519.76168
15439.16178
15334.93914
15271.23729
15295.15921
15247.95458
15290.29175
15292.15210
15192.98784
15038.48178
15090.82069
15303.18741
15214.90663
15103.89883
15160.71687
15279.91150
15228.52167
15194.44394
15040.11025
15257.42940
15330.50997
15294.05412
15405.69857
15281.44235
15358.43758
15346.20087
15370.73766
15221.23818
15214.59917
15286.04051
15302.46947
15255.55685
15172.25630
15258.87197
15190.73481
15314.67634
15502.12061
15326.65878
15316.62321
15318.83888
15281.74874
15227.01394
15204.27806
15276.60706
15324.39511
15307.50655
15165.92635
15136.82423
15170.68399
15322.35355
15303.76480
15316.55452
15193.25866
15126.16887
15149.50260
15133.52061
15142.03257
15163.97691
15191.37798
15103.69291
15115.00630
15114.32905
15228.71586
15052.26058
15042.35260
14918.68245
15010.25340
14962.08843
14974.58077
15070.85386
14950.36463
15032.30224
15186.71441
15196.47742
15287.84844
15308.50450
15243.01785
15166.27276
15180.61751
15291.21420
15308.86086
15400.39016
15305.01138
15259.15370
15132.75860
15160.39023
15059.63652
14978.64740
14969.15853
15096.54181
15148.16745
15138.05533
14889.75995
14979.89213
15003.71173
15050.34819
15020.86118
15263.58435
15049.82119
15148.65252
15162.06599
15222.78745
15286.30119
15231.40513
15234.65057
15412.11229
15462.28387
15296.17881
15291.11276
15212.52345
15203.89184
15270.73064
15201.46699
15166.39083
15364.17669
15395.04716
15287.70078
15254.13540
15157.85221
15110.49965
15281.02745
15248.37512
15280.01664
15334.02684
15370.44569
15338.23857
15346.95207
15170.20666
15220.80498
15422.54023
15419.11974
15356.58784
15215.36983
15298.46998
15340.48152
15288.32352
15493.61412
15472.33618
15200.55155
15345.34592
15195.37952
15133.74146
15059.37599
14911.39694
15196.49345
15124.68266
15122.22558
15333.68591
15274.79007
15235.75793
15231.97087
15100.06886
15175.77883
15107.54912
15211.78211
15299.80963
15127.26019
15127.35986
15193.28853
15215.90769
15196.24502
15290.07681
15336.22854
15358.89153
15384.35434
15449.90113
15437.12557
15384.81625
15235.67643
15352.04610
15340.05587
15456.02454
15352.92839
15263.17234
15350.26996
15372.08554
15299.19692
15342.42785
15428.54299
15469.34460
15668.45240
15570.43790
15563.67382
15621.17511
15580.59746
15504.03872
15506.66124
15354.89845
15313.85339
15281.22762
15361.64917
15423.40940
15490.58370
15379.00435
15293.30739
15280.34268
15234.10292
15177.62920
15189.63977
15054.05944
14907.25764
14944.66011
15041.67081
15076.86191
15059.06887
15044.40606
15254.78923
15260.16520
15241.93476
15230.18604
15305.14247
15405.51134
15596.16045
15520.93964
15478.20571
15370.86586
15273.98724
15192.95959
15169.05645
15114.95930
15218.13371
15300.17031
15321.10962
15152.34886
15023.40672
14999.67396
15210.41595
15189.13784
15224.89893
14990.50844
15012.97616
15169.25978
15359.03465
15344.78883
15256.22033
15222.97372
15151.38319
15018.63790
15014.00197
15128.61381
15029.80734
15267.73652
15172.60799
15147.99316
15115.49638
15104.32241
15200.67255
15195.54636
15034.82579
15119.01858
15002.78202
14972.48216
15013.28568
15023.86175
14949.37497
14928.57853
14925.92732
15044.84659
15171.20676
15170.10702
15285.42874
15372.88175
15425.87672
15488.00461
15447.72894
15538.72711
15550.73926
15391.56129
15415.99806
15353.46322
15513.36309
15436.15913
15437.20398
15357.26962
15324.46215
15354.25370
15362.84707
15241.15079
15378.04864
15289.76635
15182.23151
15135.86804
15123.42235
15186.24136
15142.76516
15257.68692
15274.69651
15167.66322
15116.95257
15098.18613
15135.45915
15031.59850
15226.74679
15101.96931
15198.86511
15118.67014
15055.40804
15048.30131
15189.05342
15279.58016
15185.63912
15225.19599
15226.78892
15112.45982
15325.59042
15485.85049
15318.97824
15260.53511
15337.42431
15365.63985
15385.70642
15439.90519
15340.74525
15298.37247
15395.06882
15384.02076
15315.95961
15316.28517
15420.19639
15411.38655
15414.28143
15447.56879
15524.98504
15560.66062
15551.37606
15550.43628
15540.11017
15617.64939
15618.41805
15649.89891
15694.02676
15505.99937
15317.04938
15447.76946
15217.15545
15364.91932
15414.59155
15438.37796
15361.87186
15333.65758
15326.66210
15341.40380
15189.08391
15090.32255
15255.73986
15148.58218
15243.85719
15192.85102
15049.95358
15062.81294
15252.06126
15270.27692
15470.23851
15343.09272
15542.78380
15440.03404
15504.37186
15399.44350
15402.93106
15413.99573
15356.32956
15261.94148
15405.19800
15417.23531
15453.98926
15578.46537
15486.36509
15322.93052
15369.99389
15469.14948
15459.72987
15479.57655
15451.80144
15350.15350
15242.06205
15329.62741
15390.65471
15509.15885
15400.63069
15429.00137
15284.24639
15215.09423
15424.51425
15379.54101
15503.83743
15498.57752
15269.08572
15382.84246
15392.89613
15337.48167
15259.29339
15239.43397
15187.91137
15191.40557
15251.13007
15201.93850
15162.25578
15051.58698
15058.76673
15081.73665
15082.46093
15071.02436
15013.22071
15165.10472
15265.16835
15306.58323
15320.96921
15481.14442
15409.26697
15312.04541
15296.64570
15314.94117
15152.11739
15290.43291
15279.83516
15373.07864
15462.11297
15421.06637
15495.75455
15576.50839
15414.65359
15441.36759
15401.33302
15287.49757
15433.98460
15314.26875
15505.80646
15525.42548
15481.23018
15461.24753
15504.87598
15531.36011
15496.55746
15551.58054
15545.60122
15423.19809
15324.46382
15361.27370
15242.08062
15161.16015
15202.66345
15192.17745
15178.31784
15241.50178
15306.66979
15301.63148
15287.06672
15194.51221
15213.51501
15303.37313
15225.48157
15195.65436
15400.56682
15363.22601
15314.90404
15371.63512
15523.01451
15384.38663
15347.21825
15318.12618
15282.40130
15216.16089
15252.29931
15330.90034
15391.28100
15232.24950
15322.73388
15479.79450
15452.21316
15566.07563
15430.60810
15371.03539
15410.81969
15340.57559
15363.73564
15270.81411
15083.38844
15051.00504
15099.98303
15056.88588
15091.06972
15281.74109
15231.69850
15311.33969
15161.88897
15180.27878
15241.00515
15243.64402
15070.89543
14908.36725
14900.58515
15085.07679
15159.87158
15129.38425
15265.55649
15352.03699
15226.20314
15231.68646
15126.67717
15198.04230
15141.82823
15197.43854
15040.90614
15145.20019
15279.93046
15312.06644
15162.43975
15170.16823
15239.95234
15195.53044
15279.81588
15159.66627
15172.47513
15206.02024
15127.70615
15202.74625
15289.93147
15243.81564
15223.33451
15269.27574
15338.58877
15211.26613
15125.67660
15179.42791
15191.56116
15107.20161
15075.43145
15038.25598
15067.13270
15144.88675
15079.60935
15300.50403
15211.95806
15289.23277
15241.69572
15236.84311
15209.81126
15284.17022
15193.92791
15059.97229
15048.55666
14980.57838
15249.28243
15046.26978
15152.01493
15251.12257
15473.55375
15410.64727
15431.72788
15263.08654
15425.79163
15331.08458
15264.51708
15189.48023
15136.93674
15172.48177
15065.25687
15182.46337
15149.37326
15056.65352
15063.05304
15247.48205
15261.63777
15187.05157
15204.57902
15248.87563
15138.22423
15214.68235
15198.71143
15257.43856
15278.81543
15394.70926
15394.74684
15476.82107
15375.41639
15367.55913
15314.44613
15222.26751
15398.50687
15326.89522
15230.74887
15248.24589
15312.51315
15437.48361
15415.90504
15502.20490
15471.01942
15362.89808
15476.16698
15602.86713
15744.71204
15685.77174
15732.22381
15723.94419
15631.05340
15412.21225
15383.20587
15313.00196
15172.83665
15151.29136
15231.96030
15317.31080
15287.24826
15255.77156
15312.44613
15284.00744
15364.58695
15543.40256
15500.01119
15433.77353
15257.59240
15254.29988
15245.18569
15366.88270
15240.68321
15299.20342
15340.44018
15428.78016
15199.67392
15364.19147
15394.45772
15421.52677
15319.56556
15462.34152
15339.74679
15424.61225
15075.98902
15116.09219
15080.74651
15160.13662
15144.83508
15175.44365
15206.45707
15099.60012
15072.81004
15163.49267
15167.78606
15201.97885
15234.61789
15145.90114
15275.62874
15255.64767
15264.84365
15167.44352
15230.85754
15202.40669
15097.85217
15306.65952
15210.30849
15026.91420
15019.50969
15114.56000
15162.88611
15154.69458
15043.92082
14965.87465
14929.40831
14950.23936
15102.35510
15155.26949
15127.81065
15101.44851
15140.40253
15116.38763
15244.18669
15221.89451
15161.53010
14969.64311
14958.19466
15012.66519
15168.04940
15281.87773
15110.97661
15171.07977
15234.31323
15178.45768
15196.53702
15269.94565
15286.70045
15320.04923
15243.64060
15141.71698
15252.69777
15162.46275
15298.21345
15308.66354
15351.62216
15292.45787
15224.80700
15148.90421
15285.63880
15304.77515
15412.04652
15364.15064
15337.15644
15369.20284
15266.62184
15330.88842
15486.19028
15350.58131
15416.69608
15233.90416
15289.53592
15174.33900
15308.05834
15231.60641
15267.72325
15305.93391
15389.69343
15488.87991
15228.64267
15431.57109
15634.57147
15376.21809
15221.76245
15306.65155
15439.27675
15353.85335
15525.94646
15470.31997
15377.49545
15395.31370
15294.63423
15444.39745
15503.63993
15428.69573
15556.48549
15517.10461
15460.84598
15396.52112
15553.94918
15328.79556
15457.79440
15368.44490
15274.77438
15313.87629
15400.39210
15543.13029
15450.22142
15421.48967
15457.16660
15399.21011
15406.04695
15242.52263
15322.84131
15410.83918
15141.08000
15049.97199
14952.57749
15070.43669
14861.46621
14849.70674
15042.18695
15167.41110
15320.54919
15183.35836
15209.16888
15149.67759
15165.35606
15268.79718
15454.79826
15546.71173
15448.41273
15398.83276
15425.04273
15587.88960
15546.12865
15521.45218
15173.10138
15143.51894
15251.25992
15332.63256
15272.52510
15258.01844
15086.96287
15118.48905
15202.06688
15227.00741
15299.64385
15045.87165
15173.55632
15050.19854
15103.10389
15011.27937
15134.15344
15097.72786
15072.48717
15156.26131
15149.26326
15184.47250
15039.98294
15206.92195
15197.26248
15270.03575
15338.98094
15216.68325
15163.82276
15219.90159
15303.27123
15425.94712
15195.37907
15108.28118
15202.65136
15161.91727
15217.76734
15231.93438
15185.42735
15199.10798
15154.20238
14980.03447
15099.01645
15149.40050
15248.75106
15361.90888
15250.43176
15308.32909
15405.77892
15427.20780
15504.44166
15288.75834
15332.50124
15348.24527
15318.36863
15318.34686
15353.66471
15305.27603
15399.25070
15379.88109
15346.65938
15235.11598
15335.48963
15269.44461
15386.39203
15482.95755
15418.05512
15287.97441
15323.63295
15261.54865
15149.88081
15196.13313
15246.25337
15128.03822
15078.82463
15145.80104
15282.03902
15330.37434
15382.43939
15267.90286
15189.44128
15158.98306
15287.37591
15400.03137
15380.85508
15342.66196
15495.71111
15467.29777
15339.26091
15367.36731
15517.13631
15488.46677
15418.31790
15476.83849
15560.83054
15505.17108
15520.06603
15471.10334
15461.30860
15444.57789
15418.27823
15409.24152
15574.71531
15529.49562
15419.01079
15348.97724
15454.93501
15317.59477
15347.53025
15393.47277
15336.47785
15452.15344
15563.91893
15520.42878
15465.04523
15489.39483
15538.04088
15572.95304
15701.02624
15681.30962
15661.80486
15673.95583
15732.07228
15695.60975
15708.58365
15682.26201
15589.15139
15657.45690
15652.04882
15466.09770
15481.68775
15470.54211
15427.67728
15334.99893
15413.88461
15352.84842
15384.75329
15415.28620
15411.18451
15342.86142
15355.82266
15294.00685
15330.93788
15465.27015
15424.81495
15287.12040
15258.28895
15186.62293
15134.36845
15025.46261
15232.73090
15207.13847
15156.40619
15163.89882
15207.17690
15263.62367
15257.12278
15206.89880
15121.44846
15201.59565
15309.07607
15365.32890
15341.22595
15317.48791
15295.67957
15241.98391
15241.43174
15524.88330
15519.31830
15429.98638
15261.35838
15146.33774
15282.85377
15320.30493
15305.02108
15312.82337
15321.69238
15371.20478
15350.09226
15382.26392
15219.39387
15312.74730
15446.53421
15502.20195
15537.77870
15468.84467
15332.98316
15322.07379
15388.55483
15460.93494
15346.11817
15316.63331
15323.68165
15228.17961
15079.30414
15170.64696
15192.20995
15245.04436
15088.77202
15108.61229
15052.58676
15053.86856
14976.45711
15016.74185
14910.36574
15016.38486
14964.10593
15066.35149
15063.81319
15171.75771
15123.11016
15168.85145
15118.60959
15149.66096
15200.44627
15287.68755
15313.04536
15268.51732
15338.97870
15237.67771
15193.03029
15286.13903
15216.40947
15391.57886
15326.37884
15386.26746
15188.57390
15220.18073
15209.76314
15335.28288
15381.28118
15473.85162
15409.65782
15453.96340
15491.69038
15623.11350
15484.36324
15540.80856
15476.44157
15510.51628
15458.83811
15442.30771
15366.24445
15393.18307
15288.27071
15196.95715
15280.75903
15212.36097
15348.00205
15282.37837
15341.91912
15282.07775
15299.94769
15264.45884
15220.02635
15141.31525
15271.01005
15399.61654
15400.06671
15499.01013
15508.27909
15421.72128
15466.94534
15567.94028
15474.19078
15429.75932
15392.02658
15366.09126
15362.48161
15261.64132
15349.04464
15188.71808
15228.11377
15275.66909
15388.38544
15292.59960
15152.26699
15026.67827
15076.57252
15084.47270
15173.83769
14961.15196
15045.54764
15182.20292
15237.11951
15333.01174
15256.28216
15319.79727
15319.00575
15511.03289
15400.99533
15290.41354
15474.61366
15586.95002
15471.75537
15385.62397
15173.82078
15165.93595
15144.34639
15232.22463
15217.38959
15113.01724
14945.51129
15092.04493
15145.20454
15240.59133
15233.09429
15186.76947
15260.78368
15281.75884
15377.19857
15260.65799
15205.15812
15398.87538
15360.06129
15305.31704
15261.29604
15349.98528
15448.70411
15472.80910
15392.35283
15333.16247
15226.13440
15276.31689
15103.51199
15094.01294
15209.69016
15220.41371
15146.98861
15032.46892
15181.59334
15192.11424
15304.14121
15369.74028
15387.39175
15260.51978
15278.67153
15360.60116
15283.25781
15368.05273
15410.46535
15222.96667
15214.31090
15188.20844
15235.84079
15147.06399
15224.72385
15374.12981
15590.67594
15591.48700
15462.57612
15405.62510
15341.85241
15442.09425
15488.28959
15411.46802
15418.49867
15316.03942
15157.67610
15216.96039
15269.18694
15259.31880
15177.64171
15259.85069
15310.62437
15385.21870
15344.25177
15356.28130
15282.55840
15162.41927
15259.62881
15224.39421
15327.53707
15256.52864
15270.07876
15464.08839
15389.71041
15444.82969
15354.83486
15432.97520
15271.30540
15425.44284
15543.62616
15391.30458
15419.25267
15318.59958
15301.31995
15386.38572
15302.14663
15246.89031
15407.29396
15376.98351
15489.64208
15563.72004
15601.36530
15436.49419
15509.48063
15465.95490
15510.55374
15572.43370
15490.04941
15529.23804
15461.08792
15555.50321
15513.69837
15479.57877
15418.08787
15278.27579
15345.99447
15275.43401
15346.58108
15216.08821
15308.55271
15196.11845
15054.22492
15085.82427
14926.34853
14956.05315
15025.97677
14876.82611
14964.94425
15178.68022
15230.27220
15187.04300
15279.39517
15044.75347
15070.55845
15045.18946
15373.84309
15325.90722
15400.64096
15331.50045
15474.56030
15315.17950
15495.29894
15575.14166
15509.43508
15284.21219
15272.77418
15244.74977
15289.29569
15226.11361
15302.50617
15231.05247
15228.23623
15316.53396
15286.69327
15312.41610
15454.90279
15449.46144
15378.76239
15484.01981
15419.73366
15323.13752
15448.59703
15298.63806
15284.48799
15239.57637
15229.01023
15314.59815
15330.25119
15307.72860
15331.32814
15185.00764
15321.18273
15531.36818
15508.17918
15304.57888
15273.31191
15455.15686
15514.08461
15491.29647
15310.17166
15245.54826
15333.33834
15538.24154
15415.56116
15358.35706
15374.17532
15273.74454
15320.51988
15312.61133
15337.64881
15402.90590
15313.58504
15315.86277
15324.84963
15289.72681
15198.35647
15214.59852
15196.17605
15174.55002
15118.29335
15243.06653
15392.97730
15338.93748
15432.34008
15362.35146
15486.48744
15363.45710
15316.57831
15477.07142
15412.82992
15314.22560
15293.88947
15284.13620
15377.65897
15534.77723
15264.99366
15312.39145
15374.15218
15203.47412
15048.45251
15093.29714
14947.56766
15023.28269
14975.88512
15175.03077
15227.26607
15283.09282
15205.62484
15282.31466
15166.46234
15297.22604
15202.23718
15332.05789
15301.20882
15177.04235
15266.58964
15138.62132
15139.00108
15188.79962
15361.27985
15305.82073
15206.90936
15167.89779
15296.69310
15189.94396
15186.29937
15284.67928
15289.90211
15216.65106
15073.81672
15085.57094
15284.55381
15359.35119
15467.82710
15419.74343
15483.49910
15528.22519
15507.09923
15356.52224
15370.94412
15417.73102
15422.38778
15402.77769
15413.28498
15378.10689
15266.40175
15254.44651
15392.02452
15396.87504
15455.60807
15522.68007
15477.98059
15310.06577
15255.14248
15363.19482
15334.47223
15396.57801
15374.60480
15434.18177
15541.03321
15517.01968
15444.62513
15530.08780
15455.14838
15393.32236
15356.51131
15413.18138
15457.71418
15467.32511
15473.59898
15345.98223
15388.95160
15614.43237
15417.66075
15399.49750
15317.96825
15204.25408
15189.02784
15200.91260
15170.29211
15279.84914
15301.68366
15376.29697
15329.61653
15393.33503
15447.06885
15414.20170
15425.11901
15434.52165
15260.86158
15246.37995
15341.94139
15519.08014
15643.16611
15662.66854
15611.00987
15627.18009
15672.68461
15495.62677
15482.85661
15448.72411
15335.89647
15325.01044
15342.47267
15393.03580
15168.19573
15216.41761
15293.95418
15165.21006
15238.21727
15267.50602
15331.38442
15301.16209
15152.46968
15248.91997
15214.41241
15179.77495
15322.03670
15180.72878
15237.14261
15225.83715
15098.35816
15266.57458
15393.60165
15345.07143
15177.80660
15152.44278
15154.78761
15145.83428
15180.80280
15145.53419
15248.48336
15300.47185
15370.74180
15610.75552
15480.15492
15422.41377
15482.66373
15645.34496
15587.16557
15516.51534
15395.44406
15496.54326
15432.80731
15480.20734
15453.46195
15387.60233
15381.91509
15506.56608
15347.07372
15194.85792
15264.53959
15363.21598
15383.71405
15336.96629
15170.51613
15162.06364
15145.11751
15060.63997
15053.14236
15059.47860
15079.76711
15131.99342
15148.13742
15339.70064
15269.30008
15258.09984
15133.65515
15315.67224
15583.88972
15385.37836
15332.95118
15383.50482
15532.83340
15576.70743
15470.66392
15498.69952
15446.45565
15424.98981
15466.15065
15475.33922
15262.45452
15338.38671
15286.37502
15390.79088
15442.49177
15370.91311
15264.27498
15085.66760
15323.06721
15399.91936
15406.99268
15275.67437
15412.55480
15314.40603
15437.58348
15350.85607
15210.44547
15169.07017
15161.47850
15112.17070
15117.41532
15079.86589
15170.18783
15167.57336
15303.77419
15333.22700
15268.50616
15240.23660
15338.52326
15323.38261
15243.23461
15339.50364
15172.61188
15155.99330
15317.65826
15413.23928
15400.22771
15281.00130
15403.72200
15446.09985
15400.46756
15277.83644
15309.42533
15372.45995
15268.35512
15310.15309
15364.68238
15362.36587
15344.96958
15403.83528
15410.22184
15367.21704
15314.69060
15197.35380
15128.80392
15257.53419
15239.30566
15137.02114
15088.04395
15337.83168
15487.04640
15457.24038
15280.74036
15216.12871
15176.08490
15275.31552
15366.13670
15508.53418
15622.74110
15582.95028
15409.09540
15339.90002
15200.38207
15231.55646
15274.89364
15441.73943
15212.01678
15397.76962
15184.60029
15187.72780
15221.45499
15139.63670
15191.21099
15198.67035
15144.32079
15000.00637
15004.63132
15139.43670
15362.63589
15531.47251
15460.65118
15314.26095
15132.02566
15133.60956
15110.58315
15055.18495
15030.87757
15108.82894
15091.12860
15068.41082
15057.02162
15136.39611
15163.20199
15190.68658
15101.12688
15100.72199
15126.80248
15072.34305
15101.78995
15134.67027
15200.77870
15322.39153
15226.28941
15335.81113
15274.94179
15066.28590
15176.04231
15183.92910
15282.66758
15206.23477
15104.24848
15223.40048
15233.93588
15090.79299
15023.59193
15030.33795
15116.85280
15199.12059
15121.33545
15091.88006
14992.94946
15155.15267
15172.20733
15238.37883
15064.01752
14999.79003
15163.53070
15046.98735
15192.29644
15087.36479
15077.00655
15041.55837
15060.01421
15168.62230
15329.51211
15212.15893
15251.54414
15282.58547
15279.29956
15294.42650
15169.67601
15035.32349
14979.21910
15069.58401
15107.65416
15250.72596
15327.38297
15319.47368
15250.66204
15367.14070
15441.38142
15468.21567
15533.04009
15409.90479
15363.69343
15264.61510
15277.25078
15248.62521
15158.40025
15205.39448
15237.96845
15207.21476
15213.27981
15172.22087
15134.97749
15152.19772
15245.54114
15124.91848
15168.61688
15115.77578
15129.93824
15243.41952
15301.22641
15346.68962
15419.05595
15434.32941
15395.52637
15354.29974
15386.87135
15501.15638
15426.83521
15373.54640
15391.69391
15363.82032
15238.48351
15283.99036
15330.21473
15394.77937
15346.72031
15461.46507
15388.22179
15348.53977
15297.96471
15226.66798
15214.73355
15347.78911
15309.84069
15436.05983
15586.86832
15357.49009
15424.85463
15352.17347
15525.89419
15431.26659
15268.84837
15308.05068
15287.00725
15251.11089
15332.21318
15343.75049
15397.16225
15389.71767
15285.28571
15458.03685
15405.01217
15511.77317
15440.26572
15342.74176
15414.89910
15487.05625
15353.17297
15290.21426
15232.75017
15424.54450
15356.06798
15247.86599
15203.73874
15333.84294
15435.92318
15247.90432
15317.00942
15463.72851
15397.19263
15357.31868
15288.87738
15216.74148
15152.68831
15268.59189
15215.15088
15128.66577
15004.71020
15085.78474
15018.46845
15119.26619
15111.80450
15218.43344
15208.42693
15132.47005
15127.11050
15294.67201
15366.87189
15270.61515
15315.70929
15476.00423
15346.21134
15186.88161
15117.68264
15212.57569
15275.46554
15307.54582
15394.80036
15323.99963
15317.06925
15257.41307
15124.96234
15174.58061
15061.00127
15051.52420
15252.16662
15306.44789
15176.62519
15240.87739
15217.67811
15259.25572
15379.91256
15451.80655
15229.80073
15260.82079
15245.44108
15230.65729
15188.34892
15239.58967
15218.79467
15262.17649
15338.08490
15412.28277
15607.39102
15597.73278
15563.28683
15568.53165
15582.12763
15506.33415
15484.49594
15450.49329
15336.65529
15387.24583
15304.34801
15318.85829
15231.31258
15347.08300
15100.52532
15240.57552
15191.28321
15215.06736
15196.76592
15298.85104
15337.97708
15198.15885
15222.35481
15233.49703
15201.00533
15141.19281
15171.18178
15243.37765
15343.59571
15348.80647
15385.14208
15467.24455
15326.88547
15403.24371
15472.61323
15469.55278
15290.86379
15350.54408
15140.52214
15089.57607
15015.83943
15013.35533
15066.55212
15186.70331
15138.37248
14996.35234
15063.33080
15067.22394
15141.81917
15358.88193
15363.60583
15240.63171
15110.73190
15126.63855
14947.92080
15105.17663
15172.24785
15216.53417
15608.34160
15497.55176
15410.32571
15468.41301
15474.83718
15555.12179
15443.10316
15590.92089
15546.08122
15606.35399
15573.80642
15603.72091
15633.35185
15581.54802
15543.26294
15553.70655
15486.91285
15559.25611
15556.01476
15486.64068
15425.12095
15471.94486
15329.73776
15422.02452
15459.70874
15520.71420
15491.09418
15363.09932
15491.54803
15494.89123
15451.03852
15305.96807
15475.66889
15271.80602
15387.67527
15407.02124
15390.77600
15250.21360
15186.15351
15197.68703
15370.80090
15402.27232
15385.66707
15501.27378
15439.30206
15345.91720
15242.13725
15449.96969
15355.63801
15325.96239
15321.41222
15337.96833
15341.67952
15290.80112
15285.95985
15168.78362
15069.98683
15256.04492
15263.49133
15309.57792
15190.69191
15141.43170
15163.17699
15029.19018
15265.13533
15130.98358
15076.51334
15184.00397
15234.03965
15286.89081
15167.74173
15302.72831
15201.27739
15225.89117
15413.61640
15418.60821
15526.57716
15611.79507
15427.08544
15465.62641
15384.69625
15489.93994
15567.56760
15528.75518
15472.74738
15380.15148
15491.55395
15357.89645
15444.46767
15349.45205
15401.53279
15319.41985
15418.79728
15448.35587
15561.22443
15535.89625
15437.73813
15307.20529
15311.47568
15461.89070
15549.34193
15423.10380
15361.42622
15505.36963
15537.46998
15507.42647
15523.44893
15659.37128
15562.83059
15644.63521
15462.58139
15491.65233
15315.07365
15507.76112
15455.25783
15290.97529
15334.13330
15295.67294
15164.03598
15206.83311
15265.18770
15427.55574
15443.00071
15504.50490
15255.37736
15267.43856
15234.62706
15292.24987
15389.59608
15432.71839
15454.80527
15376.64362
15400.87614
15356.79929
15288.43787
15217.94114
15380.23299
15267.17631
15261.78359
15401.05529
15421.85440
15404.40987
15239.74841
15430.71929
15559.75098
15441.63928
15392.94925
15345.70001
15326.62341
15343.58333
15430.20102
15309.73498
15342.06801
15397.68218
15334.64669
15493.57375
15461.79562
15497.59896
15298.23861
15449.19175
15322.88618
15541.20801
15558.87633
15412.81753
15433.09624
15437.89809
15368.30947
15335.75532
15231.67784
15272.90431
15147.27252
15310.87906
15337.68649
15422.38582
15466.69798
15333.45643
15402.82389
15281.21699
15375.94195
15263.39598
15269.10791
15341.93434
15288.83272
15420.44085
15429.23837
15405.75890
15334.53178
15473.26497
15568.24599
15380.21062
15438.44738
15578.04881
15421.78488
15406.39517
15397.57073
15409.87397
15486.29235
15244.07145
15292.45699
15310.60327
15553.48714
15645.62941
15595.32385
15523.23466
15456.92318
15430.22818
15442.58160
15454.77233
15481.92609
15505.41869
15538.04526
15372.91782
15147.66994
15158.66892
15100.04379
15145.87832
15151.58988
15299.33097
15411.60843
15422.43741
15344.74238
15256.03670
15266.78215
15320.79718
15291.97934
15272.07808
15262.41262
15395.28895
15472.44780
15406.36727
15375.16369
15358.23795
15330.41368
15325.89728
15478.51240
15439.21542
15574.74754
15448.30243
15393.85773
15351.94324
15314.12215
15268.19543
15347.20700
15406.50219
15302.76367
15383.09038
15448.07776
15397.61926
15451.98446
15318.42140
15472.15798
15352.60165
15331.78202
15297.71746
15384.80261
15311.74605
15336.60497
15377.59717
15375.57344
15310.91167
15397.98786
15381.16384
15358.24457
15321.26857
15314.73444
15142.46135
15050.97677
15103.30228
15174.08625
15152.48878
15188.23697
15122.73998
15140.36728
15217.68093
15256.44499
15214.92110
15148.12053
15065.60712
15140.73462
15093.76658
15061.50814
15033.94356
15009.10498
15082.99438
15164.95524
15071.94517
15171.68965
15151.62766
15114.89238
14968.79330
15069.02625
15143.86396
15251.67564
15182.08839
15209.29469
15197.23935
15344.23124
15209.44734
15434.95206
15287.67826
15336.86207
15374.52525
15431.85570
15395.61045
15352.07677
15383.03025
15398.11712
15262.89916
15218.33342
15303.25528
15349.06276
15270.38421
15271.31524
15327.35833
15355.61964
15330.56173
15335.07990
15461.89269
15412.34453
15390.78337
15224.27944
15340.88584
15359.14124
15352.50482
15453.66622
15315.72848
15297.47569
15323.58839
15321.91348
15212.95311
15265.87549
15391.88043
15377.00498
15281.36820
15298.26254
15318.63615
15418.92893
15374.96879
15428.50151
15413.03039
15313.09660
15245.09445
15253.32631
15298.79075
15205.54793
15352.72705
15364.41411
15357.30891
15335.07590
15492.74899
15522.93075
15550.03731
15319.55443
15312.92349
15332.90082
15276.78687
15272.86165
15313.61189
15305.42884
15390.64344
15319.55526
15269.03960
15195.36939
15278.81222
15296.36639
15275.16015
15207.05955
15181.08005
15222.48606
15280.58442
15478.38779
15380.81083
15245.18752
15223.57185
15279.90733
15271.07782
15350.19171
15430.43076
15325.24543
15217.09121
15321.33786
15357.89420
15337.16856
15368.98739
15476.38279
15532.82872
15525.12846
15504.82116
15461.62220
15371.63372
15326.89861
15312.63020
15174.45803
15120.55254
15165.24986
15137.20794
15105.49768
15092.87299
15140.67796
15080.67279
15258.30118
15368.63157
15541.60011
15522.50069
15502.13585
15375.76943
15298.04656
15211.30619
15208.97567
15235.24845
15265.93044
15219.67571
15327.18940
15321.24007
15301.03703
15164.18004
15307.41942
15385.28610
15104.36096
15025.36248
15025.07382
15090.06139
15333.34413
15334.56573
15206.27761
15235.94371
15155.93103
15187.18564
15204.97088
15274.29289
15317.16212
15145.56118
15218.82227
15278.39548
15256.53735
15339.89077
15336.62381
15321.84454
15298.11198
15146.32156
15337.11016
15384.57434
15327.47579
15151.48098
15093.34510
15080.29119
15240.17561
15365.69571
15456.89568
15429.72596
15438.36632
15528.91182
15632.72111
15723.99108
15634.51230
15701.73558
15665.42294
15738.16298
15675.77335
15659.01507
15583.84260
15463.69811
15502.64538
15474.84668
15427.59981
15202.24317
15206.01545
15322.58986
15295.23855
15393.29298
15353.47073
15311.08654
15277.70767
15238.88199
15138.18621
15219.64748
15021.27955
15190.23507
15065.04039
15226.35510
15158.46946
14978.59619
15029.56761
15223.99476
15268.04885
15198.59751
15134.14547
15176.17006
15359.54394
15371.18161
15278.43119
15218.70845
15299.39580
15359.05290
15263.56943
15386.41680
15144.98917
15274.20808
15158.19719
15058.07933
15077.33497
15105.59664
15143.03937
15174.88056
15155.83995
15139.84727
15106.96336
15122.36270
15099.06747
15260.31537
15263.03009
15273.30532
15194.30102
15239.90143
15225.91415
15182.95535
15254.99701
15065.57943
15144.11704
15320.61565
15404.81239
15432.53709
15479.58392
15354.41287
15244.27350
15323.55642
15241.59568
15316.06229
15327.75410
15278.51097
15318.00527
15478.16288
15493.55436
15407.50599
15607.02034
15604.88191
15635.13522
15451.85603
15342.17128
15261.64706
15244.12118
15231.09777
15256.41716
15126.47029
15152.30639
15155.14786
15252.30863
15238.91587
15237.73353
15221.69563
15076.30322
15052.32862
15084.48168
15120.33301
15010.61172
15113.31743
15240.23033
15329.60264
15139.06868
15132.89020
15222.65609
15164.08696
15046.81383
15080.72094
15060.14291
15118.80372
15214.63462
15206.63312
15275.62517
15345.08905
15306.44397
15415.76578
15232.85835
15160.52829
15269.63882
15165.69260
15337.80331
15346.97133
15252.11836
15243.52296
15363.90070
15196.70179
15184.70231
15124.36244
15150.49813
15091.24702
15232.84005
15359.53510
15067.69552
15108.92450
15105.89737
15164.87441
15062.84027
15083.33463
15036.51369
14946.15224
15122.71937
15110.83542
15223.14283
15361.29872
15276.39558
15114.67407
15452.61669
15386.08964
15272.56924
15228.27322
15175.37066
15123.52319
15214.96530
15150.44904
15186.18747
15247.03141
15461.99639
15334.20853
15276.02503
15501.27477
15305.45691
15219.07450
15230.72279
15181.25341
15101.59348
15059.31579
15131.26858
15114.07866
15034.27609
15234.98347
15264.63600
15232.18465
15105.89908
15011.62474
15162.22313
15052.75652
15065.28984
15144.64428
15297.17386
15187.03578
15205.37807
15084.47173
15173.08263
15222.74437
15310.84384
15248.90856
15082.26783
15060.50883
15252.40192
15361.48790
15093.58723
15131.29069
15081.26999
15171.06620
15108.86281
15111.72288
15181.33821
15100.85318
15219.31481
15287.81872
15238.27586
15209.76981
15140.29475
15245.38059
15311.32573
15091.92132
15170.31667
15112.63030
15162.68959
15178.24610
15169.41097
15106.96211
15133.77763
15125.54331
15226.49954
15241.50855
15165.10813
15118.07604
15106.77634
15025.50258
15158.35553
15116.27028
15299.65205
15315.14305
15347.12385
15102.45618
15100.63599
15093.63871
15106.11499
15014.37811
14922.24288
14994.13188
15069.07018
15166.35283
15257.88169
15136.15492
15112.27681
15129.03044
15281.50644
15177.23948
15309.02954
15380.46831
15374.90857
15306.71046
15589.10373
15552.38682
15352.72303
15420.41602
15486.48345
15329.39955
15322.40664
15259.52007
15266.31174
15235.97789
15243.17906
15300.80266
15211.29693
15342.90050
15329.20416
15368.23198
15277.70023
15087.58166
15276.77839
15428.32035
15480.12157
15458.29443
15516.69374
15449.96177
15602.17593
15569.20017
15411.27028
15377.89406
15342.81337
15259.21366
15414.49494
15374.69682
15238.87414
15371.77976
15434.79521
15404.88385
15265.36762
15413.10567
15313.61606
15353.99090
15411.81056
15549.25514
15616.01663
15360.11715
15016.71022
14993.47849
14991.36254
14983.83644
15163.10983
15211.67330
15248.80392
15245.48962
15229.43337
15211.84510
15180.00033
15224.09396
15274.47595
15198.37885
15311.62728
15285.12610
15233.17698
15187.13176
15257.51045
15192.82329
15279.39469
15177.46746
15066.18011
15207.65728
15103.31224
14986.45415
15048.79946
15054.56087
15101.79440
15138.45489
15119.65518
15162.95924
15161.46402
15096.34950
15064.92432
14980.23750
14975.19044
14979.97742
15156.60065
15210.54583
15372.68792
15316.73593
15332.98148
15544.15527
15461.51993
15491.68620
15344.74455
15365.43003
15289.55392
15404.29191
15425.06628
15160.09245
15287.51300
15317.31001
15373.48185
15520.89500
15328.96048
15417.21211
15414.68413
15540.54944
15432.97239
15415.64524
15504.24921
15450.72109
15304.78686
15401.26564
15233.36579
15289.54506
15240.13339
15025.10764
14874.06512
15058.13026
15055.80077
15146.89840
15120.39105
15331.49987
15529.12791
15404.68258
15289.14856
15356.15035
15314.40311
15462.64533
15315.62961
15396.61470
15263.32269
15203.64284
15325.77811
15500.80777
15476.99451
15433.34066
15505.71806
15393.09387
15377.07526
15570.27360
15604.32213
15470.06770
15452.31630
15452.30965
15437.56799
15427.60000
15386.22255
15347.34528
15338.56775
15258.48587
15111.95221
15195.54667
15119.35930
15179.06170
15307.80888
15152.40913
15053.45123
15126.77976
15164.59451
15177.21806
15160.57311
15151.57872
15183.16131
15083.95372
15132.88829
14975.32942
15070.56759
15214.60480
15303.64445
15257.84572
15310.57073
15385.18463
15274.50283
15237.72480
15223.61174
15310.48318
15392.21281
15372.06972
15369.66648
15544.89162
15391.73480
15396.56884
15352.22430
15301.91507
15281.57613
15237.11977
15178.32577
15249.42838
15247.59465
15309.65826
15281.30720
15301.37367
15242.46348
15102.49494
15243.34924
15339.89981
15275.47655
15340.88419
15295.05401
15325.20462
15152.52011
15102.92105
15210.70825
15297.14288
15224.56443
15125.60811
15182.85679
15079.03384
15136.32464
15358.19082
15432.33610
15369.53187
15540.77708
15538.38103
15678.24538
15539.45867
15515.68746
15397.22732
15308.88462
15284.23567
15204.32898
15158.66486
15238.12877
15315.80579
15206.76631
15302.45570
15369.64066
15271.90018
15415.76206
15445.89505
15391.63827
15421.47684
15434.19954
15503.27416
15371.29286
15342.63176
15304.33318
15284.40031
15390.86091
15150.90782
15143.65912
15183.80673
15343.76000
15355.07907
15297.31961
15381.24652
15309.83923
15200.53690
15245.90708
15218.19270
15244.22709
15165.34249
15263.21831
15154.36151
15381.16544
15423.48949
15394.74030
15371.63738
15416.58794
15391.98547
15313.87201
15202.63315
15155.92662
15166.64026
15101.96158
15071.74072
15062.65688
15188.73868
15145.93539
15261.35258
15225.54486
15073.68749
15109.37138
15236.45234
15130.50544
15165.33518
15152.35641
15077.98412
15109.11861
15186.23913
15334.53131
15280.65723
15239.42662
15118.45260
15135.80837
15163.73924
15211.48929
15232.92918
15303.20398
15317.21960
15342.77137
15318.23636
15361.43139
15419.49015
15482.34173
15449.80328
15495.01591
15398.33459
15414.94035
15276.81684
15353.11274
15380.48013
15343.60536
15353.13544
15168.21114
15178.85322
15110.84659
15011.94394
15040.17048
15112.74102
15220.83921
15249.60325
15253.79535
15322.53363
15314.53298
15259.67861
15594.47464
15470.11043
15533.42400
15535.32136
15455.04508
15521.27534
15547.12060
15486.15155
15297.75113
15368.16491
15302.82939
15329.33925
15410.35382
15443.95960
15410.14088
15347.93383
15284.14136
15210.76594
15060.22489
15235.05011
15091.52273
15244.58976
15610.00153
15427.10080
15442.49362
15426.66021
15489.70898
15408.11707
15375.10652
15334.78557
15302.33357
15264.92403
15335.95811
15352.03269
15407.10291
15357.75743
15365.36954
15260.14618
15249.70900
15133.31219
15168.88604
15293.55905
15345.80735
15375.88211
15387.18250
15321.94787
15351.74925
15273.33818
15432.03477
15627.30684
15489.59553
15521.43429
15694.87401
15630.88522
15540.95732
15396.48176
15375.53042
15430.14560
15359.38091
15359.15573
15316.35617
15294.44951
15423.55520
15411.76590
15391.25696
15456.58568
15429.16670
15514.26978
15481.03645
15418.84362
15378.06266
15360.62411
15305.47035
15448.33280
15599.71516
15608.12537
15398.51690
15327.24664
15453.90429
15522.90981
15361.05776
15388.89816
15326.57254
15240.27247
15203.69280
15293.31632
15340.48375
15371.95997
15462.57371
15591.69104
15413.07084
15406.41054
15402.01284
15337.26652
15247.49994
15388.17712
15178.93614
15163.14829
15036.36463
15166.99643
15082.61061
15085.65398
15036.68328
15020.39354
15242.65444
15134.61593
15155.02254
15246.37710
15374.53724
15425.69544
15348.46463
15420.85392
15370.76852
15345.97692
15253.93212
15382.31700
15306.88674
15260.97047
15081.16474
15026.96765
15189.54137
15037.96250
15128.78086
15120.39297
15187.58539
15306.76779
15227.93388
15213.11166
15224.22552
15253.99370
15297.48250
15331.05081
15288.75728
15190.89872
15266.44580
15220.32315
15195.51091
15240.88564
15293.21476
15338.84067
15283.10901
15312.78765
15333.30136
15345.23912
15260.64194
15284.07610
15328.51241
15356.21141
15546.46725
15426.32216
15388.52628
15297.08199
15298.55874
15159.55508
15117.57468
15201.19064
15289.18936
15350.49276
15538.18443
15499.54217
15412.21904
15438.25676
15489.78175
15239.21840
15367.94812
15296.35302
15367.51543
15346.41301
15364.72951
15417.96472
15336.73790
15268.72323
15334.50807
15342.82273
15400.35620
15353.51300
15245.70208
15404.24919
15377.43377
15293.46163
15301.37511
15208.08595
15270.89180
15244.81378
15161.60250
15165.07418
15187.65667
15188.32679
15204.79634
15098.48409
15070.89533
15176.70476
15308.34765
15203.18470
15019.59527
15115.73361
15176.85488
15229.51151
15339.36034
15280.57767
15494.16719
15404.41884
15318.63515
15408.75973
15479.12061
15472.24979
15458.10522
15382.37564
15436.84216
15588.75335
15597.52957
15639.20598
15523.77236
15448.77688
15393.42579
15321.24667
15520.51040
15533.94115
15663.72976
15392.30313
15454.61895
15524.25185
15428.37678
15399.57373
15305.94946
15101.55104
15207.78231
15228.77161
15167.31662
15161.96902
15283.13508
15223.88181
15139.13644
15181.67544
15169.07740
15343.75288
15280.87807
15248.87525
15214.95611
15024.42934
14956.43081
15178.94000
15350.18538
15312.09546
15181.61646
15278.24234
15405.39789
15314.29271
15465.90385
15424.02819
15374.48958
15410.40838
15397.07546
15556.43065
15462.33177
15501.12320
15441.78044
15553.17195
15482.22774
15346.93881
15462.63648
15434.20867
15564.46913
15680.50197
15620.79378
15538.35012
15576.21242
15697.26934
15498.64473
15489.62606
15561.29500
15395.52574
15245.03417
15351.86502
15391.00406
15326.74741
15295.23251
15197.26851
15077.76826
15148.98733
15211.78362
15163.97021
15383.53437
15232.32170
15143.14595
15144.33094
15194.05298
15330.85314
15220.04013
15182.17412
15082.59563
15160.58043
15173.65259
15279.89426
15402.09806
15154.71233
15244.43023
15238.89908
15300.44119
15355.38912
15476.31098
15439.88081
15461.73897
15449.97042
15413.71651
15285.02882
15406.56801
15358.75265
15297.66468
15306.24555
15335.04242
15303.28013
15279.03710
15174.17708
15414.50772
15290.68408
15235.63797
15343.17253
15403.08350
15486.51415
15324.40404
15135.23603
15279.76239
15404.92113
15403.75875
15221.83589
15235.32238
15218.92172
15360.86560
15287.13719
15268.75501
15373.96975
15395.26172
15419.04170
15477.98011
15589.43158
15385.88178
15386.31300
15535.30803
15523.10297
15460.76899
15547.37991
15627.75710
15482.83975
15504.85084
15334.47257
15342.32740
15384.82742
15397.98531
15240.14517
15139.08952
15162.62876
15198.75370
15255.30846
15304.63363
15345.93258
15299.45133
15091.66348
15155.84110
15170.42626
15313.28215
15432.26181
15453.03715
15461.62156
15419.42682
15510.85629
15557.29824
15419.15641
15398.38486
15306.42786
15371.88429
15428.84412
15529.38420
15600.76907
15538.53241
15340.65517
15387.27273
15450.20477
15341.80286
15376.63440
15474.04615
15473.56838
15344.53956
15299.16798
15445.19619
15512.50057
15384.52078
15293.43513
15424.14181
15485.88060
15433.22495
15345.27091
15262.67073
15016.47293
15101.20392
15200.91708
15236.53840
15313.54984
15474.71120
15382.05403
15406.58647
15285.56236
15148.24625
15193.36909
15309.75836
15298.44841
15324.58769
15243.57569
15246.86802
15225.67036
15206.49149
15182.81686
15093.62487
14965.92842
15137.97028
15178.75197
15350.93314
15384.14810
15373.42170
15345.83254
15180.97456
15116.47306
15136.40077
15152.00091
15304.73607
15417.00709
15445.24837
15479.73946
15537.28897
15621.19873
15437.09846
15645.92639
15603.30888
15599.92687
15473.59325
15346.36746
15218.92723
15247.44339
15345.56163
15498.03681
15432.04716
15363.97583
15312.48217
15513.33852
15413.98671
15390.15915
15188.32118
15242.15211
15310.13974
15361.33205
15476.18119
15437.62681
15397.08532
15300.97599
15247.90180
15318.98225
15300.18486
15303.99028
15465.74246
15474.45551
15516.62523
15418.27931
15262.41131
15129.49533
15202.17510
15115.07881
15122.67140
15118.88013
15126.05017
15126.20983
15121.90376
15363.27919
15369.01675
15572.58538
15560.63101
15277.11042
15278.12911
15368.23428
15483.94488
15535.38414
15532.62248
15612.52073
15550.73986
15512.75447
15399.69869
15469.75817
15393.81166
15392.84707
15276.21791
15366.61544
15258.87629
15386.57945
15268.59640
15080.15203
15206.38994
15154.22951
15179.58602
15144.63185
15243.34335
15117.42405
15292.66743
15362.27758
15280.76579
15316.15138
15160.07574
15170.14364
15310.19599
15301.10481
15428.85678
15483.74597
15409.17455
15314.89365
15427.82605
15539.16973
15653.52858
15715.42874
15681.41534
15530.81957
15565.30235
15587.52053
15655.91500
15680.77369
15572.69188
15383.26126
15481.95938
15468.75109
15493.25364
15446.10963
15426.27944
15440.65490
15360.44079
15315.10968
15233.70896
15254.05464
15287.87815
15421.47574
15408.19207
15339.09776
15361.16840
15265.88906
15331.39301
15338.84162
15262.85358
15114.34722
15230.24999
15233.61809
15326.65271
15347.90268
15322.44825
15323.13028
15369.36423
15372.28829
15354.07171
15338.74507
15347.26902
15270.49476
15190.08977
15222.61506
15389.96014
15536.07339
15423.59288
15295.56611
15372.82802
15355.29116
15410.24753
15281.34109
15288.26467
15398.77251
15392.76788
15220.56232
15314.15190
15434.65840
15371.07780
15320.85134
15404.23000
15463.62249
15294.37175
15242.13378
15302.47246
15459.94128
15419.11917
15454.27588
15423.11114
15418.84212
15272.52983
15257.50691
15368.56402
15263.15759
15068.61263
15056.33452
14959.00150
14958.85641
15131.61315
15256.64351
15129.87428
15018.57660
15044.06079
15153.63192
15217.29027
15276.07864
15400.85412
15378.76123
15359.34871
15275.63327
15347.75735
15523.51694
15363.36040
15434.38008
15373.37556
15328.55926
15190.71113
15013.51884
14935.72864
14921.57392
15088.89936
15108.21451
15122.49939
15184.86349
15284.61346
15116.67450
15059.00297
15151.09442
15146.48246
15179.77171
15121.87183
15234.88082
15420.54280
15249.79397
15362.80099
15414.99154
15379.40563
15451.68995
15295.17896
15337.24637
15469.22217
15438.73063
15458.00151
15450.15834
15412.71194
15436.93709
15336.82151
15490.77909
15563.04257
15391.03148
15291.45542
15367.04418
15334.36253
15348.25960
15296.21702
15318.70050
15291.79520
15263.61066
15294.47496
15134.66297
15172.80031
15214.62813
15176.08213
15294.04105
15238.26132
15229.71483
15232.96955
15162.86862
15256.62982
15353.85733
15684.53685
15499.68472
15500.78204
15426.16101
15257.16315
15406.94296
15387.42175
15303.61764
15462.14711
15316.76480
15249.93324
15393.50331
15223.19198
15265.12222
15390.69796
15359.61642
15338.99032
15177.15272
15431.98841
15500.37945
15472.50279
15482.78622
15496.97239
15411.54454
15382.64469
15442.06918
15454.61805
15389.50921
15497.02697
15367.31525
15331.67676
15304.22972
15134.35076
15167.58957
15162.33041
15198.69773
15295.96788
15337.05262
15289.31102
15296.69928
15310.10365
15556.36668
15327.00799
15227.29746
15089.07940
15112.78399
14991.94943
14976.36549
14996.57264
15045.01519
15011.25688
14985.46610
15139.30521
15148.43278
15163.86384
15284.65279
