15361.23606
15443.96298
15355.95443
15416.46933
15136.72490
15082.98145
15224.06462
15332.44714
15450.72327
15661.61986
15638.12953
15538.15454
15391.44194
15690.03530
15482.95504
15366.97942
15550.48451
15428.20913
15432.41273
15332.46461
15343.74124
15486.08559
15502.70858
15217.69824
15290.56110
15434.36021
15378.84216
15388.80819
15668.35245
15498.61887
15386.25599
15404.80411
15535.77933
15467.59253
15327.61889
15338.13176
15243.13916
15049.70091
15212.16912
15153.04686
15156.44681
15123.60557
15153.29988
15268.11415
15297.46314
15414.37566
15411.26292
15447.86110
15317.26247
15368.53387
15522.51574
15544.96274
15448.54259
15338.94671
15428.49815
15691.94889
15733.08578
15704.70170
15563.82136
15580.93050
15728.09995
15544.04355
15522.46700
15486.01846
15595.09934
15444.78650
15380.51841
15346.75642
15462.36272
15300.71255
15397.52619
15438.47914
15399.47286
15325.67304
15534.49490
15245.15266
15463.21159
15654.53506
15405.01361
15529.28696
15608.42729
15405.09044
15429.59541
15318.45667
15396.47923
15483.92421
15445.98032
15386.43779
15294.64871
15546.97991
15475.42908
15544.89266
15455.97652
15707.36028
15652.97027
15675.87182
15737.51908
15495.82421
15327.93426
15397.59480
15285.44898
15347.66084
15217.92293
15392.16094
15490.35424
15545.85474
15524.13759
15445.85313
15301.98140
15283.71523
15442.03212
15577.12226
15614.12586
15606.76868
15567.17505
15408.38111
15306.42743
15433.67709
15550.41281
15555.74042
15481.54027
15608.38765
15641.06263
15468.81282
15344.33557
15392.08397
15467.81162
15353.27631
15387.45592
15524.59034
15324.78371
15186.44897
15339.78140
15300.75075
15176.26150
15102.15258
15177.87074
15189.41940
15195.01745
15157.61345
15315.31611
15368.61833
15386.70190
15515.28926
15573.11694
15550.05814
15538.93377
15579.19434
15639.97349
15340.88586
15429.29213
15521.78540
15535.39870
15492.10588
15508.71152
15389.69088
15435.03198
15581.11444
15377.15002
15506.93541
15522.23752
15400.59505
15153.79321
15217.65473
15315.58005
15356.94986
15297.21729
15288.69684
15246.37290
15415.05290
15445.95087
15588.09983
15507.19172
15660.26100
15639.84741
15331.27732
15052.33453
15402.81787
15491.32619
15371.23256
15449.79575
15253.63036
15466.93373
15301.21535
15118.51642
14998.26648
15049.03622
15190.82474
15322.28648
15383.34317
15288.13580
15293.99454
15422.36528
15416.76627
15536.21612
15676.56766
15521.34986
15253.96634
15179.81248
15219.16126
15268.74582
15358.18090
15228.14702
15272.43219
15446.94685
15476.41936
15421.27650
15546.70755
15679.96240
15454.97708
15483.78942
15385.84326
15520.29768
15147.15729
15340.68469
15401.57091
15408.33945
15400.59640
15549.75471
15437.69717
15423.26494
15547.36550
15646.51842
15388.48730
15468.25880
15441.85280
15398.56363
15288.60871
15257.84467
15192.59733
15299.93315
15425.05295
15397.82922
15297.24225
15244.33628
15394.46354
15253.39741
15370.82840
15443.62719
15442.34388
15404.26624
15502.31819
15438.82806
15417.00360
15445.33949
15340.75961
15331.53077
15479.99987
15509.39224
15481.24576
15483.15756
15290.46075
15326.68403
15639.55773
15607.88423
15618.32231
15547.09770
15443.49232
15470.61574
15515.78722
15697.36794
15803.57185
15807.84575
15594.15892
15418.45994
15548.86474
15501.38010
15479.71759
15315.74077
15174.95516
15341.75879
15399.21065
15400.66565
15339.12672
15379.84026
15323.89658
15334.73698
15446.68262
15527.26282
15583.44964
15561.38158
15595.80393
15448.83226
15389.02976
15228.48038
15375.59382
15463.04902
15384.36280
15242.20631
15264.62723
15318.66930
15475.44764
15427.34273
15465.94689
15529.66303
15434.05901
15474.67555
15518.27859
15463.24292
15401.30575
15385.90750
15372.24070
15247.96517
15318.62094
15409.52807
15418.81941
15253.87853
15230.91319
15260.99938
15371.04989
15434.78233
15460.94127
15720.57517
15473.40288
15395.88047
15408.52982
15341.78584
15307.81861
15276.49734
15163.55472
15313.94406
15362.79894
15459.49407
15410.77118
15707.45906
15393.81156
15363.17828
15536.33089
15537.98935
15439.72794
15589.40077
15438.33678
15331.62042
15288.84555
15234.02716
15316.46513
15458.03678
15309.05999
15204.17951
15120.97371
15364.50091
15273.79218
15508.11396
15590.82377
15586.27989
15589.00586
15562.43707
15488.43842
15515.23743
15359.26627
15319.22641
15322.70201
15489.30663
15571.03818
15511.23590
15613.95636
15571.02068
15520.29595
15412.80143
15410.88057
15350.60555
15405.89622
15415.37181
15594.52487
15388.42574
15220.50819
15391.33624
15583.22736
15639.45488
15432.04366
15378.69950
15501.51562
15418.88735
15370.01925
15275.45469
15381.46846
15378.67761
15211.69869
15271.91789
15318.26433
15373.69579
15405.01446
15530.61421
15326.33580
15475.89867
15268.37020
15402.89473
15454.22550
15479.24121
15590.46650
15450.80705
15231.96356
15386.94461
15453.20495
15678.64827
15610.79278
15852.58274
15774.75658
15602.54572
15427.72868
15483.37067
15487.26693
15524.78929
15599.84639
15610.15951
15534.44973
15356.10871
15302.16559
15250.78214
15057.52120
15150.87150
15189.21237
15210.40645
15110.49658
15118.80789
15357.07796
15366.92779
15195.20058
15307.36470
15200.69596
15456.97855
15653.08395
15478.24702
15656.87982
15780.17311
15669.96249
15627.65460
15540.23673
15524.65022
15408.97557
15211.36564
15241.73964
15410.26687
15429.17008
15549.19127
15414.43481
15534.76986
15480.88319
15485.29445
15372.66226
15334.02722
15362.41422
15163.59285
15203.05111
15361.80785
15530.91063
15503.02547
15382.53489
15428.65462
15329.86696
15295.94717
15411.65334
15453.95411
15479.86337
15392.68362
15295.73811
15174.32262
15357.56233
15536.30012
15524.98270
15401.79360
15491.98194
15400.84896
15354.10356
15440.30979
15309.72046
15188.50879
15169.33577
15316.94288
15279.32302
15312.31158
15179.81110
15325.36116
15239.24362
15397.42843
15435.81699
15443.11752
15414.55061
15346.26557
15433.26812
15475.00067
15483.20159
15489.16813
15576.77961
15346.67179
15322.24080
15344.80774
15368.12518
15633.56600
15475.05289
15525.21262
15597.61380
15546.76284
15514.90623
15571.82160
15371.35569
15254.33022
15233.73569
15566.58680
15482.18147
15318.14767
15335.76606
15459.34138
15503.33594
15323.97104
15352.76203
15408.61942
15094.99149
15278.45846
15291.13473
15221.67827
15484.96509
15695.45610
15466.28819
15425.28363
15443.84646
15477.99807
15390.15940
15737.23600
15641.15313
15399.91531
15576.23515
15430.78314
15423.38979
15349.90130
15152.43307
15199.92704
15386.66908
15496.28800
15351.75882
15432.22093
15447.31671
15264.17024
15488.89829
15436.80293
15261.90215
15330.78247
15424.46698
15438.40664
15352.90800
15414.46676
15453.87517
15442.75023
15423.25221
15235.88387
15162.67754
15160.13731
15353.08518
15303.94415
15524.10118
15456.33008
15387.18364
15384.14869
15423.17134
15484.43626
15289.02281
15476.74644
15494.47169
15322.30274
15427.60381
15326.29449
15156.36649
15088.50890
15215.89506
15269.35305
15409.35274
15468.19285
15351.95062
15471.66718
15324.28459
15483.58992
15447.08529
15586.27744
15564.63038
15415.98823
15450.79343
15361.53387
15459.84930
15240.39615
15329.54249
15312.52508
15319.09062
15227.23821
15273.41480
15197.31614
15221.99246
15408.13149
15510.10482
15671.25227
15593.02203
15534.74024
15616.37620
15648.14989
15553.25131
15355.61394
15331.02780
15354.34167
15464.95276
15373.90382
15384.25595
15317.72206
15368.52169
15288.01811
15546.48224
15596.94813
15496.69332
15333.08749
15495.47674
15538.44452
15445.88279
15400.41584
15407.60675
15406.72549
15381.38807
15214.33624
15332.60137
15314.05320
15183.20252
15265.01802
15275.30416
15418.69291
15418.05801
15397.92158
15533.79124
15467.14304
15608.57242
15448.85992
15604.28970
15544.22504
15546.28181
15565.54636
15689.11602
15513.44065
15542.95871
15324.31949
15242.60022
15541.15815
15416.05965
15543.44553
15556.06790
15649.94001
15725.57610
15566.81305
15382.09627
15465.93759
15563.09186
15361.25171
15379.73634
15428.19644
15412.51849
15429.77046
15550.80860
15446.01322
15291.76978
15309.76378
15458.28061
15426.94516
15175.98512
15176.02318
15378.10759
15345.06619
15272.02319
15434.03229
15295.51760
15211.60648
15096.24341
15264.39827
15223.33988
15388.55313
15325.30595
15394.69529
15313.64633
15195.67989
15208.56775
15119.93482
15117.07479
15375.72885
15344.01603
15165.19609
15215.85169
15216.54228
15312.02119
15264.99690
15415.73674
15278.15709
15291.06399
15309.70684
15407.34030
15479.79648
15405.42168
15201.56192
15196.55371
15337.44850
15145.90361
15405.88583
15379.36625
15521.12393
15584.57234
15467.98025
15387.73142
15370.93509
15424.85047
15457.91530
15542.44855
15613.99897
15739.90761
15454.30925
15145.49541
15264.45043
15265.15798
15285.07417
15440.59049
15573.19576
15370.70980
15348.71392
15448.36868
15495.68968
15387.62502
15218.44124
15396.69937
15387.18519
15499.59909
15419.36515
15306.91623
15382.19611
15449.77033
15258.65233
15390.49136
15338.19933
15394.54258
15457.31253
15507.13826
15565.56391
15478.19308
15218.37936
15469.15184
15475.50593
15498.98040
15466.94643
15246.64670
15503.76879
15564.33832
15293.91267
15286.49950
15681.01953
15723.30352
15671.26471
15659.11115
15576.39694
15362.72789
15634.84414
15654.33129
15524.09723
15328.30486
15202.16689
15415.20382
15330.93008
15260.72436
15253.92784
15227.88598
15389.62791
15465.56195
15618.68616
15427.93930
15270.64562
15232.46235
15432.95609
15242.30621
15215.71975
15308.33588
15261.88907
15227.84334
15322.33080
15537.05392
15411.14268
15248.82032
15392.26675
15306.95027
15378.29379
15522.02590
15678.99718
15461.71589
15510.98900
15659.67393
15691.88028
15438.96122
15347.58980
15551.06161
15537.85645
15450.46240
15473.12317
15300.86836
15485.46064
15406.68277
15422.81347
15500.65266
15527.32036
15337.24194
15385.91359
15320.67935
15402.97356
15325.57133
15370.49779
15458.86833
15334.44142
15262.87763
15037.08739
15111.79266
15291.94927
15399.24832
15472.59102
15407.99480
15506.34356
15153.44309
15195.69276
15247.59276
15217.16304
15358.48086
15337.39371
15273.07793
15326.20632
15445.78116
15430.74534
15366.46079
15223.86430
15395.15561
15233.35627
15411.46691
15571.73623
15661.43007
15624.72934
15463.94415
15577.31876
15635.61984
15443.79607
15581.65232
15370.55066
15471.70539
15373.95535
15300.69702
15584.09536
15513.70165
15429.21898
15207.43157
15183.62056
15156.32179
15112.22414
15208.49066
15246.69291
15348.80015
15426.26024
15207.67605
15323.27282
15273.00929
15393.12193
15422.81158
15214.11925
15382.21341
15387.10199
15493.64579
15451.67771
15443.82928
15407.46559
15320.43548
15401.34729
15380.11547
15324.56593
15322.62695
15118.28134
15270.96707
15313.02032
15400.25407
15300.42038
15258.97577
15289.03919
15568.31254
15276.97549
15468.69238
15360.45686
15311.08626
15404.77230
15444.49683
15279.33197
15435.21286
15342.04350
15374.86177
15452.21993
15387.21348
15132.78916
15279.21876
15402.84856
15467.92438
15206.26367
15257.41927
15227.94999
15438.76489
15272.40010
15500.47991
15427.44280
15278.04080
15311.32421
15393.25850
15331.63585
15396.56020
15430.97985
15530.52479
15502.16723
15459.45625
15443.86525
15393.98222
15218.44832
15224.74346
15447.49601
15419.41231
15435.78827
15388.89128
15298.68110
15284.90872
15339.31727
15488.70303
15361.14428
15465.57456
15502.10793
15420.48846
15374.65386
15363.14700
15198.07711
15297.43442
15422.23612
15348.30552
15278.71808
15169.79850
14994.13566
15147.16566
15000.76278
15001.47304
14970.78206
15066.40163
15055.47284
15111.28629
15136.51220
15298.30620
15275.85403
15320.29617
15183.09918
15078.53116
15034.81486
15234.50540
15378.50236
15366.22886
15451.44001
15478.77456
15317.85646
15377.33060
15327.94488
15477.56651
15422.95979
15323.22841
15483.03800
15509.33856
15416.94280
15325.41491
15231.69791
15389.83213
15317.98723
15564.17240
15685.32869
15726.27974
15518.87670
15362.63574
15382.13748
15387.19701
15083.33413
15125.21076
15091.59220
15182.23489
15336.02463
15433.00123
15490.54114
15508.10159
15407.90609
15448.90270
15551.54671
15386.55016
15245.14137
15220.65354
15325.36255
15256.88343
15440.62017
15521.05838
15597.63737
15483.42710
15495.91663
15599.11073
15545.60390
15312.47434
15528.16560
15386.56300
15289.60071
15460.38044
15645.19873
15296.98810
15231.99767
15235.79539
15130.87382
15362.38689
15242.99342
15159.72804
15286.66157
15353.48623
15315.17617
15125.61287
15250.27249
15316.28900
15333.16390
15310.48796
15318.35382
15275.19153
15344.59219
15276.59154
15652.42749
15378.40131
15324.38470
15383.95611
15504.07814
15288.97590
15413.81465
15381.72505
15464.67619
15451.61390
15469.11127
15329.39792
15483.35446
15617.04053
15635.23772
15320.61184
15305.33161
15494.95123
15369.05971
15291.23524
15579.34614
15505.16876
15485.18356
15423.69392
15609.17841
15580.91709
15260.19359
15141.24963
15373.54811
15482.44688
15544.36240
15381.99582
15280.78226
15240.64044
15353.89783
15569.01280
15444.31744
15305.82454
15234.46795
15212.29164
15362.17402
15290.01492
15321.05913
15307.63129
15357.83452
15227.19693
15152.98921
15238.44145
15382.08564
15281.51955
15464.35206
15384.35016
15459.61870
15463.05698
15474.80647
15263.50860
15357.12134
15429.32036
15325.29889
15324.64435
15414.46434
15435.28236
15509.11908
15695.28171
15602.20415
15501.28421
15325.64748
15484.97777
15399.72180
15261.49805
15313.78820
15447.56539
15577.43637
15448.28975
15455.43162
15401.94895
15315.53981
15567.10103
15501.11705
15439.33746
15501.67581
15476.71930
15444.60641
15687.68252
15524.31595
15460.52451
15178.78144
15396.73483
15195.48540
15207.65884
15520.30015
15528.01913
15411.35114
15453.28652
15463.37279
15396.55030
15578.40048
15621.36109
15596.61366
15476.68760
15458.34548
15632.98778
15580.81419
15473.34035
15473.14727
15555.53985
15520.16593
15608.11015
15496.34528
15335.51531
15508.62025
15449.86691
15403.63585
15506.03628
15267.61059
15388.28934
15413.57287
15407.96909
15542.30415
15442.03622
15333.40258
15463.45131
15347.48689
15257.42844
15339.57685
15360.22063
15347.69216
15458.18164
15428.42131
15290.62087
15099.38170
15164.97423
15449.95519
15385.92402
15414.54467
15246.01280
15086.29403
15220.72875
15156.03303
15346.96281
15356.95388
15402.83763
15279.63827
15267.04404
15507.03544
15311.23569
15235.63422
15226.77646
15359.35403
15565.40369
15292.49795
15167.07693
15354.04386
15282.35822
15124.77328
15160.14601
15354.60749
15262.61801
15563.15648
15506.10642
15788.76594
15895.98559
15789.30365
15787.40888
15796.36017
15561.37342
15556.74589
15465.93121
15475.79253
15398.36595
15361.96054
15378.30380
15220.98726
15297.36925
15405.18363
15410.98059
15226.88099
15465.38654
15635.35517
15516.72829
15467.77296
15654.09683
15591.73880
15444.00967
15366.79994
15407.52389
15162.61525
15305.11652
15413.25456
15266.62626
15501.06888
15416.87936
15399.32621
15407.98778
15576.35872
15504.17199
15419.16454
15405.78493
15426.27258
15411.74681
15607.59392
15329.90275
15248.55130
15464.15368
15313.74357
15384.48164
15306.19302
15343.43258
15567.48727
15518.74436
15570.81567
15505.15277
15500.79383
15415.78205
15484.16129
15599.81891
15836.99153
15688.13377
15489.00866
15343.79653
15306.00172
15443.89111
15347.05945
15475.02072
15359.63160
15370.73670
15550.43533
15429.08511
15500.85716
15725.44124
15673.50424
15447.45269
15620.11939
15625.50559
15537.57963
15507.88651
15413.96658
15394.35004
15471.46951
15286.89849
15329.14430
15420.52006
15409.13286
15294.74070
15330.86651
15388.28685
15447.63757
15465.84248
15355.54934
15384.86404
15383.44620
15413.72936
15466.36350
15447.76828
15479.76962
15354.72404
15395.66123
15524.80729
15568.67573
15510.65849
15341.97872
15245.42145
15309.15683
15523.22172
15663.18545
15259.78167
15364.24534
15329.13506
15418.40018
15290.20353
15442.69118
15346.71700
15382.84645
15183.56285
15361.14577
15330.96741
15050.21366
15266.04567
15375.44244
15309.37195
15400.51004
15333.71812
15475.98175
15521.29458
15503.43070
15282.49924
15262.80408
15328.84945
15323.67922
15153.64321
15175.89183
15249.72836
15131.18738
15235.75717
15310.67718
15373.09845
15448.70299
15502.47918
15384.37955
15457.58202
15484.69710
15306.77452
15322.70306
15267.65825
15165.67362
15413.93718
15383.03467
15364.16353
15417.49736
15544.67986
15442.88596
15283.44625
15413.67454
15302.49124
15515.91021
15513.06229
15515.95728
15498.77358
15391.17168
15192.72715
15312.95180
15338.16889
15421.68449
15276.53585
15282.40734
15271.79155
15153.47909
15166.94659
15121.33666
15268.18975
15241.78989
15196.53585
15239.05978
15464.59683
15280.67422
15216.13501
15074.68354
15498.37164
15469.10485
15408.54507
15465.13024
15468.54612
15425.71618
15382.59980
15380.34859
15537.59603
15671.43493
15632.39543
15418.75214
15373.32077
15183.19461
15237.15856
15343.34629
15249.47540
15197.39977
15163.10288
15213.89456
15253.06307
15376.39120
15502.10669
15364.33338
15541.22904
15515.60526
15486.04554
15188.46107
15284.13624
15306.21324
15241.79109
15232.66984
15327.63615
15480.10850
15577.16509
15587.29795
15555.20894
15333.74618
15352.73296
15169.53404
15280.71633
15293.84040
15279.88096
15410.81834
15315.58018
15274.48816
15237.15053
15564.00067
15356.45091
15208.42207
15140.36535
15360.80399
15286.78153
15363.61640
15273.75597
15109.78717
15255.02984
15290.44942
15590.65582
15355.02333
15206.04779
15303.08520
15400.93857
15389.73978
15585.67020
15549.95884
15529.72744
15451.09837
15451.12100
15473.10135
15573.24212
15573.64080
15428.82937
15497.57303
15676.92745
15493.12376
15462.84808
15426.05529
15360.98291
15366.09534
15397.19928
15567.14307
15444.91669
15428.62302
15492.87290
15590.88980
15541.10001
15609.12784
15610.17325
15706.35363
15763.32565
15687.36872
15470.36154
15442.59218
15251.76415
15189.88095
15324.83269
15500.59727
15428.51397
15247.81614
15146.03739
15175.14405
15132.31954
15591.81651
15595.24953
15803.14104
15710.04499
15474.43104
15466.56731
15482.66984
15291.23501
15272.56583
15259.16927
15485.05702
15462.29151
15333.40399
15303.26810
15342.82514
15489.69334
15356.24047
15411.56261
15213.06159
15525.82231
15264.71975
15340.80745
15200.12296
15197.52246
15238.97630
15102.65146
15225.63596
15290.38292
15392.33317
15530.00009
15341.50347
15352.69522
15395.73240
15495.39611
15392.76558
15036.18279
15198.01811
15352.20753
15405.03160
15551.39692
15935.91203
15697.61882
15483.46982
15656.49136
15649.82534
15509.93980
15524.51751
15351.59039
15518.82603
15362.88083
15478.56906
15461.83433
15358.94769
15636.42939
15470.47609
15530.43470
15542.93457
15570.05759
15576.72316
15586.91013
15418.33443
15326.33141
15338.28628
15422.55987
15288.30938
15312.75995
15369.53413
15732.39075
15495.75636
15415.91271
15416.42475
15389.95214
15402.55370
15468.54181
15389.40951
15335.04726
15253.67697
15319.10938
15322.48255
15335.27019
15164.42885
15184.39760
15195.80581
15331.40766
15237.07302
15259.39225
15331.26716
15293.85219
15062.07544
15294.38401
15264.55848
15305.57484
15384.45559
15353.75278
15524.46564
15634.18758
15461.37673
15608.01891
15511.70829
15463.03544
15519.38916
15672.88309
15536.69264
15460.98365
15441.35838
15365.71406
15473.49962
15550.07005
15757.17366
15623.65486
15672.78459
15567.73912
15356.92266
15336.87240
15405.04479
15249.99067
15220.74082
14943.02324
15011.77996
15275.26589
15382.80233
15295.47307
15320.25228
15372.37781
15352.55617
15425.03277
15436.93654
15395.47555
15415.37985
15418.92719
15348.48145
15210.80698
15344.90269
15227.96570
15215.62341
15333.83060
15443.67469
15429.06712
15476.77919
15441.41305
15497.88203
15561.83859
15531.78047
15574.92884
15461.09099
15433.37213
15584.26264
15542.11115
15497.70131
15422.81116
15352.57387
15383.48996
15194.26187
15135.08484
15434.47185
15494.33979
15529.15025
15472.00871
15406.03538
15542.82027
15411.10487
15149.61350
15149.13955
15210.05981
15189.37202
15241.66942
15375.87564
15303.47875
15328.92894
15389.72104
15344.92457
15382.19271
15298.50137
15428.45985
15401.69992
15296.12734
15307.22077
15142.15073
15350.78003
15260.66599
15293.37713
15531.21399
15599.06350
15602.51830
15377.66962
15451.69209
15426.88967
15374.56044
15439.51277
15278.71398
15379.20937
15488.94751
15362.61518
15202.88698
15341.37056
15222.36578
15207.60060
15183.11345
15248.16843
15233.27090
15253.52522
15210.06678
15088.13819
15365.56180
15341.39119
15219.13972
15419.74388
15542.24286
15636.91348
15386.88184
15327.12003
15296.88648
15455.45005
15442.44794
15530.82317
15216.17610
15231.06101
15094.35619
15225.86836
15112.02090
15163.02614
15516.20459
15397.78369
15219.78764
15231.31992
15356.56948
15358.74845
15280.98992
15576.07253
15447.82861
15444.13707
15494.05785
15562.85596
15464.47450
15368.31375
15433.64359
15316.79102
15470.36891
15514.45624
15623.82062
15534.56786
15399.96367
15312.04180
15461.54588
15457.94949
15451.49760
15649.87308
15581.99636
15523.21990
15438.40181
15417.20899
15392.67014
15400.38997
15555.53308
15344.83113
15312.64644
15469.58761
15394.10469
15251.12655
15387.66819
15422.78031
15193.43093
15327.29648
15315.86233
15486.03729
15461.92474
15456.70773
15409.03702
15507.64464
15651.89381
15488.00506
15558.35950
15206.18686
15208.39146
15340.65508
15271.09472
15039.01476
15062.91510
15426.24503
15365.18234
15520.13003
15299.19307
15249.30684
15339.03651
15222.04482
15331.62768
15402.09499
15315.41877
15240.12357
15303.02409
15482.24136
15440.51069
15656.19974
15446.35202
15384.68890
15505.16486
15475.05536
15585.77697
15245.58226
15473.60412
15477.72116
15347.54276
15174.95489
15317.97653
15474.03562
15635.49904
15585.43138
15406.89000
15319.40243
15184.27398
15244.22841
15321.34399
15581.22385
15540.47212
15504.20288
15371.46230
15178.01341
15171.40323
15180.10168
15121.43090
15226.57981
15472.99816
15715.00623
15587.40753
15539.09327
15564.31140
15588.78321
15460.72749
15283.48127
15307.49041
15475.63293
15469.30842
15374.60105
15412.29389
15262.16082
15418.46173
15570.90049
15400.57973
15347.53356
15431.11436
15450.07147
15333.40622
15418.08325
15318.88219
15248.68057
15503.30627
15418.35580
15356.15023
15378.84557
15340.04622
15313.29115
15201.38932
15142.77722
15155.73395
15149.71902
15337.78180
15464.47314
15362.48869
15396.19056
15489.68179
15285.48612
15409.42686
15319.06824
15539.73052
15477.18875
15444.72839
15480.81417
15511.94236
15400.81179
15462.17797
15460.79917
15538.34771
15418.96495
15423.38509
15515.41334
15434.11000
15340.98814
15214.19797
15225.46744
15293.37419
15351.53731
15314.99949
15112.68132
14953.75709
15009.63079
15093.72096
15073.19326
15239.34911
15124.80449
15309.50400
15437.29048
15348.36271
15432.58964
15399.19220
15373.60895
15284.01805
15597.09705
15237.80789
15093.58199
15216.76538
15377.25246
15537.03487
15460.57095
15395.91065
15477.51930
15631.39636
15583.53407
15611.32286
15638.55498
15349.19344
15128.52696
15255.86826
15252.30834
15236.90066
15161.78879
15349.07457
15453.73478
15447.62681
15412.24989
15373.73963
15403.95877
15447.04344
15350.52710
15354.38088
15442.12789
15570.24598
15580.66957
15384.76506
15316.26765
15351.87634
15417.67577
15302.56306
15095.15526
15347.42485
15472.25507
15510.41490
15521.31986
15342.66295
15281.98245
15189.23740
15171.93995
15249.17758
15141.03854
15347.68634
15284.11256
15333.53734
15273.68296
15403.88429
15559.07583
15644.81047
15418.49225
15473.22466
15270.83135
15333.97506
15272.52219
15269.09556
15455.36684
15547.96550
15424.04584
15417.80434
15281.68800
15346.94375
15556.93914
15406.76751
15405.02981
15289.27836
15295.30394
15500.30459
15442.71432
15330.27907
15418.24463
15280.96985
15313.57292
15489.13500
15688.99817
15338.95596
15471.00622
15482.77561
15442.69038
15415.73962
15367.17293
15363.21344
15360.66660
15376.50764
15476.30231
15363.27154
15351.87175
15482.46775
15514.16468
15426.30714
15363.98370
15321.08080
15567.85849
15487.85857
15592.61019
15650.85833
15643.42471
15607.03020
15483.55344
15490.58486
15540.17418
15466.59027
15430.93363
15468.32926
15527.34427
15502.02884
15450.11811
15598.11884
15635.26450
15573.36279
15306.78822
15282.09172
15456.57921
15408.61951
15682.28630
15943.27081
15644.72207
15569.28245
15507.99712
15280.58733
15150.43464
15212.38039
15293.38919
15196.37240
15329.18240
15311.34700
15302.21935
15099.40883
15139.61097
15248.92261
15349.42970
15530.34850
15438.19783
15483.63947
15585.02871
15538.54815
15471.07048
15489.41269
15483.11450
15294.47347
15230.66147
15439.17878
15435.15235
15427.56168
15533.52642
15441.63976
15583.09721
15549.62035
15543.37200
15541.46000
15520.21794
15574.61182
15384.47721
15445.25126
15533.17992
15289.01151
15263.09242
15264.52125
15178.58916
15107.29334
15137.27747
15138.70383
15287.62808
15515.70848
15304.29108
15438.70884
15368.05972
15532.35832
15626.90832
15718.06201
15629.09053
15572.56458
15451.00446
15463.10399
15291.07394
15614.70399
15395.54160
15561.15284
15408.20671
15311.69795
15373.67394
15416.88050
15379.07158
15179.22350
15227.51186
15345.20153
15623.53748
15581.06920
15540.33740
15468.01823
15436.13884
15227.87592
15379.54036
15332.71315
15461.00440
15594.68278
15464.35461
15340.89820
15340.20602
15368.79620
15390.94089
15326.61425
15228.87290
15303.80636
15492.43135
15417.32348
15532.70681
15276.84266
15294.64454
15236.10260
15375.49441
15422.10970
15499.38862
15511.74650
15510.04047
15677.06078
15459.27230
15307.39428
15352.00832
15423.35432
15587.94829
15541.49678
15428.41473
15463.52462
15376.60672
15604.82464
15694.52326
15641.77386
15519.23834
15552.50721
15413.90846
15319.30979
15335.44380
15377.68066
15402.70652
15433.36093
15407.94832
15412.98490
15490.51375
15334.69653
15370.84940
15584.78695
15473.37942
15626.10770
15552.07376
15338.78757
15188.49551
15268.60987
15287.16705
15209.74329
15346.07394
15465.37135
15465.29483
15437.72230
15274.95136
15313.41360
15224.14932
15259.84751
15242.72924
15231.83252
15199.97100
15285.59031
15408.12801
15418.27891
15413.01682
15245.41030
15281.38544
15464.83202
15481.57246
15451.48037
15360.98655
15202.08936
15117.84957
15152.69044
15345.24812
15569.34906
15477.67052
15260.97851
15385.45689
15316.90187
15320.13167
15388.18033
15254.85420
15319.81369
15240.97617
15326.96441
15229.60864
15286.93896
15084.97074
15357.78662
15400.25739
15367.93731
15507.03554
15525.42150
15616.02846
15448.82748
15206.21155
15351.47889
15333.40199
15203.51057
15197.77558
15271.07173
15330.00660
15198.98607
15410.57028
15500.83269
15121.19437
15290.08239
15316.51051
15321.73309
15525.17547
15696.28565
15484.43648
15312.61442
15396.57927
15270.29840
15146.87800
15182.44215
15309.45638
15241.81449
15389.12200
15503.92249
15417.90963
15388.44085
15361.47390
15387.81783
15349.73668
15273.37440
15295.51968
15192.84712
15097.08346
15488.48164
15616.91660
15334.19334
15354.52987
15270.84213
15434.46676
15377.76542
15395.44646
15362.28295
15434.73080
15315.84561
15263.18423
15344.87000
15241.59703
15228.23895
15118.16250
15179.41619
15271.23500
15312.20043
15316.25362
15374.10823
15433.48087
15519.03107
15420.64999
15528.56385
15392.81056
15348.42195
15508.95600
15404.72403
15391.35726
15452.15437
15375.86945
15563.05699
15579.08092
15483.89204
15565.60238
15527.87546
15481.53426
15540.77589
15537.49322
15481.24915
15523.10547
15685.03271
15579.44968
15615.88475
15411.84615
15434.76565
15308.90075
15166.86799
15290.88207
15405.19084
15290.04487
15194.91417
15395.13215
15197.53298
15369.23993
15241.75549
15424.53507
15467.09051
15463.28255
15387.25541
15438.63275
15383.41551
15498.75720
15231.24987
15384.01553
15314.11806
15286.61468
15434.46035
15401.95612
15419.62947
15420.29374
15164.58272
15376.99822
15492.03134
15396.26249
15429.85711
15436.07884
15482.57891
15368.05212
15485.47406
15405.45834
15478.30145
15473.43591
15465.90708
15391.19805
15310.43064
15265.32067
15376.55401
15467.11758
15469.31152
15562.26647
15542.40159
15569.85671
15347.32822
15515.54101
15657.01897
15819.39375
15802.47684
15614.04816
15414.99695
15245.94804
15327.53893
15338.45898
15398.10380
15513.83486
15546.09115
15577.14165
15644.84970
15486.80742
15557.19070
15380.67612
15346.12287
15290.35265
15633.97655
15584.91529
15482.50274
15437.81005
15220.37396
15325.99361
15220.20399
15194.32812
15445.57689
15538.89471
15672.17808
15532.43573
15509.75792
15552.08500
15539.76866
15374.91095
15532.45071
15413.97376
15535.98779
15436.11432
15482.37680
15571.50846
15527.59825
15548.79086
15502.46810
15708.12634
15735.52848
15569.98686
15289.53871
15460.88306
15429.50792
15423.98817
15429.95560
15414.97722
15396.63039
15382.97691
15459.88215
15506.82753
15535.21550
15509.42515
15272.40911
15407.64774
15378.20924
15463.93091
15398.94452
15393.99780
15388.02203
15388.18057
15430.97373
15423.80260
15252.65760
15230.52914
15324.83092
15187.34955
15340.24649
15328.49822
15497.18006
15492.82801
15347.71739
15357.38801
15460.40000
15580.83224
15487.75240
15381.35410
15517.17197
15515.06652
15535.88855
15519.81598
15504.95272
15313.73022
15343.01839
15320.83521
15305.88123
15446.79112
15308.23981
15433.34783
15394.73457
15338.19445
15388.58684
15268.69727
15264.91371
15529.77170
15425.03865
15144.96327
15115.72004
15301.45850
15347.21637
15447.08812
15413.01650
15505.95472
15388.23077
15298.80979
15376.47224
15413.07033
15600.58555
15503.38102
15253.99153
15404.43911
15582.98116
15424.99027
15367.64494
15356.86926
15435.56888
15268.71999
15245.61045
15324.75575
15365.31281
15568.60885
15405.10679
15442.77620
15420.07498
15286.82984
15533.26440
15619.18275
15634.16534
15650.61871
15523.81393
15346.61774
15160.38497
15191.15549
15170.89934
15217.87367
15320.75901
15368.87950
15539.99413
15516.56678
15310.37082
15265.63136
15207.27605
15141.73723
15532.17469
15380.57759
15446.53031
15298.31440
15222.75583
15322.49111
15304.18973
15330.36174
15424.34015
15319.83852
15400.38411
15413.92441
15578.14699
15448.55740
15459.08265
15254.41616
15403.21240
15363.94100
15453.37473
15312.89869
15228.26557
15127.55113
15180.97715
15261.51325
15159.08431
15236.07724
15342.11972
15604.15813
15387.75693
15426.14558
15445.63074
15536.19091
15490.68678
15390.94316
15342.85776
15234.38870
15290.70899
15271.39877
15174.37596
15118.73178
15177.48811
15188.84911
15176.48443
15301.66712
15420.37207
15345.98745
15326.00162
15293.46576
15422.67146
15498.35900
15319.52178
15272.12596
15472.96570
15530.09389
15432.91196
15460.17836
15472.69345
15462.55703
15399.23880
15652.40450
15532.74306
15675.65867
15491.17445
15534.78961
15290.08679
15230.72117
15335.98085
15558.10334
15633.86883
15590.31734
15601.67501
15591.23134
15679.98536
15580.09153
15566.67362
15422.97430
15350.09159
15321.87265
15277.25312
15315.66550
15313.11439
15289.31520
15378.33259
15339.20338
15222.01675
15224.62063
15044.51401
15198.60948
15169.22607
15278.48316
15127.52486
15396.29373
15475.88688
15394.75315
15190.04150
15370.25379
15326.78063
15312.98962
15217.03004
15468.41571
15429.53860
15321.26840
15295.31633
15514.02759
15324.40970
15375.27841
15284.58781
15303.45683
15303.19544
15530.12842
15353.40266
15368.44696
15279.31252
15458.35304
15416.47003
15480.51771
15383.65994
15379.26256
15394.25293
15595.21860
15444.75446
15321.21515
15379.37805
15748.19976
15622.89797
15605.29729
15629.15087
15733.74072
15501.21826
15560.51400
15453.61784
15497.14805
15495.16939
15346.78532
15382.75046
15102.16217
15404.80662
15524.81442
15281.38359
15221.63963
15435.40479
15422.49870
15431.99339
15241.95946
15378.64902
15419.14704
15189.83305
15274.27971
15157.24001
15611.64720
15501.75136
15423.53745
15370.20412
15448.54525
15307.57018
15222.91061
15248.82383
15368.84790
15364.05480
15182.49168
15200.17196
15450.13388
15223.75191
15319.77172
15509.39365
15449.44542
15569.94448
15650.35372
15775.69754
15524.90960
15674.69987
15469.13958
15556.13860
15631.20567
15676.10231
15775.86984
15636.21276
15671.42714
15706.92335
15731.06667
15489.62263
15487.98705
15311.53163
15243.19917
15426.99227
15266.26041
15230.49627
15269.32657
15119.95405
15165.95005
15171.91387
15136.27860
15255.39956
15182.28830
15197.52250
15286.09301
15359.54525
15386.67565
15361.32030
15354.18162
15484.87684
15370.36194
15522.04457
15442.84399
15276.66055
15394.64931
15275.95723
15414.54724
15381.07572
15548.04923
15454.21475
15279.83316
14980.02558
15363.16558
15162.60058
15300.10331
15377.15124
15525.43936
15478.81302
15383.38739
15436.16016
15434.94542
15443.48284
15346.37662
15294.93905
15264.93094
15323.27855
15299.13483
15193.13967
15243.05017
15391.87206
15325.08841
15425.97222
15391.52209
15389.07704
15530.89194
15441.28978
15432.27075
15449.62235
15298.48019
15355.92706
15299.66240
15477.87694
15382.05178
15359.80354
15313.50784
15427.02869
15413.13091
15409.90578
15379.75560
15420.03749
15483.35347
15534.51078
15225.15059
15140.80213
15272.40275
15313.04575
15303.78395
15190.75892
15128.17997
15215.57992
15245.01478
15353.34120
15405.94195
15201.40233
15303.42284
15336.94859
15472.99464
15458.36945
15632.42609
15522.65509
15583.41584
15583.27543
15438.57254
15357.73460
15650.44422
15428.86508
15420.73851
15504.57535
15514.69752
15438.16847
15329.46952
15306.36724
15347.29332
15406.84385
15479.31993
15492.98790
15626.52376
15553.48434
15506.73163
15447.80567
15499.67949
15552.76298
15487.15058
15353.31305
15256.82989
15160.38093
15266.25306
15365.52588
15418.10382
15316.78136
15299.18250
15384.19975
15512.95243
15471.85573
15471.55047
15442.80885
15597.52048
15536.02578
15374.19004
15356.12048
15411.30093
15426.88826
15412.33555
15429.04139
15407.72125
15649.05149
15539.74218
15449.79771
15631.35521
15441.41182
15520.66093
15690.54705
15528.72913
15605.03062
15513.40608
15684.82382
15481.80877
15532.89519
15473.81648
15488.03371
15496.12986
15172.19201
15189.42136
15214.66084
15261.73039
15273.33762
15458.74074
15499.63912
15566.93842
15501.43176
15542.03345
15505.10637
15438.21049
15319.07806
15579.90364
15442.28582
15524.39082
15469.03152
15169.35828
15247.80467
15355.46837
15406.91367
15502.75333
15404.14341
15483.40058
15775.39605
15614.17283
15731.93307
15688.64316
15575.63247
15476.44026
15358.42668
15597.18595
15557.73641
15472.09296
15472.42658
15328.93664
15225.26906
15287.03578
15274.94960
15556.64187
15470.20340
15358.65379
15329.22272
14962.57972
15160.68960
15202.05334
15218.44482
15297.12983
15489.54544
15352.18126
15563.53885
15399.40905
15270.24310
15396.70018
15428.73505
15595.26636
15400.51766
15481.39839
15463.11536
15526.03421
15472.27495
15440.41253
15434.91766
15458.62196
15565.81710
15527.91446
15383.76478
15163.10514
15158.52380
15212.14849
15108.42389
15534.67771
15653.29041
15608.27746
15528.40885
15345.55859
15176.21910
15336.12848
15298.94777
15302.66425
15417.58853
15423.46950
15527.32878
15525.27098
15437.56709
15436.88214
15442.96755
15394.71859
15635.34258
15501.33651
15449.37127
15426.80416
15594.12771
15719.85323
15501.14635
15451.75376
15330.28071
15236.46234
15114.45788
15342.26797
15446.30989
15521.05480
15312.08858
15368.54777
15648.61263
15604.36149
15419.30755
15461.22866
15518.94570
15385.40298
15508.51610
15422.34534
15446.51317
15679.20266
15658.28122
15421.18621
15389.08506
15487.53638
15303.96582
15443.22835
15477.46249
15462.62734
15357.60463
15491.34749
15492.60706
15234.50685
15232.84488
15462.84094
15594.16726
15526.87512
15510.94181
15524.00269
15333.21841
15565.85779
15281.88407
15382.59047
15349.56634
15588.15581
15477.21122
15490.47338
15603.99823
15414.56731
15470.35228
15316.13309
15350.55537
15445.44457
15386.18805
15514.86513
15571.37375
15567.52923
15507.17761
15476.39426
15780.69890
15711.70393
15825.37538
15761.64173
15693.24658
15493.98330
15470.21523
15511.51310
15420.42322
15339.00753
15230.84559
15227.53264
15252.84103
15298.89948
15172.68538
15302.32532
15456.77330
15317.08589
15627.03462
15341.18010
15362.16767
15320.73047
15223.58484
15215.61500
15396.53761
15278.14003
15038.53135
15237.78395
15170.11202
15295.80961
15476.92781
15547.63105
15272.85983
15311.83328
15370.49925
15366.52971
15249.09570
15293.86507
15341.02743
15325.14906
15346.02961
15589.06141
15495.24145
15454.23466
15376.33850
15283.43727
15263.17911
15407.59300
15492.30395
15493.97299
15433.59869
15429.55894
15542.48747
15698.92730
15584.60421
15487.97270
15085.10264
15294.62039
15327.88401
15345.17349
15216.09584
15365.25776
15445.24576
15298.45889
15433.43881
15524.92200
15351.27876
15465.30456
15452.65453
15667.96672
15596.54965
15528.20594
15353.29851
15525.79794
15434.93280
15611.56035
15556.97253
15545.67422
15537.08008
15526.09485
15703.76504
15411.70887
15285.38960
15368.23637
15507.17702
15418.49751
15469.83354
15489.02474
15422.03138
15562.09574
15535.52461
15571.75683
15316.46927
15175.89215
15321.85261
15372.11479
15251.47839
15358.37767
15434.35068
15384.80704
15549.63569
15397.90312
15326.66938
15379.15430
15428.78459
15466.07353
15435.88185
15568.80891
15461.79237
15615.23144
15579.93268
15592.36351
15697.37462
15530.40255
15405.66201
15478.85450
15490.44156
15361.81764
15418.26727
15682.78231
15420.11636
15642.39385
15424.90858
15489.30960
15563.06802
15622.94658
15626.09327
15496.36602
15515.82105
15659.39894
15699.65491
15506.78816
15563.07836
15622.01375
15577.29387
15536.40507
15312.93496
15449.38302
15362.41992
15421.75855
15387.59041
15327.41962
15306.70780
15423.88336
15368.22989
15374.33265
15364.20553
15636.44334
15505.29020
15479.08935
15513.17858
15471.27153
15529.78272
15446.32715
15484.15466
15477.25766
15737.09375
15396.77614
15312.37648
15393.04899
15510.66795
15438.45054
15572.81763
15576.38907
15232.52653
15100.64035
15230.75504
15277.73156
15426.74616
15440.43716
15484.59389
15516.16795
15800.76712
15578.42441
15513.99218
15316.16206
15403.68005
15342.04868
15464.46464
15495.52329
15409.48875
15206.20878
15276.59042
15316.35630
15404.82313
15230.42456
15413.60762
15422.76499
15335.47329
15287.66352
15342.08249
15536.24379
15124.84569
15164.28342
15470.46358
15362.84219
15493.39709
15318.37560
15387.71287
15465.31261
15400.03282
15511.41674
15318.14050
15133.43148
15038.77227
14991.59125
15310.91499
15288.91131
15330.01152
15484.32923
15448.79789
15566.77234
15630.09541
15539.76753
15631.03991
15696.81943
15580.89997
15593.74910
15472.70069
15433.87012
15153.99646
15165.83749
15246.93952
15298.38436
15363.45930
15333.72089
15293.52601
15008.15115
15281.37639
15280.41181
15421.07956
15336.88731
15193.89734
15308.10755
15220.36552
15417.61973
15477.56117
15373.08367
15604.72476
15544.98086
15708.53749
15547.72034
15708.72419
15566.42588
15434.76338
15166.01888
15688.30767
15738.37656
15695.30171
15394.56922
15558.76501
15378.04914
15352.19569
15314.63850
15432.17349
15452.71469
15358.99055
15556.52596
15677.47192
15469.47741
15607.77641
15468.74985
15186.39777
15225.57057
15356.60901
15383.39618
15477.38862
15437.71925
15242.77392
15196.63458
15114.07639
15293.58621
15164.92705
15195.83728
15142.26059
15272.36126
15296.54268
15300.04251
15352.38381
15360.69486
15283.91010
15650.61262
15605.19640
15442.89362
15462.38314
15370.78015
15210.98409
15301.13262
15478.75580
15495.08370
15472.64809
15552.47823
15630.48738
15339.43538
15549.16608
15411.31697
15350.06828
15630.73760
15773.39005
15570.98074
15422.71481
15363.18827
15273.48635
15172.46793
15284.45014
15548.58098
15363.67198
15415.86462
15264.67398
15099.05287
15212.17919
15220.13687
15064.96829
15218.50501
15088.00478
15122.48035
15195.14755
15283.26520
15127.14352
15256.40073
15504.39942
15448.40674
15242.85969
15069.79034
15166.47629
15239.22689
15140.47170
15059.15653
15313.17579
15584.06765
15596.40614
15401.52213
15098.01403
15194.46833
15183.73854
15276.67209
15225.36018
15154.74030
15348.68385
15227.00901
14972.76724
15233.27179
15403.79001
15362.43840
15089.63593
15183.17717
15280.46115
15294.45947
15116.45876
15183.20646
15144.51890
15137.01674
15149.22172
15210.04487
15300.62861
15329.24498
15414.80698
15289.23705
15170.82539
15352.59111
15292.59991
15282.40167
15312.09358
15311.38889
15338.64242
15464.45427
15651.31974
15712.96363
15620.99244
15224.84280
15349.69236
15409.97592
15368.95668
15555.13189
15471.10220
15337.16789
15443.57974
15273.24819
15448.34229
15223.12865
15379.89898
15204.36428
15231.06281
15335.38828
15486.75339
15623.83353
15622.27605
15709.25590
15681.84663
15636.89682
15617.98498
15702.57211
15563.96944
15497.09481
15506.74947
15475.36232
15432.94345
15582.66118
15490.28188
15410.33897
15294.75561
15004.44281
15254.51640
15381.06430
15314.11676
15134.54789
15323.23652
15439.31604
15649.41040
15660.43442
15725.72025
15665.09036
15681.33122
15467.51561
15417.34649
15368.26606
15350.89010
15306.13421
15408.82912
15341.81908
15388.68824
15443.44921
15495.63709
15480.25082
15550.53622
15492.66256
15639.25766
15774.32103
15600.66954
15326.50230
15287.56411
15384.88504
15398.89547
15358.58072
15485.80432
15566.15033
15604.70320
15506.82034
15769.47467
15561.37607
15427.02220
15459.84098
15476.44552
15374.98008
15245.16181
15267.34553
15273.44196
15389.55345
15520.55631
15319.98211
15235.23090
15418.91283
15301.57110
15333.49663
15463.12115
15311.36999
15603.87663
15481.43054
15475.72453
15682.96476
15601.64918
15470.26226
15517.21405
15440.11075
15402.96411
15444.46119
15487.29068
15402.16914
15289.80092
15514.08987
15424.49589
15179.37833
15294.81653
15416.82026
15425.78402
15529.18440
15445.75553
15446.18237
15505.68526
15563.05157
15632.89141
15462.36410
15328.66352
15236.04321
15521.86972
15309.64074
15352.84499
15467.98210
15506.46371
15503.42401
15237.46098
15167.05667
15249.45900
15143.74719
15313.21379
15507.10436
15625.98113
15362.90675
15189.15646
15245.40045
15296.53377
15186.03082
15272.98798
15218.27073
15388.40967
15433.29567
15352.52463
15434.88907
15528.88704
15454.57562
15572.12767
15511.53471
15247.85839
15346.09562
15287.87026
15522.51887
15503.68265
15567.90951
15662.01810
15453.18160
15283.67406
15424.05519
15608.02960
15712.66293
15379.82140
15411.52456
15527.78262
15526.81100
15360.27603
15543.13662
15528.13427
15278.40677
15366.53146
15447.57356
15500.05749
15683.17108
15468.96026
15406.40457
15374.05808
15428.32570
15416.46169
15551.41898
15579.67882
15493.38409
15479.61510
15626.99318
15794.33762
15715.18574
15584.04193
15562.09555
15532.89477
15592.73569
15609.52990
15476.57203
15407.58372
15282.59258
15378.51933
15216.53149
15428.57007
15386.89723
15521.18154
15377.02902
15455.95326
15545.28315
15384.55600
15333.64996
15463.66790
15371.19962
15271.95966
15403.19212
15362.56983
15356.41635
15294.55915
15501.90780
15456.29801
15450.14408
15464.27879
15264.52308
15406.53170
15502.72961
15318.33989
15384.45541
15529.74769
15502.74385
15333.32501
15263.75686
15087.10018
15199.74861
15217.36565
15312.96722
15296.16492
15178.13475
15249.09935
15199.65033
15231.70549
15333.59738
15372.58261
15373.71871
15416.67812
15498.04415
15630.44015
15536.03370
15432.57579
15190.59056
15299.62222
15447.43729
15455.92729
15427.79117
15672.87303
15479.47186
15392.50443
15418.24203
15367.85077
15442.38989
15452.12837
15510.97175
15525.16772
15557.97683
15559.42704
15477.26665
15513.98326
15459.97094
15360.12251
15247.63454
15343.70823
15274.98619
15197.69108
15180.25149
15288.99411
15504.69249
15349.46720
15411.94322
15444.50748
15262.83368
15354.19749
15471.79536
15432.19546
15298.01083
15325.67053
15421.38900
15293.57606
15288.35350
15273.92049
15317.46433
15294.56202
15280.33356
15200.75497
15358.15180
15478.21373
15362.51277
15365.49449
15517.50935
15561.19377
15522.13349
15317.70061
15367.13729
15325.38599
15439.80290
15439.93657
15385.78074
15502.10045
15466.57837
15274.46969
15146.42365
15332.28524
15298.89355
15274.33125
15368.63761
15481.87136
15466.56325
15505.65526
15536.23610
15567.83984
15320.48379
15220.71670
15470.38165
15597.84431
15733.15902
15543.39655
15153.49033
15282.91662
15235.60227
15232.25153
15199.28671
15270.38682
15434.36876
15372.27445
15443.81002
15465.64572
15324.07966
15642.44853
15589.54248
15321.01127
15370.77450
15246.68417
15312.98438
15341.37514
15350.66638
15216.98500
15313.99045
15379.03519
15541.62350
15499.42178
15544.02727
15613.00212
15231.83288
15399.54733
15288.56587
15400.33634
15275.38255
15356.50613
15383.66843
15434.15300
15471.46765
15514.00120
15644.80353
15741.48661
15464.33306
15332.49827
15240.06948
15404.70333
15396.18379
15077.11555
15352.06432
15458.28960
15275.11776
15434.03738
15384.21974
15417.17056
15645.11158
15680.57458
15406.49380
15258.36669
15304.84278
15237.40957
15373.86789
15346.78820
15443.36855
15264.23588
15409.03708
15484.04104
15467.47349
15369.19978
15392.35085
15374.53660
15237.47066
15397.25349
15306.20415
15289.18196
15288.91087
15454.86445
15358.77386
15352.21328
15157.99389
15362.94732
15524.30796
15303.12357
15317.12188
15380.52019
15432.40149
15433.34433
15424.06819
15288.91865
15537.47350
15537.10294
15495.31573
15415.27290
15493.28333
15497.38559
15296.56520
15298.83677
15259.80580
15174.07209
15385.85038
15587.76215
15498.52091
15411.49750
15534.21460
15404.52675
15334.69739
15453.73025
15417.77340
15445.27262
15401.21250
15429.04710
15410.98142
15307.21663
15329.47162
15526.78192
15485.91158
15321.84294
15638.87048
15527.38467
15475.21743
15265.56665
15238.13133
15372.60827
15478.66740
15276.61114
15135.95621
15224.23135
15228.12711
15488.74224
15353.28821
15416.55125
15485.95242
15308.07504
15247.31635
15227.25979
15387.89559
15545.34340
15426.34398
15521.49501
15375.56226
15500.14260
15539.12553
15310.34921
15184.24178
15385.27515
15406.83985
15330.81793
15285.54685
15366.16365
15222.02096
15158.45292
15314.28458
15490.87173
15349.72567
15139.59073
15150.93517
15138.80413
15217.08999
15219.01759
15359.56130
15320.37053
15370.93322
15265.82457
15229.71718
15160.74722
15195.83427
15244.12119
15208.21365
15221.94406
15228.93198
15282.19416
15390.94041
15308.29279
15087.76765
14994.29381
15293.82268
15357.84806
15468.08585
15371.80807
15529.75049
15525.35032
15420.37830
15398.60003
15740.36092
15412.10452
15314.83002
15580.64857
15770.73502
15622.29273
15545.10430
15273.80539
15434.22159
15566.55223
15252.56882
15339.11887
15350.52800
15311.69242
15491.15151
15411.18376
15293.78553
15544.21060
15504.28172
15529.81942
15483.04780
15313.99873
15433.71107
15531.58748
15594.77413
15596.19231
15488.31369
15496.75039
15406.10007
15452.87655
15443.65997
15400.83881
15359.96249
15329.65043
15365.18612
15598.69910
15541.69903
15522.51200
15326.04500
15448.13857
15473.37558
15499.72717
15524.88376
15457.89646
15373.70809
15385.74310
15833.79379
15582.42978
15435.29020
15447.50515
15327.47670
15301.77166
15435.37056
15225.29963
15205.53327
15116.86265
15010.38666
15149.78032
15154.09247
15457.63533
15633.12935
15601.79960
15455.64593
15486.32726
15545.71677
15404.94049
15437.03397
15450.94315
15471.95654
15479.21387
15406.06937
15410.67864
15364.13218
15515.45187
15486.34952
15391.38982
15490.70825
15424.62227
15273.12383
15290.79000
15421.33574
15400.15178
15421.74449
15356.28543
15482.23928
15474.94068
15396.25593
15290.62151
15399.93938
15347.30016
15421.85204
15507.96175
15275.97756
15432.35834
15436.82489
15191.33759
15238.66273
15096.09323
15232.92861
15191.59843
15380.75414
15515.10706
15427.76085
15402.73790
15619.18205
15790.69056
15623.52755
15607.65523
15513.17195
15317.03656
15281.70313
15381.02084
15424.04996
15395.49187
15334.26508
15490.61640
15429.61650
15475.43645
15482.12214
15499.04177
15513.52307
15423.04858
15587.83979
15751.85242
15671.02816
15556.17236
15528.67864
15534.41385
15567.56735
15463.85879
15488.68736
15425.61478
15487.58844
15483.32070
15458.66994
15671.70971
15572.04340
15473.27079
15451.95090
15557.01237
15606.78619
15445.74168
15504.82502
15404.03289
15512.23824
15571.17114
15399.17911
15473.77534
15638.01495
15564.98088
15543.85003
15483.99858
15419.24085
15427.57152
15390.79145
15446.59870
15501.87784
15391.20343
15420.74919
15387.86343
15314.01008
15384.99202
15229.32645
15312.51103
15425.57489
15329.44429
15305.14211
15514.11159
15770.84989
15541.64415
15507.29371
15536.09424
15473.42293
15449.26526
15340.14992
15310.50362
15406.88770
15394.64295
15394.98163
15374.94768
15483.41799
15228.15784
15340.95041
15172.97035
15313.79793
15310.39115
15211.74987
15139.20336
15300.86380
15275.88258
15268.25150
15436.98765
15490.26398
15460.50969
15260.82815
15308.41129
15354.73155
15455.20768
15308.96981
15502.54383
15341.51759
15409.54750
15470.79832
15537.93744
15306.98355
15378.95039
15295.73179
15165.70115
15309.51987
15323.77027
15256.04423
15488.19904
15427.06393
15280.84050
15329.12109
15341.49672
15231.43697
15256.12765
15256.06065
15460.65265
15379.22446
15186.57517
15035.93962
15125.15705
