15372.24781
15365.70667
15263.48269
15117.84117
15200.34759
15061.97376
15155.68343
15156.51482
15160.74446
15250.77768
15222.71156
15424.21400
15386.68856
15319.70231
15394.37569
15347.62633
15265.30925
15217.62055
15351.10577
15337.80145
15396.03368
15419.25328
15330.18950
15401.49395
15449.13311
15541.69436
15590.38227
15413.54144
15379.18218
15317.91632
15495.50522
15449.55740
15394.26203
15389.65727
15439.74883
15502.35713
15382.47215
15370.61174
15330.00749
15387.11037
15327.51795
15279.03466
15321.34659
15312.72859
15334.68446
15552.60016
15458.22146
15528.43377
15514.69958
15354.42658
15333.95238
15288.77021
15410.19236
15327.90802
15209.24818
15301.70584
15247.42240
15278.43260
15312.62053
15197.07447
15181.77913
15209.03992
15204.28277
15453.08717
15424.66649
15355.73930
15257.13623
15309.68690
15471.66295
15369.90411
15460.14057
15452.96683
15416.25990
15424.77162
15266.93785
15294.72871
15484.79224
15567.17283
15465.44123
15399.34429
15425.16391
15460.26298
15413.51918
15191.22921
15356.59512
15508.23949
15446.32639
15432.95436
15331.49957
15330.71225
15296.42946
15165.92238
15175.81639
15085.77125
15080.79768
15269.93197
15239.49693
15148.59680
15304.00190
15192.51787
15300.76241
15218.61102
15193.07518
15132.03365
15076.73207
15137.23403
15121.69843
15205.89637
15243.69031
15304.88428
15244.14588
15264.12328
15132.85311
15269.77260
15104.52743
15447.63592
15353.25925
15180.61922
15277.79424
15228.07539
15257.22671
15070.79488
15087.14924
15156.65961
15226.21818
15224.47091
15230.23730
15234.51422
15222.04809
15210.38035
15372.22380
15429.08382
15414.53271
15408.65192
15533.85666
15521.89265
15401.57048
15282.93424
15451.86180
15467.80117
15467.67957
15531.22641
15514.41162
15276.92889
15247.05523
15236.67418
15172.32212
15332.32193
15366.79400
15338.94194
15387.79524
15445.18120
15419.31209
15529.70851
15538.62883
15401.31408
15286.91143
15281.72670
15294.51377
15334.87871
15391.69096
15249.98627
15437.68505
15456.11388
15367.50484
15337.42028
15286.07992
15174.10123
15239.53153
15172.34466
15265.60994
15331.37108
15213.57009
15263.13302
15190.96060
15229.97146
15196.55494
15078.78139
15288.30905
15472.06320
15523.37108
15455.05913
15501.74879
15601.87440
15331.27293
15355.69397
15443.15422
15323.08705
15249.15063
15255.69306
15282.19321
15330.44239
15278.34542
15280.05509
15295.48803
15198.98748
15193.98753
15242.47446
15231.00678
15090.08781
14942.79737
14946.86103
14926.50129
15030.27713
15151.81014
15032.22197
15017.31843
15006.23495
14960.33978
15049.89983
14981.31054
14972.73825
15157.72868
15162.73911
15242.20324
15134.13215
15192.11725
15379.73232
15215.79310
15221.01144
15165.76632
15223.61256
15344.72592
15244.85727
15232.26810
15289.50433
15274.18370
15248.26066
15255.66165
15364.15948
15418.78383
15469.76446
15357.07170
15414.98961
15571.47705
15424.96191
15307.97311
15486.57870
15329.14821
15345.03766
15375.35211
15356.52275
15332.19944
15284.62753
15337.48184
15260.55888
15249.13745
15313.15264
15350.76374
15329.25078
15370.52974
15501.66366
15463.39533
15396.24625
15424.80111
15423.16626
15410.41705
15327.08769
15418.30639
15381.54617
15428.89789
15427.32241
15377.76185
15274.11540
15312.65750
15171.29775
15211.70624
15302.63187
15329.20045
15330.89092
15309.56725
15116.31726
15036.52300
15024.81864
15148.36632
14970.59470
15055.91684
15080.32029
15071.54880
15108.64457
15224.66552
15266.22481
15249.44938
15278.68235
15228.18908
15246.23286
15250.97022
15064.60371
15147.06091
15388.96174
15335.46507
15414.68479
15423.19042
15441.70813
15348.80495
15357.79385
15442.95672
15357.12517
15426.73066
15642.67992
15537.21737
15534.81342
15441.03163
15474.82398
15421.20008
15418.78122
15375.58681
15432.50759
15407.69160
15293.51063
15294.12891
15228.73277
15293.14602
15366.12027
15399.21520
15310.12871
15281.43713
15230.40227
15177.29282
15285.59432
15379.44976
15276.06773
15284.30506
15353.04785
15131.18116
15065.70330
15108.07819
15137.78607
15257.13047
15383.87251
15295.23065
15098.17457
15124.20179
15225.24020
15369.88090
15353.72520
15261.40035
15375.58155
15220.01705
15274.57211
15456.44993
15558.81710
15480.63637
15263.50742
15374.13961
15242.27992
15058.01946
15126.08864
15103.46049
15215.12193
15328.83130
15281.42106
15207.72926
15118.34554
15090.58919
15092.60919
14998.32726
15043.43572
15058.86520
15156.09525
14990.50334
14953.42156
14895.80154
15042.29730
15227.76432
15181.33017
15328.03121
15357.04955
15323.16780
15249.77823
15159.11845
15137.45100
15231.61384
15269.03644
15250.98169
15288.55347
15334.39006
15395.35560
15464.88073
15547.34256
15454.35010
15199.89044
15280.49721
15292.58697
15276.86312
15225.71179
15197.44942
15294.54192
15325.17728
15270.92333
15257.88180
15261.69408
15173.03871
15197.92309
15128.74822
15173.18326
15153.03042
15124.88314
15159.37139
15228.55836
15159.74714
15258.34689
15230.26943
15294.76318
15330.72493
15437.39088
15464.11251
15536.99154
15567.13827
15473.61875
15517.97122
15345.35205
15264.90919
15329.84278
15342.64528
15401.09959
15513.78133
15511.09888
15508.87342
15549.12064
15463.99225
15409.57950
15497.82121
15357.52934
15158.81183
14988.97742
15107.80739
15083.87081
15220.95973
15256.07023
15356.53175
15386.47783
15349.81718
15501.90766
15397.47219
15367.06555
15342.04172
15225.57917
15218.16433
15318.63557
15301.70948
15093.83108
15123.04679
15218.04823
15224.26233
15264.58536
15348.52034
15505.78345
15339.13653
15250.29926
15236.00055
15175.43189
15098.95520
15260.40232
15197.53862
15127.44407
15212.34503
15254.30408
15084.54411
15206.35124
15071.14025
15184.58273
15073.19921
15151.51044
15046.61204
15031.12886
15149.81369
15135.72732
15067.57689
15136.15748
15190.43077
15083.24651
15250.58212
15447.12858
15479.76822
15342.71773
15442.97119
15293.77836
15327.12914
15374.85424
15272.20450
15365.93475
15182.40355
15106.91842
15031.38914
15118.62095
15066.63248
15062.03957
15110.21141
15199.74108
15056.41829
15148.28789
15286.83870
15246.08037
15315.52505
15362.34280
15277.76075
15315.01688
15429.00893
15235.40227
15260.57994
15211.77319
15229.89752
15251.05212
15166.21738
15360.84859
15398.15458
15404.13434
15392.40387
15362.09254
15313.77553
15252.88709
15117.65776
15063.18981
14990.53290
15150.82959
15102.90102
15268.74584
15107.03197
15185.27777
15135.08668
15210.48790
14976.04318
15053.65949
15081.68689
14952.17922
15165.24664
15168.13183
15158.66730
15021.44543
15190.33298
15191.10349
15270.18915
15431.74966
15441.27695
15290.81467
15342.90141
15340.80283
15453.11105
15385.53449
15374.93975
15471.83859
15358.20589
15284.38228
15159.89496
15177.14813
15368.23948
15496.99739
15436.76643
15384.59166
15371.46334
15396.35675
15470.11024
15438.38676
15402.74467
15509.14830
15598.08326
15628.59211
15706.24756
15703.35040
15730.59663
15660.22135
15538.66279
15406.95308
15313.21623
15334.16093
15261.01190
15153.03854
15104.70971
15163.40065
15088.80488
15053.29389
15185.19446
15221.57587
15149.96979
15224.13665
15155.16755
15282.01961
15103.59510
15116.28405
15139.89618
15202.91700
15105.57701
15090.21745
15087.83772
15213.85596
15135.20519
15069.84568
15210.71430
15381.43767
15449.47140
15460.53825
15416.17076
15395.33662
15424.83258
15553.82401
15458.93368
15560.06521
15468.55078
15401.57212
15407.10158
15504.47341
15347.31399
15330.37337
15418.48754
15313.87123
15332.32201
15041.68423
14952.83006
15205.99116
15147.32848
15095.75682
15151.73381
15152.85428
15046.85255
15183.98831
15130.32688
15220.78117
15282.13252
15078.35336
14931.97975
14934.54754
15053.73682
15128.78125
15047.77958
15082.98593
15210.15243
15166.00160
15226.03832
15106.83755
15285.94507
15339.36926
15437.53618
15602.29393
15566.27231
15518.89470
15321.07734
15315.64230
15385.53945
15441.58534
15376.42429
15304.61129
15185.08123
15206.42547
15358.39375
15507.80774
15391.78311
15291.45868
15286.03293
15383.57046
15512.00766
15348.96240
15244.19665
15190.64053
15208.48285
15094.15487
15148.78549
15256.92839
15413.04088
15422.56144
15583.97888
15424.39785
15275.94180
15199.18772
15202.72731
15309.17263
15317.07560
15330.02784
15230.92587
15321.68619
15323.81553
15460.18048
15431.31990
15291.09939
15127.70965
15230.67009
15254.23717
15324.34760
15396.95768
15467.16385
15481.15238
15506.78508
15535.49061
15481.94281
15381.69647
15326.92391
15268.28092
15238.43577
15130.76025
15162.36860
15216.16844
15313.79567
15532.06326
15298.34276
15252.07115
15114.65496
15209.91724
15188.63227
15287.41574
15175.66732
15086.49839
15097.56218
15069.26554
15034.54653
15062.70866
15192.19632
15286.89998
15364.19753
15135.94635
15382.69422
15528.75454
15442.73575
15258.05282
15299.59907
15314.67272
15263.42416
15241.26995
15263.93753
15306.71386
15333.65306
15238.59499
15275.58660
15171.82482
15323.22546
15257.30420
15376.78554
15334.81770
15420.98986
15465.03467
15500.21020
15534.55115
15557.75859
15379.83281
15328.48749
15298.27032
15420.58001
15370.51128
15494.16765
15524.86118
15383.80384
15261.85435
15259.41397
15241.81965
15386.98557
15285.57396
15536.84733
15466.11977
15645.52703
15542.50402
15439.40143
15437.18711
15332.31154
15419.02840
15465.06643
15368.48039
15376.56475
15554.30118
15573.76069
15466.24356
15327.00965
15198.08421
15278.64643
15315.19725
15334.24053
15222.66727
15081.02344
15185.06046
15174.33422
15176.72870
15156.80371
15358.15119
15371.03898
15531.71137
15429.70381
15171.42450
15197.36846
15153.97753
15064.40229
15070.78966
15102.35253
15173.77282
15094.68165
15208.72666
15236.14576
15125.06194
15159.61900
14959.59220
15006.26702
15143.89606
15139.72002
15320.54255
15111.92162
15121.19853
15238.67890
15279.94726
15339.81956
15360.60090
15527.11660
15373.65459
15220.32879
15304.71340
15206.38948
15331.33852
15336.16332
15344.08070
15361.40448
15388.14253
15448.93723
15290.83617
15282.39734
15319.35413
15282.53495
15271.58075
15275.80799
15303.03670
15230.79132
15356.31215
15281.63497
15292.21948
15479.97128
15525.56046
15596.33219
15504.54597
15373.35103
15285.32633
15330.66563
15205.41397
15110.25218
15058.96448
15146.92525
15282.33570
15213.33411
15242.94349
15266.36226
15370.39403
15161.29013
15135.54557
15008.80911
15066.99850
15091.06225
15001.02888
15042.20561
15139.68241
15148.11251
15205.40761
15234.11116
15344.65543
15205.04992
15051.43134
15142.35948
14925.80446
15120.54424
15069.81888
15082.58312
15068.97159
15154.86730
15133.38231
15101.16962
15038.00682
15032.66126
15106.32232
15101.22334
15186.19554
15217.86631
15290.18787
15293.38650
15227.84852
15116.76545
15059.87516
15152.10586
15073.95676
15105.77628
15172.76611
15163.79207
15097.70218
15090.54962
15135.72836
15247.69924
15191.22138
15168.05563
15320.77493
15340.21443
15427.06601
15555.09295
15467.03956
15387.08836
15226.15756
15270.21693
15166.28248
15346.09771
15354.76413
15286.93129
15260.09137
15324.43936
15382.72450
15251.33191
15333.55232
15308.72537
15163.38069
15205.50640
15240.00088
15180.53848
15310.42707
15309.91699
15186.07497
15227.96245
15374.34318
15417.39926
15418.37843
15281.46571
15351.90919
15388.19515
15465.94637
15654.61258
15775.82756
15638.86425
15613.41655
15599.40895
15454.16028
15396.33655
15524.25892
15515.92964
15520.24677
15514.02899
15371.09585
15542.91980
15449.39349
15477.99083
15454.72031
15352.34136
15411.82459
15223.26116
15195.51163
15085.07874
15166.47710
15187.23211
15107.45100
15226.73536
15112.34127
15259.60679
15294.98383
15286.89079
15344.84713
15387.24243
15360.07945
15363.61162
15334.81198
15442.00135
15434.88255
15398.42619
15361.67804
15441.53751
15634.10115
15683.14612
15652.67107
15483.61689
15332.96353
15321.17756
15275.18589
15413.89996
15345.54244
15413.46599
15358.97965
15318.22091
15120.06444
15129.62468
15133.80300
15177.98582
15176.67585
15339.14175
15324.44822
15121.67291
15061.70132
15052.28203
15164.52246
15115.08048
15361.18341
15427.29844
15244.64240
15116.90168
15131.92649
14927.58477
15081.51482
15117.65022
15201.09443
15146.60792
15089.66644
15222.79847
15041.96152
15124.26746
15183.06001
15090.13497
15062.13695
15004.43296
14853.52177
15122.41308
15030.17407
15158.78584
15092.50948
15262.33252
15283.37012
15221.63441
15332.61775
15298.93415
15278.39969
15082.66241
15114.51955
14986.32162
15147.22928
15238.14721
15309.82964
15328.84451
15250.67771
15125.73810
15042.91395
15132.07867
15321.03525
15272.25413
15133.37853
15221.24548
15095.89737
15160.96832
15131.08428
15055.79690
15146.51623
15095.75882
15206.51796
15175.24688
15215.93640
15240.88481
15280.31479
15036.89150
15071.82730
15310.16655
15325.63177
15215.76216
15129.31311
15225.17633
15166.86098
15311.65343
15311.58099
15279.94570
15187.71406
15182.69603
15096.88878
15225.72784
15174.59879
15062.81073
15036.45055
15014.77700
14971.56314
15024.62717
14992.52553
15048.72720
15151.33508
15174.76214
15212.86230
15155.63760
15177.78575
15034.49352
15037.95946
15133.31142
15182.30042
15261.25322
15156.16454
15236.86180
15308.03818
15409.96285
15328.07650
15159.91545
15073.88820
14993.40122
15126.76065
15030.46345
15213.06545
15238.85758
15210.41156
15125.44290
15164.96861
15186.69529
15280.72743
15207.18638
15166.54322
15028.48048
15057.16335
15141.30603
15336.37731
15272.24264
15233.96475
15232.05699
15078.63420
15126.24158
15100.06192
15132.49543
15120.31465
14993.35867
15154.15639
15212.07106
15229.92616
15140.06803
15278.86488
15317.54175
15440.10302
15224.13543
15085.99079
15032.35733
15044.20244
14929.48566
14936.30433
14971.40976
14999.43607
15017.53515
15032.35026
15000.67695
14970.34469
14970.35112
14985.66619
15105.51065
15208.05407
15289.11802
15311.85037
15144.13187
15251.66788
15226.77594
15140.91442
15115.49687
15179.29979
15333.34128
15296.00542
15352.37015
15094.49615
15048.11907
15244.49804
15061.44243
15155.58686
15243.28950
15349.43564
15313.36247
15092.55126
15134.81297
15133.15096
15256.18060
15092.76546
15136.03183
15083.19994
15166.24001
15016.11779
14980.53258
15060.69188
15152.88721
15280.13441
15411.91424
15281.22616
15449.66747
15278.98234
15488.04835
15518.73334
15455.17528
15546.19383
15430.28181
15515.15538
15434.95960
15499.66481
15329.88993
15470.87913
15378.03390
15466.08211
15275.93447
15251.00674
15209.23016
15255.96859
15280.18460
15157.68500
15269.82255
15247.58319
15225.58828
15302.52512
15352.59591
15381.64953
15507.61802
15683.61000
15728.34052
15641.88441
15629.00238
15476.26461
15631.67291
15652.16351
15539.88632
15606.64343
15546.24521
15450.73204
15374.14044
15521.44545
15410.79635
15496.24810
15446.32875
15456.33976
15263.41506
15265.99656
15429.24265
15412.56432
15285.20283
15249.96585
15384.37341
15558.39244
15509.44267
15389.34435
15491.82559
15430.29250
15380.63913
15550.87876
15388.23388
15343.62863
15379.00066
15401.36464
15303.78514
15352.21935
15167.97123
15098.85976
15214.24512
15303.89395
15481.56583
15392.01529
15402.93339
15230.40100
15190.56537
15202.85479
15208.04323
15193.24802
14978.76760
15099.44048
14912.94097
15093.15470
15048.27101
15138.46173
15146.90623
15129.20911
15092.61532
15113.86775
15138.34949
15044.59566
15062.64493
15138.89853
15241.49790
15323.11863
15432.84465
15419.64681
15311.18753
15368.11205
15430.87522
15464.42067
15377.44054
15276.12448
15306.65486
15334.78537
15299.27448
15322.75050
15391.48895
15509.14385
15577.02061
15524.07688
15352.04682
15380.54959
15443.72991
15384.11920
15495.80269
15367.81561
15380.37026
15255.64447
15344.69318
15337.81784
15345.72324
15241.24406
15264.56259
15208.39172
15337.68648
15187.76611
15342.48518
15556.54857
15526.45064
15558.72389
15679.24878
15655.19151
15604.34270
15628.23941
15504.01587
15464.11034
15414.78463
15527.89226
15386.29594
15226.60015
15286.13573
15213.03544
15296.71048
15280.98978
15523.18106
15390.45438
15292.03247
15263.28770
15261.09732
15190.29880
15271.39642
15379.05023
15245.46756
15252.35953
15101.31915
15082.58018
15056.43108
15151.55719
15004.71646
15184.07150
15222.48418
15257.92624
15193.24276
15258.93762
15262.44138
15300.77283
15190.60638
15323.20178
15102.63930
15202.13022
15137.96237
15150.61919
15135.54921
15086.95630
15089.39403
14995.55599
15003.44223
15091.49240
15140.45968
15139.68300
15127.24098
15150.52425
15155.99175
15343.77882
15380.04848
15236.61480
15379.25013
15412.61876
15554.33824
15378.77349
15402.30075
15389.13562
15351.81798
15373.59061
15364.37746
15312.31589
15324.04130
15217.32401
15381.46667
15450.39529
15324.18818
15372.69728
15279.59842
15381.52860
15300.14845
15247.06485
15266.11047
15155.92068
15040.09197
15111.31344
15201.19899
15076.19663
15074.19163
15037.48036
15040.36279
15120.12698
14885.10336
14996.04379
15054.33769
15222.05958
15072.35132
15101.86091
15059.78963
14950.81534
15105.30869
15246.80395
15272.89801
15247.19308
15141.47388
15106.49924
14977.52811
14983.03659
15165.40420
15114.14172
15070.67550
15125.05594
15017.35971
15156.66207
15221.39696
15071.47324
15077.38668
15086.54998
15175.25186
15115.14119
15196.59893
15213.86362
15134.96476
15238.40233
15263.20568
15230.94087
15262.85654
15261.68896
15359.01367
15266.23065
15207.03309
15269.61268
15207.04580
15252.73333
15180.76297
15139.02698
15166.31796
15166.48313
15103.86002
14985.68986
14982.50279
15039.07389
15129.82869
15130.50393
15055.20038
15095.63445
15120.91591
15107.78279
15237.68557
15276.39440
15280.89493
15294.30010
15317.38950
15269.72490
15404.64558
15523.41498
15588.45785
15439.16016
15420.19219
15443.12592
15535.78481
15550.37859
15393.81180
15366.18273
15378.87585
15428.40202
15489.54251
15594.17546
15582.95562
15464.76862
15338.52300
15486.29172
15501.16422
15330.96436
15350.87380
15343.29171
15140.61123
15090.61525
15213.50190
15317.29466
15104.98614
15236.14170
15340.69182
15402.24519
15479.52329
15175.58677
15214.06436
15282.45688
15282.35264
15146.55210
15237.90583
15264.56477
15285.81617
15329.60705
15361.94975
15478.39917
15511.52031
15614.12318
15472.77549
15463.28403
15451.99924
15369.36321
15355.59222
15335.16252
15377.06095
15372.36774
15396.73312
15254.86767
15345.25642
15223.45239
15378.82465
15399.55284
15477.97824
15385.55717
15430.42391
15380.25982
15444.84027
15286.19967
15216.04134
15215.06199
15086.25172
15096.38855
15357.30057
15272.96886
15322.97799
15263.05458
15236.80747
15184.90316
15257.36712
15144.73447
15247.80384
15089.14814
15012.28238
15154.12894
15202.37145
15330.92658
15484.25443
15399.64301
15497.85142
15323.97200
15314.19973
15234.35777
15317.79341
15280.74071
15310.48051
15338.94404
15332.10745
15391.72929
15411.09334
15504.57013
15525.72276
15450.40845
15555.64325
15603.28238
15579.64998
15496.76784
15446.45161
15425.51753
15368.97897
15427.08243
15276.15220
15261.86360
15260.55235
15278.75731
15276.33742
15264.17761
15254.43077
15311.88007
15319.55974
15572.77760
15465.71987
15452.88773
15380.40618
15535.85784
15440.21860
15330.99884
15411.16798
15452.75273
15340.62006
15257.59662
15374.79981
15376.41187
15177.66646
15251.29772
15290.13844
15412.70698
15352.49914
15130.99062
15056.07569
15163.14906
15304.72903
15360.64938
15546.20652
15528.22514
15596.21669
15691.38111
15729.93863
15653.50350
15668.64243
15472.89790
15549.60414
15346.80188
15270.55367
15129.90049
15212.85751
15226.71262
15248.18174
15256.20299
15207.68756
15207.61241
15395.35202
15235.41424
15279.92516
15252.35542
15288.48863
15137.60356
15139.13285
15190.21459
15209.87508
15208.09478
15308.89748
15226.77750
15353.09201
15298.75853
15356.87549
15425.16451
15428.74458
15356.86827
15566.15047
15542.25660
15327.98755
15252.90695
15284.19602
15334.53651
15336.70881
15309.38635
15330.23167
15356.48749
15166.09787
15210.66022
15190.49124
15315.22993
15416.80114
15458.49776
15319.70542
15375.81412
15295.26981
15417.12763
15370.79224
15277.24902
15315.58309
15311.06689
15424.01204
15485.42832
15427.79766
15565.61132
15457.03437
15343.30290
15255.64765
15317.51960
15274.01644
15422.37711
15355.95606
15404.46803
15402.59472
15309.85043
15287.49878
15298.33598
15388.15215
15482.95531
15445.10275
15410.92745
15262.19668
15206.16388
15180.93291
15315.62393
15199.27474
15042.53654
15007.36939
14947.60243
15010.91980
15115.38402
15234.52853
15332.76596
15244.71985
15193.87859
15285.47985
15376.11504
15471.41393
15322.72213
15332.19447
15225.61449
15054.08345
15012.53047
15063.02587
15076.51405
15156.38703
15045.79542
15090.26594
15136.12696
15193.69020
15223.50825
15268.59933
15204.30285
15238.67443
15311.42659
15197.79071
15143.65686
15180.93071
15248.70166
15131.19543
15138.54156
15306.66147
15324.14988
15214.38221
15212.12980
15223.41419
15271.37808
15281.29739
15271.62542
15121.80124
15118.69848
15073.80681
15127.57545
15033.87263
15038.17732
15382.13403
15224.75762
15137.43962
15273.43015
15165.67316
15158.54882
15104.76260
14908.69333
15001.51047
15091.43608
15281.09506
15320.87103
15334.54556
15466.50039
15520.15955
15556.77428
15608.18756
15422.67370
15321.69462
15449.16889
15605.55288
15512.74837
15654.21392
15624.90685
15742.97936
15490.27956
15579.81888
15545.21109
15613.61855
15423.15814
15641.63473
15603.95769
15512.22203
15390.68963
15458.26512
15379.59992
15393.53503
15383.02190
15293.75411
15361.79192
15293.00856
15453.34860
15320.60236
15380.33160
15389.80986
15331.43903
15326.83350
15201.07629
15147.15831
15056.42699
15181.13871
15175.23819
15191.36892
15081.41181
15097.74805
15075.70189
14998.37775
14944.56366
15172.26517
15120.40245
15072.85257
15096.12214
15134.68651
15230.71565
15210.76688
15263.54619
15236.21628
15171.03597
15030.02841
15090.92590
15124.07725
15138.27241
15156.92640
15145.51832
15076.48837
15235.94982
15110.61830
15137.68529
15110.08912
15131.26276
15180.80876
15248.02204
15330.49621
15419.11603
15496.35946
15277.79483
15272.70216
15147.56996
15231.96162
15294.48525
15292.04371
15350.62022
15404.95863
15276.95067
15161.12717
15349.43715
15382.46115
15499.02252
15620.44204
15478.84687
15556.10288
15471.36668
15215.45761
15184.46988
15567.60509
15595.83531
15611.07009
15565.24834
15679.36765
15713.21688
15610.73513
15714.23071
15746.93915
15692.82561
15471.56908
15474.49994
15373.80883
15316.61012
15381.58826
15240.62059
15263.74555
15480.43039
15225.99159
15219.11050
15170.80650
15212.52815
15365.39176
15293.36674
15060.67073
15215.60513
15206.06805
15141.49545
15178.12255
15240.45639
15319.24930
15206.88041
15348.72763
15311.34441
15215.15277
15222.27728
15340.01594
15281.04158
15165.20032
15175.08957
15226.13379
15131.26070
15059.53133
14994.40762
15057.14754
15209.96474
15295.18824
15272.48744
15461.99333
15512.97589
15548.81614
15574.09681
15440.35478
15528.33816
15500.38530
15415.28529
15407.55170
15319.75222
15228.51019
15286.24490
15283.19746
15137.85330
15331.39058
15206.47078
15135.29063
15112.81856
15029.95341
15229.93291
15173.99626
15149.90439
15178.53116
15110.71935
14991.46329
15110.14375
15008.12342
14993.75173
14934.71778
14964.52967
15007.24198
15171.23264
15102.72098
15098.13452
15220.97369
15163.12351
15310.27887
15281.90436
15211.59038
15101.52501
15276.87148
15453.22176
15650.92525
15645.53716
15580.46584
15459.07396
15455.46817
15493.07507
15430.48585
15298.43879
15393.62421
15334.48078
15196.95475
15330.14201
15363.43776
15439.11129
15555.51402
15587.95203
15562.72011
15556.47513
15531.45703
15426.46627
15433.51015
15311.29961
15160.81358
15248.21979
15332.95093
15215.32554
15253.48921
15147.44824
15185.73265
15124.75408
15096.45315
15305.71499
15294.02716
15322.11546
15248.84679
15412.27347
15355.24886
15441.96211
15420.76959
15581.17851
15596.27013
15528.48468
15396.71634
15466.74436
15394.91250
15383.22672
15312.97044
15388.31480
15181.50112
15168.36454
15270.79023
15299.90051
15262.59499
15278.74340
15281.40972
15263.79486
15318.31602
15232.54362
15277.36498
15305.84784
15277.38499
15396.88366
15514.04339
15258.13758
15275.51200
15312.48957
15393.61730
15276.42003
15226.88955
15316.64297
15196.26525
15262.24550
15286.81276
15328.18731
15537.55886
15413.38835
15515.14388
15405.47756
15387.34908
15461.52318
15505.48460
15375.10929
15323.46143
15314.19695
15334.84046
15460.21077
15450.39007
15461.79670
15577.70404
15540.18594
15536.74185
15486.16194
15474.27334
15444.76485
15474.70526
15513.62139
15405.93564
15434.20150
15511.78518
15314.56747
15431.55976
15354.65492
15494.48095
15605.47673
15592.31321
15630.44830
15567.76158
15415.85713
15432.57999
15457.76162
15473.90519
15367.12073
15302.92504
15219.37107
15060.33710
14973.39575
14984.54198
15026.99726
15169.00534
15094.42052
14993.45034
14986.91958
15013.59822
15108.75101
15055.25555
14895.20237
15047.30062
15119.63569
15278.03998
15410.70525
15346.17851
15269.66047
15193.51147
15326.37112
15389.19364
15198.04011
15081.59100
15014.46342
15188.48780
15213.50765
15263.12305
15285.23607
15233.03258
15187.56681
15304.95774
15300.54485
15305.32543
15336.25889
15434.98859
15315.81974
15285.94885
15152.26032
15308.60316
15243.87958
15155.54241
15158.19336
15150.63654
15184.89655
15252.37045
15342.29627
15259.25324
15307.83840
15481.34962
15423.94111
15420.56790
15284.40628
15435.75926
15489.54972
15400.69051
15423.74081
15422.77167
15478.97496
15423.74706
15264.63138
15243.49968
15274.48815
15400.82594
15413.78269
15374.58210
15145.45031
15153.22847
15173.84883
15123.18277
15183.85319
15247.08994
15149.87265
15027.28932
15181.50548
15132.89517
15177.40891
15180.13886
15111.15496
15258.23960
15069.14713
15243.66202
15409.43886
15160.00168
15099.93074
15131.03899
15072.22713
15204.38094
15228.25144
15108.26291
15230.01811
15215.31698
15393.16960
15392.24224
15370.19033
15408.82709
15403.11340
15304.31656
15316.29985
15386.61331
15228.91611
15224.56143
15219.28781
15125.04192
15087.45789
15143.36460
15120.49496
15193.25214
15243.04594
15142.43287
15256.46211
15206.37623
15333.27522
15191.00157
15248.06898
15394.06882
15376.01510
15425.66664
15318.99004
15198.96942
15279.89121
15354.06821
15481.11874
15507.69012
15370.02412
15369.54370
15322.72350
15435.41225
15502.53183
15562.23337
15409.76862
15398.75509
15369.18605
15507.15872
15572.49680
15667.35754
15568.86340
15506.63510
15518.51955
15534.14558
15604.53498
15624.00107
15437.27438
15498.00415
15374.59440
15388.90115
15589.09088
15632.53539
15694.72672
15495.29096
15534.08920
15452.16074
15361.70088
15304.87335
15231.18435
15285.16644
15326.15774
15330.79195
15572.46257
15363.81774
15364.28593
15314.07288
15363.27244
15064.96235
15096.36049
14968.74490
15053.84027
14979.83435
15225.63150
15110.96350
15245.33892
15432.27079
15480.40436
15308.47085
15219.86379
15239.22428
15193.02621
15118.45142
15090.45249
14835.43110
15107.34568
15068.61868
15141.96020
15120.52632
15126.89627
15127.31659
15166.54268
15307.14685
15132.18310
15130.61860
15285.64389
15141.04819
15054.92789
15170.37147
15195.24817
15358.98434
15374.66325
15185.92352
15250.33070
15265.56920
15124.10174
15071.16444
15089.71962
15181.41325
15213.45447
15329.54250
15251.50714
15427.30136
15309.28409
15193.02914
15133.76901
15168.37371
15109.38746
15117.51797
15053.77716
15044.85548
14929.04170
14846.30988
14956.27828
15032.00717
15146.89828
15410.70608
15420.16894
15476.14915
15423.47840
15453.70117
15339.86505
15301.06784
15239.62529
15246.69167
15315.18265
15327.15055
15138.19991
15175.32329
15174.69594
15191.49209
14998.73883
15002.93946
14984.89061
14972.80132
15134.92871
15125.33200
15111.35170
15336.23257
15361.80680
15075.26251
15137.87060
15271.75752
15263.13058
15250.69464
15325.25446
15271.69220
15278.18327
15159.28520
15244.03643
15250.84797
15344.19967
15558.70683
15526.34444
15579.81401
15459.75812
15481.42394
15495.16882
15497.30100
15514.76948
15508.10109
15439.00057
15303.41806
15245.73357
15231.26933
15291.47344
15507.76037
15539.21719
15573.00937
15449.48852
15466.64417
15407.81955
15489.03591
15322.10142
15250.50577
15199.18611
15189.19436
15275.22800
15105.46181
15165.80447
15094.26826
15226.68472
15343.08093
15376.90149
15223.20169
15111.76870
15148.20063
15337.91261
15186.25079
15256.46929
15250.04290
15139.40635
15319.54208
15406.37894
15216.81576
15297.62606
15221.06960
15242.70685
15432.54792
15445.93384
15340.46186
15378.53182
15483.75358
15334.83331
15372.31296
15287.54571
15364.23741
15387.22164
15416.28052
15354.83058
15385.08604
15349.98992
15397.85375
15542.02680
15459.62633
15526.19765
15594.29974
15569.26729
15657.99450
15476.37618
15595.97529
15608.52324
15686.59309
15581.83072
15650.32922
15581.02352
15486.13982
15454.79975
15512.62719
15286.79321
15187.81791
15228.56759
15297.97641
15406.72895
15388.49473
15404.23431
15211.31841
15341.44704
15344.82788
15365.78761
15416.77238
15300.37897
15074.80266
15053.66085
15058.72393
14968.82836
15044.10165
15182.60554
15315.31945
15492.90264
15256.16392
15287.04121
15369.92179
15419.81515
15365.18051
15342.27397
15337.53352
15283.81532
15309.77993
15372.00853
15144.67727
15239.30529
15401.89474
15494.60022
15494.89521
15519.00881
15482.92846
15394.50680
15408.03459
15435.58679
15493.13048
15357.75769
15449.74946
15401.33673
15461.89228
15635.04153
15612.90320
15540.84922
15572.34880
15464.79980
15502.58986
15516.22688
15348.62585
15319.28248
15379.04829
15354.94220
15390.94034
15236.97739
15124.43733
15131.88456
15075.90614
15211.03496
15398.38886
15297.82850
15435.23833
15424.08864
15309.12371
15375.95953
15419.26391
15506.69056
15410.75877
15418.79920
15458.20114
15391.08405
15443.31030
15275.29615
15369.28008
15410.78803
15256.26325
15259.98167
15311.67467
15259.30902
15187.04167
15288.13776
15264.11702
15260.64613
15284.35151
15355.79341
15307.50863
15309.85419
15279.35855
15228.24400
15348.83016
15259.52909
15261.77541
15194.48366
15163.53594
15036.47523
15133.36959
15074.29500
15167.90145
15182.30163
15599.54544
15534.77206
15369.50006
15358.20407
15245.90141
15096.69561
15165.16694
15035.24327
15241.47595
15316.56077
15274.47296
15172.71400
15326.95803
15326.21309
15245.12170
15327.92020
15296.68077
15287.16417
15254.23103
15359.51868
15291.70476
15364.84853
15375.33487
15306.01715
15225.12275
15323.08371
15332.84726
15231.27144
15230.10067
15254.66856
15199.92127
15252.39055
15361.41459
15222.41846
15398.20265
15246.83301
15251.40602
15260.13357
15105.96135
15171.66053
15289.15834
15271.93001
15206.42755
15199.18177
15146.24947
15320.86113
15276.02015
15213.48039
15142.16225
15257.77843
15254.56150
15173.03963
15262.58559
15332.95429
15273.25655
15390.72441
15399.43835
15472.33405
15509.24520
15440.95252
15552.71991
15498.32546
15323.56840
15464.42098
15450.69836
15446.24618
15416.30639
15378.16264
15318.80654
15360.63431
15445.28095
15490.07427
15419.81417
15343.27793
15278.27882
15300.49427
15256.31568
15364.81875
15346.58753
15203.68077
15093.61013
15043.08720
15097.65688
15173.91989
15155.40954
15233.96423
15134.75732
15301.10451
15278.67442
15260.99273
15226.02055
15119.18654
15217.70427
15172.48618
15115.03741
15091.89661
15118.61022
15126.66810
15063.42080
15287.02425
15327.24776
15397.51339
15310.60875
15221.72048
15319.01938
15211.88295
15251.07756
15346.98503
15367.13196
15282.73533
15473.65599
15490.33045
15442.92437
15509.63385
15650.25234
15541.40827
15417.90530
15362.86757
15435.92660
15364.62687
15304.20217
15227.93050
15471.08893
15519.67640
15614.94579
15632.09854
15498.07411
15530.11722
15484.17183
15349.66251
15284.56910
15197.79286
15232.62615
15332.94771
15272.18889
15324.53832
15386.83820
15255.53924
15263.10071
15396.32141
15380.49033
15420.91734
15415.11809
15386.13794
15210.47098
15315.94683
15251.92566
15211.15661
15086.48340
15154.85412
15113.45667
15190.90626
15224.15381
15246.21383
15226.33278
15394.41208
15410.95708
15325.97111
15397.11533
15552.59138
15564.43412
15642.73609
15677.56390
15580.52870
15563.53870
15572.54252
15505.82432
15574.91563
15543.57522
15630.58844
15592.80133
15329.59269
15326.32738
15344.94963
15355.69351
15485.50711
15436.40006
15163.55119
15078.86966
15226.86803
15277.84502
15387.17856
15445.74329
15240.68433
15204.62096
15237.75915
15249.42256
15210.65643
15224.68146
15142.08637
15166.53672
15063.95011
15050.96363
15170.89578
15179.51148
15163.75071
15349.65778
15288.99490
15190.32660
15196.80925
15336.77079
15392.08476
15379.50727
15454.07845
15434.17752
15460.69855
15386.46201
15281.33615
15378.90733
15557.21118
15590.44035
15487.20358
15470.26020
15478.11670
15212.54963
15356.75679
15279.23326
15324.70684
15293.19066
15350.80323
15265.12318
15324.94283
15457.09297
15451.13387
15405.06953
15504.85415
15405.39717
15449.37103
15609.76169
15558.77309
15530.76237
15711.63033
15622.72727
15611.50148
15525.32833
15360.83480
15395.41082
15235.21106
15215.82612
15424.45494
15387.16565
15160.17575
15184.58091
15205.39321
15193.38996
15345.84515
15139.62143
15110.11145
15185.88903
15180.39852
15370.33205
15215.59807
15428.95672
15453.63331
15389.03253
15607.92088
15433.17664
15449.32297
15555.40418
15381.03156
15414.97996
15375.71013
15325.09553
15143.59375
15231.25554
15153.45795
15247.90165
15315.86469
15281.57010
15434.48943
15309.60787
15349.87966
15436.62578
15510.43692
15363.12911
15359.81335
15117.27385
15171.06648
15276.99608
15275.50991
15368.52072
15316.60412
15181.11204
15257.81069
15238.72885
15115.20803
15168.09332
15339.56680
15257.50203
15368.07153
15368.36590
15473.74037
15385.40776
15321.42953
15446.60747
15528.28439
15528.11137
15543.68558
15341.21947
15292.72109
15308.59908
15263.45967
15166.95025
15229.91318
15146.54965
15099.69208
15129.58947
15337.40959
15288.84747
15202.35345
15328.16798
15411.41581
15476.84056
15523.66603
15596.49636
15563.46011
15539.20862
15569.60926
15679.46301
15538.17262
15669.69939
15698.70025
15686.58713
15642.72453
15712.43954
15805.73989
15579.49127
15463.51849
15309.44845
15220.27965
15305.66590
15186.35801
15239.96889
15273.60887
15302.36401
15312.52738
15442.10058
15351.84274
15489.37819
15537.90150
15477.38126
15392.51403
15525.83824
15619.12463
15410.07146
15229.19857
15306.07756
15246.80465
15425.56266
15281.03588
15260.88209
15252.35450
15347.08707
15402.78572
15318.06935
15268.37109
15323.55524
15160.28113
15077.30234
15055.65334
15032.67441
15038.90843
15168.38685
15334.03257
15456.20558
15355.57034
15373.88595
15189.02420
15208.00485
15084.93951
15076.73978
15055.06990
14982.78026
15060.26325
15202.91289
15228.95348
15237.91667
15381.65986
15232.15230
15315.68338
15348.09184
15399.85507
15370.00468
15275.66444
15251.93857
15260.56135
15233.45511
15275.12592
15318.55224
15288.25060
15227.80759
15094.89370
14967.33080
15027.47752
15015.42998
15012.77551
14979.88903
14930.05043
14994.98788
14892.90242
14881.85070
14902.17747
14963.01529
15120.09502
15111.47978
15136.63418
15294.17824
15276.44821
15351.32899
15454.02704
15445.14212
15390.97576
15274.39719
15464.42035
15388.02304
15424.13501
15472.30248
15429.80106
15427.02936
15421.99318
15425.22335
15436.61233
15257.36084
15337.83048
15487.46123
15321.42682
15325.42148
15214.66067
15162.99762
15229.66444
15337.42118
15409.77146
15272.94397
15212.60047
15255.48596
15341.28989
15238.32756
15412.94927
15306.69391
15361.41403
15276.57997
15241.53288
15265.83615
15151.85796
15121.94347
15021.51434
14941.44714
14950.79055
15062.64748
14943.84240
15130.00479
15187.58347
15203.69631
15174.87981
15341.50031
15258.29866
15060.97364
15061.27212
15154.33590
15130.48790
15306.82012
15277.22373
15275.16025
15527.29238
15324.78448
15364.56153
15412.38354
15434.10728
15367.41374
15429.47644
15379.34490
15196.57303
15234.43201
15428.31516
15453.25603
15585.49646
15310.54460
15397.88277
15491.81488
15439.63821
15382.29095
15336.19246
15426.90797
15394.06274
15457.97737
15480.89106
15410.94385
15323.79562
15358.00954
15370.65874
15299.59813
15296.65493
15383.03610
15311.50551
15323.13192
15240.51824
15306.26963
15354.73837
15372.95259
15239.31193
15330.15662
15302.00314
15402.00403
15312.78371
15379.55285
15410.33905
15619.86847
15599.63941
15570.14634
15455.75152
15376.64381
15346.01024
15296.76769
15347.60367
15210.30852
15268.13575
15398.89623
15457.43331
15364.26469
15362.76902
15493.81311
15410.92283
15450.53692
15511.18981
15399.58392
15392.94548
15420.30171
15490.69472
15465.13484
15549.99790
15539.25240
15578.40084
15416.83403
15396.53809
15579.45235
15463.68722
15384.55857
15369.70008
15333.39401
15298.46190
15335.93179
15314.01287
15143.76464
15099.00811
15097.07742
15101.47369
15157.18392
15189.45607
15133.49242
15234.78865
15203.10396
15076.46135
15166.44646
15141.23720
15215.92853
15346.77480
15223.88053
15247.83633
15271.92916
15113.93436
15131.70558
15295.18470
15421.82946
15370.15843
15301.77883
15332.08258
15370.11405
15361.26870
15389.84149
15237.28484
15317.97734
15114.40714
15134.41137
15205.55556
15214.10695
15217.49673
15190.84075
15259.56379
15240.36171
15233.06747
15297.72094
15322.28541
15383.00521
15357.86581
15442.94122
15508.59204
15461.85462
15548.94351
15468.59167
15481.55283
15535.06054
15437.40517
15606.47013
15518.86853
15533.75855
15285.45526
15213.50150
15243.99249
15383.04132
15368.58006
15333.21373
15231.03670
15293.97526
15465.89090
15460.76506
15268.38655
15260.56181
15499.90810
15381.68270
15285.62904
15285.39736
15292.08738
15236.75115
15404.46742
15444.34173
15398.68716
15141.48739
15314.67475
15393.11431
15331.69738
15384.09241
15244.13672
15119.50429
15176.92657
15133.81748
15242.32936
15337.64763
15238.99529
15236.10556
15156.27587
15175.55808
15309.93879
15432.14846
15433.49583
15344.77610
15285.80769
15322.30951
15320.78056
15403.84006
15221.68158
15320.73574
15342.49577
15367.00701
15371.27667
15436.96891
15452.88887
15291.53100
15243.20178
15150.96205
15275.35722
15332.03835
15343.63974
15395.86232
15289.32197
15141.00833
15205.10298
15210.49583
15354.71560
15336.49460
15398.09401
15362.82522
15311.83711
15197.67315
15234.93141
15176.36397
15154.89118
15124.78727
15178.48213
15156.88179
15164.94130
15203.46650
15205.50702
15138.50032
15190.98950
15241.39068
15142.02911
15346.46161
15218.94708
15168.79268
15235.16123
15353.33337
15274.23191
15313.99829
15352.62062
15358.47894
15360.54862
15243.17207
15299.43168
15288.64969
15270.78986
15282.67789
15351.62124
15233.25960
15483.10803
15400.28679
15529.62791
15567.66753
15546.26368
15453.97597
15231.42852
15239.66734
15381.01257
15319.37815
15449.35753
15570.56637
15579.62391
15524.28185
15555.00431
15573.36205
15407.78319
15383.53051
15429.93363
15210.77563
15280.28979
15134.04967
15084.52057
15296.18058
15365.05128
15161.30244
15389.37427
15245.69087
15259.16972
15332.81830
15433.25374
15527.54616
15185.53871
15300.29013
15311.22329
15299.41567
15222.38988
15113.38087
15173.21130
15326.97033
15365.29922
15324.05350
15203.12691
15372.10095
15338.94551
15268.15064
15213.48851
15249.14959
15406.94399
15338.00342
15287.35833
15147.17989
15299.55781
15367.86711
15269.36005
15326.04171
15038.42214
15070.80266
15292.30698
15336.58024
15287.77318
15246.36216
15179.42063
15299.36711
15287.56198
15264.50419
15359.67975
15170.99119
15247.22001
15237.91973
15295.78647
15139.76677
15122.19094
15283.05136
15401.39349
15327.55963
15243.39929
15375.83755
15445.58396
15358.57291
15350.11509
15344.05474
15415.56953
15492.72345
15431.38033
15366.20980
15439.52344
15452.13365
15355.43986
15300.47555
15202.97019
15269.31939
15226.73133
15255.51151
15318.11282
15310.93005
15340.52884
15201.60965
15207.95359
15159.46441
15214.56192
15225.08867
15176.58929
15305.25666
15405.33562
15468.24768
15556.55284
15494.06647
15403.47685
15464.96338
15533.73233
15485.04791
15423.29841
15401.29473
15360.50154
15441.48952
15329.89603
15401.15582
15400.76419
15338.55921
15299.82277
15281.22395
15425.42518
15401.91358
15343.76568
15371.70860
15314.37380
15248.19765
15408.77172
15400.53777
15305.41180
15374.90251
15304.90231
15349.04328
15079.40604
15190.69843
15081.35069
15108.03647
15170.00098
15026.48928
15099.02267
15326.62219
15249.81084
15164.78576
15123.32634
15144.85049
15209.49294
15091.49552
15109.67569
15240.92732
15103.35016
15194.62948
15308.46121
15437.79072
15511.91185
15461.31913
15456.15142
15442.52232
15415.30542
15498.90536
15242.71548
15359.24854
15299.14367
15222.73587
15181.16202
15229.48999
15429.03097
15359.74142
15421.72697
15404.48774
15288.23348
15332.31989
15446.41086
15477.24268
15416.24640
15335.97710
15350.38293
15465.28584
15227.89865
15418.82532
15299.92312
15429.59972
15291.33469
15175.69693
15247.26944
15099.21215
15025.29883
15116.00787
15241.31611
15165.88276
15240.56027
15140.07952
15052.57451
15151.02123
15116.66900
15179.91886
15392.31843
15566.05551
15541.88008
15376.06420
15343.33659
15226.51074
15260.53889
15163.32457
15159.39300
15255.50127
15293.15729
15320.01058
15216.83434
15303.61752
15277.91716
15285.72227
15343.28189
15492.67669
15443.32861
15255.00302
15141.36310
15289.86488
15309.76259
15321.85855
15450.71227
15264.40735
15263.80214
15188.08038
15250.74286
15268.42654
15175.38496
15030.91366
15029.39749
15290.19874
15305.99542
15249.16876
15230.80550
15190.53584
15276.34491
15191.29059
15143.07271
15078.40858
14984.71480
15107.85927
15123.52149
15253.02507
15282.03392
15030.50589
15293.07640
15203.64448
15310.30463
15218.37420
15240.21903
15249.37335
15220.78069
15295.23663
15368.24575
15282.68912
15303.80919
15176.88541
15208.55013
15409.18284
15473.23154
15342.47014
15325.75611
15277.12202
15367.60007
15547.95961
15561.41512
15610.32472
15595.32565
15420.52624
15461.70827
15390.36534
15234.84449
15177.65771
15075.08052
15182.69450
15281.58414
15172.34554
15302.05892
15393.84495
15401.58316
15477.61562
15313.99707
15419.75772
15345.21525
15294.57978
15230.21504
15245.51771
15194.26535
15326.28526
15290.03731
15236.87874
15313.54161
15448.16248
15393.68199
15349.73044
15521.13873
15263.61228
15217.00047
15212.19644
15265.88510
15160.48828
15238.05010
15067.76157
15240.70741
15373.65552
15388.06043
15302.57305
15307.00495
15367.75192
15359.20187
15434.53959
15425.94500
15397.45139
15196.30803
15266.11452
15161.43964
15266.90933
15187.41713
15324.82123
15376.78156
15271.89651
15232.25492
15309.10365
15391.85626
15419.96158
15347.07407
15356.39810
15337.56159
15423.97924
15311.24631
15331.11906
15196.10598
15339.29250
15147.74959
15093.07639
15192.89835
15103.98229
15095.14532
15153.26807
15172.44800
15129.66638
15036.34394
15012.82311
14862.19247
14934.85507
15087.57707
15125.90516
15174.86242
15313.17902
15272.92728
15345.50138
15519.07109
15524.27466
15372.91582
15315.70076
15242.34476
15153.11047
15087.62633
15125.93482
15194.87562
15096.79689
15155.33629
15133.94502
15184.29792
15133.67015
15209.58930
15293.21502
15447.60938
15449.83875
15418.60528
15513.43259
15554.43148
15335.22585
15245.21586
15350.82856
15247.67205
15218.05085
15344.79173
15217.98169
15288.23000
15314.24033
15268.55968
15336.97533
15314.58531
15393.88650
15318.89092
15196.02431
15269.95569
15442.19294
15313.54319
15088.74045
15157.80981
15204.89411
15284.60620
15269.34940
15198.19277
15292.77861
15250.10039
15224.54304
15293.88722
15289.24031
15273.17481
15279.22307
15190.07546
15143.19057
15228.88536
15185.10780
15363.87447
15259.31767
15214.30193
15162.57224
15218.32061
15108.60407
15018.89165
14923.55206
14981.69664
15132.04400
15308.51361
15345.57071
15219.24058
15505.10216
15465.79439
15394.36579
15438.31274
15574.42294
15455.45798
15412.95615
15352.97859
15321.91809
15397.31920
15529.44780
15520.60655
15437.69722
15401.54595
15369.12008
15556.42843
15461.03917
15350.57317
15524.66199
15566.58356
15563.65637
15522.47022
15368.22386
15442.00832
15325.86448
15375.56392
15263.40570
15241.69738
15300.85310
15332.05110
15343.86544
15475.59602
15541.82645
15344.01652
15231.67963
15161.20374
15108.46765
15165.68212
15211.63803
15313.40593
15294.73716
15531.79727
15338.75367
15345.68441
15420.95047
15333.74010
15201.47534
15297.09082
15358.33886
15340.60315
15229.66120
15234.76849
15219.36847
15344.15214
15255.47852
15280.24813
15347.69957
15311.52586
15241.73596
15412.34669
15283.04316
15333.89390
15204.15000
15300.64053
15267.42741
15277.67182
15309.24933
15304.19041
15147.85003
15050.49747
15033.67474
15214.47236
15292.01539
15391.79925
15419.61392
15463.07129
15365.32355
15249.10889
15219.67898
15173.80883
15178.32303
15394.83271
15292.26309
15366.91371
15404.34210
15448.87492
15454.94551
15471.71509
15377.92784
15379.56270
15377.94042
15333.87838
15349.37669
15317.60242
15296.93159
15266.60007
15328.29343
15421.86993
15445.88736
15368.79128
15328.04760
15149.19622
15117.74208
15080.19007
15130.91073
15150.99358
15110.79182
15162.49325
15134.26855
15151.34781
15135.77015
15191.79456
15329.29798
15181.50622
15108.38529
15157.88053
15178.63096
15198.51151
15246.25921
15406.94640
15135.61993
15289.02898
15255.39343
15227.64503
15238.52093
15293.14234
15342.50381
15376.10056
15224.19916
15306.85055
15337.87966
15363.06926
15283.64089
15307.19098
15272.08573
15186.81986
15159.65148
15135.90640
15235.58822
15161.93153
15172.82027
15382.62477
15407.33656
15390.86794
15321.80490
15244.15862
15400.04854
15352.33305
15267.64159
15210.78527
15282.37658
15138.21528
15262.45018
15286.72043
15391.58850
15321.53468
15381.12829
15281.03551
15262.24173
15303.32064
15073.40424
15269.73362
15233.78122
15169.63233
15256.53054
15270.42305
15395.66764
15328.03099
15239.32437
15019.57242
15073.50278
15036.98887
15099.13836
15092.33994
15001.58944
15156.61641
15132.37467
15062.83624
15032.59332
15241.95805
15283.22380
15391.82727
15154.79882
15099.08088
15276.36660
15260.95210
15251.96789
15368.32504
15465.39246
15440.47158
15503.19375
15352.26602
15235.95974
15157.48100
15158.74457
15094.41493
15040.85608
14989.06809
15034.69547
14966.64701
15112.32103
15133.20384
15284.85867
15208.09989
15222.61414
15238.07336
15317.60793
15292.79658
15271.54356
15147.11817
15121.61570
15157.88598
15236.64505
15165.96224
15112.31187
15177.75225
15280.47977
15278.33117
15407.48349
15345.89967
15327.70626
15334.75069
15333.77979
15204.81022
15063.36095
15102.90366
14959.31470
15205.04337
15204.60202
15413.46053
15455.24633
15334.41886
15399.47774
15421.44593
15362.14304
15453.41934
15457.67213
15490.70599
15408.63395
15445.90186
15397.99007
15289.82657
15324.86734
15386.37906
15299.65983
15354.67759
15130.11605
15171.34411
15143.65155
15024.10687
14919.07333
15080.14523
15090.63000
15258.32979
15175.72919
15177.22617
15310.26923
15306.97079
15384.60785
15365.58008
15292.20445
15448.47852
15413.97108
15461.07233
15266.78696
15327.99377
15210.48679
15298.80978
15147.58502
15247.11059
15252.75962
15341.86828
15251.51132
15144.59484
15225.39163
15196.35188
15393.49508
15593.32316
15619.09452
15551.97313
15589.96825
15468.17946
15518.62835
15516.23390
15328.77136
15502.79078
15411.35265
15480.61492
15442.24714
15318.11876
15117.22679
15286.81687
15171.23151
15254.33944
15398.55831
15344.82888
15402.87123
15337.48615
15238.19289
15206.92451
15214.37038
15148.97089
14922.31568
14930.42085
15266.04870
15186.89655
15190.02220
15091.63246
15044.49842
15064.22292
15216.68482
15387.34923
15194.19284
15135.33983
15144.85258
15166.51201
15126.04417
15206.72585
15208.22219
15044.74852
15061.95061
15038.45656
15087.76853
15115.75524
15234.19403
15198.07107
15172.74236
15148.82375
15258.53216
15299.81855
15303.77782
15342.45801
15405.80760
15291.29381
15404.29261
15396.40016
15438.75901
15473.44004
15539.65558
15564.35927
15528.14160
15544.97496
15503.27836
15547.38951
15480.51049
15427.99791
15189.73808
15315.93662
15451.15718
15212.67476
15369.41595
15452.19209
15343.74720
15346.70030
15218.49629
15258.49847
15189.72730
15353.65770
15269.30693
15151.91440
15034.67851
14844.82090
14808.82389
14875.77302
15030.37150
15074.41608
14944.34975
15028.08175
15199.45038
15324.54682
15101.17099
15107.26798
15182.07955
15143.36233
15251.74589
15158.85165
15404.92228
15542.59561
15579.36195
15509.87906
15449.72025
15484.57816
15539.02959
15553.55439
15563.71379
15555.59866
15485.20961
15516.16654
15506.82208
15395.16088
15357.88667
15241.38598
15223.29337
15175.83250
15184.86912
14968.19639
15112.20287
15178.16454
15170.95214
15267.16647
15345.93145
15238.38308
15122.48000
15253.74590
15303.38332
15131.74615
15246.59128
15216.86645
15348.28020
15346.16527
15309.60347
15426.65062
15486.33647
15542.90869
15598.57682
15427.24569
15461.94247
15398.80346
15311.01072
15194.65110
15339.44678
15344.95627
15433.81324
15361.83247
15359.68473
15413.29056
15445.43093
15340.48306
15456.53408
15554.62015
15379.45318
15407.36658
15479.47100
15519.67847
15591.02308
15576.16300
15699.29735
15570.77296
15487.88389
15529.19294
15496.34251
15358.44351
15410.42248
