      0.00000E+00  0.00000E+00
      0.10000E+01  0.18761E+01
      0.20000E+01  0.31122E+01
      0.30000E+01  0.43177E+01
      0.40000E+01  0.55149E+01
      0.50000E+01  0.67005E+01
      0.60000E+01  0.78846E+01
      0.70000E+01  0.90657E+01
      0.80000E+01  0.10248E+02
      0.90000E+01  0.11431E+02
      0.10000E+02  0.12614E+02
      0.11000E+02  0.13791E+02
      0.12000E+02  0.14969E+02
      0.13000E+02  0.16150E+02
      0.14000E+02  0.17329E+02
      0.15000E+02  0.18507E+02
      0.16000E+02  0.19689E+02
      0.17000E+02  0.20871E+02
      0.18000E+02  0.22047E+02
      0.19000E+02  0.23226E+02
      0.20000E+02  0.24403E+02
      0.21000E+02  0.25583E+02
      0.22000E+02  0.26759E+02
      0.23000E+02  0.27933E+02
      0.24000E+02  0.29113E+02
      0.25000E+02  0.30291E+02
      0.26000E+02  0.31466E+02
      0.27000E+02  0.32646E+02
      0.28000E+02  0.33821E+02
      0.29000E+02  0.34998E+02
      0.30000E+02  0.36173E+02
      0.31000E+02  0.37353E+02
      0.32000E+02  0.38530E+02
      0.33000E+02  0.39706E+02
      0.34000E+02  0.40880E+02
      0.35000E+02  0.42056E+02
      0.36000E+02  0.43233E+02
      0.37000E+02  0.44408E+02
      0.38000E+02  0.45583E+02
      0.39000E+02  0.46759E+02
      0.40000E+02  0.47936E+02
      0.41000E+02  0.49115E+02
      0.42000E+02  0.50292E+02
      0.43000E+02  0.51476E+02
      0.44000E+02  0.52657E+02
      0.45000E+02  0.53840E+02
      0.46000E+02  0.55023E+02
      0.47000E+02  0.56209E+02
      0.48000E+02  0.57391E+02
      0.49000E+02  0.58572E+02
      0.50000E+02  0.59756E+02
      0.51000E+02  0.60939E+02
      0.52000E+02  0.62121E+02
      0.53000E+02  0.63303E+02
      0.54000E+02  0.64482E+02
      0.55000E+02  0.65665E+02
      0.56000E+02  0.66849E+02
      0.57000E+02  0.68034E+02
      0.58000E+02  0.69215E+02
      0.59000E+02  0.70401E+02
      0.60000E+02  0.71584E+02
      0.61000E+02  0.72765E+02
      0.62000E+02  0.73949E+02
      0.63000E+02  0.75131E+02
      0.64000E+02  0.76315E+02
      0.65000E+02  0.77496E+02
      0.66000E+02  0.78677E+02
      0.67000E+02  0.79859E+02
      0.68000E+02  0.81042E+02
      0.69000E+02  0.82226E+02
      0.70000E+02  0.83412E+02
      0.71000E+02  0.84596E+02
      0.72000E+02  0.85781E+02
      0.73000E+02  0.86972E+02
      0.74000E+02  0.88157E+02
      0.75000E+02  0.89342E+02
      0.76000E+02  0.90530E+02
      0.77000E+02  0.91716E+02
      0.78000E+02  0.92903E+02
      0.79000E+02  0.94089E+02
      0.80000E+02  0.95277E+02
      0.81000E+02  0.96460E+02
      0.82000E+02  0.97644E+02
      0.83000E+02  0.98826E+02
      0.84000E+02  0.10001E+03
      0.85000E+02  0.10120E+03
      0.86000E+02  0.10238E+03
      0.87000E+02  0.10357E+03
      0.88000E+02  0.10476E+03
      0.89000E+02  0.10595E+03
      0.90000E+02  0.10714E+03
      0.91000E+02  0.10832E+03
      0.92000E+02  0.10951E+03
      0.93000E+02  0.11069E+03
      0.94000E+02  0.11188E+03
      0.95000E+02  0.11306E+03
      0.96000E+02  0.11424E+03
      0.97000E+02  0.11542E+03
      0.98000E+02  0.11661E+03
      0.99000E+02  0.11779E+03
      0.10000E+03  0.11897E+03
      0.10100E+03  0.12015E+03
      0.10200E+03  0.12134E+03
      0.10300E+03  0.12252E+03
      0.10400E+03  0.12371E+03
      0.10500E+03  0.12489E+03
      0.10600E+03  0.12608E+03
      0.10700E+03  0.12726E+03
      0.10800E+03  0.12845E+03
      0.10900E+03  0.12964E+03
      0.11000E+03  0.13083E+03
      0.11100E+03  0.13202E+03
      0.11200E+03  0.13321E+03
      0.11300E+03  0.13439E+03
      0.11400E+03  0.13558E+03
      0.11500E+03  0.13676E+03
      0.11600E+03  0.13795E+03
      0.11700E+03  0.13914E+03
      0.11800E+03  0.14033E+03
      0.11900E+03  0.14151E+03
      0.12000E+03  0.14270E+03
      0.12100E+03  0.14388E+03
      0.12200E+03  0.14507E+03
      0.12300E+03  0.14626E+03
      0.12400E+03  0.14744E+03
      0.12500E+03  0.14863E+03
      0.12600E+03  0.14982E+03
      0.12700E+03  0.15101E+03
      0.12800E+03  0.15220E+03
      0.12900E+03  0.15339E+03
      0.13000E+03  0.15458E+03
      0.13100E+03  0.15576E+03
      0.13200E+03  0.15694E+03
      0.13300E+03  0.15813E+03
      0.13400E+03  0.15931E+03
      0.13500E+03  0.16049E+03
      0.13600E+03  0.16167E+03
      0.13700E+03  0.16286E+03
      0.13800E+03  0.16404E+03
      0.13900E+03  0.16522E+03
      0.14000E+03  0.16641E+03
      0.14100E+03  0.16759E+03
      0.14200E+03  0.16877E+03
      0.14300E+03  0.16995E+03
      0.14400E+03  0.17113E+03
      0.14500E+03  0.17231E+03
      0.14600E+03  0.17350E+03
      0.14700E+03  0.17468E+03
      0.14800E+03  0.17586E+03
      0.14900E+03  0.17704E+03
      0.15000E+03  0.17822E+03
      0.15100E+03  0.17940E+03
      0.15200E+03  0.18059E+03
      0.15300E+03  0.18177E+03
      0.15400E+03  0.18295E+03
      0.15500E+03  0.18413E+03
      0.15600E+03  0.18531E+03
      0.15700E+03  0.18649E+03
      0.15800E+03  0.18767E+03
      0.15900E+03  0.18885E+03
      0.16000E+03  0.19003E+03
      0.16100E+03  0.19121E+03
      0.16200E+03  0.19239E+03
      0.16300E+03  0.19358E+03
      0.16400E+03  0.19476E+03
      0.16500E+03  0.19594E+03
      0.16600E+03  0.19712E+03
      0.16700E+03  0.19830E+03
      0.16800E+03  0.19947E+03
      0.16900E+03  0.20065E+03
      0.17000E+03  0.20183E+03
      0.17100E+03  0.20301E+03
      0.17200E+03  0.20418E+03
      0.17300E+03  0.20536E+03
      0.17400E+03  0.20654E+03
      0.17500E+03  0.20772E+03
      0.17600E+03  0.20890E+03
      0.17700E+03  0.21008E+03
      0.17800E+03  0.21126E+03
      0.17900E+03  0.21244E+03
      0.18000E+03  0.21362E+03
      0.18100E+03  0.21480E+03
      0.18200E+03  0.21598E+03
      0.18300E+03  0.21716E+03
      0.18400E+03  0.21834E+03
      0.18500E+03  0.21952E+03
      0.18600E+03  0.22069E+03
      0.18700E+03  0.22187E+03
      0.18800E+03  0.22305E+03
      0.18900E+03  0.22423E+03
      0.19000E+03  0.22540E+03
      0.19100E+03  0.22658E+03
      0.19200E+03  0.22776E+03
      0.19300E+03  0.22893E+03
      0.19400E+03  0.23011E+03
      0.19500E+03  0.23129E+03
      0.19600E+03  0.23247E+03
      0.19700E+03  0.23365E+03
      0.19800E+03  0.23484E+03
      0.19900E+03  0.23602E+03
      0.20000E+03  0.23721E+03
      0.20100E+03  0.23839E+03
      0.20200E+03  0.23957E+03
      0.20300E+03  0.24075E+03
      0.20400E+03  0.24194E+03
      0.20500E+03  0.24313E+03
      0.20600E+03  0.24431E+03
      0.20700E+03  0.24549E+03
      0.20800E+03  0.24667E+03
      0.20900E+03  0.24785E+03
      0.21000E+03  0.24904E+03
      0.21100E+03  0.25022E+03
      0.21200E+03  0.25140E+03
      0.21300E+03  0.25258E+03
      0.21400E+03  0.25377E+03
      0.21500E+03  0.25495E+03
      0.21600E+03  0.25613E+03
      0.21700E+03  0.25731E+03
      0.21800E+03  0.25849E+03
      0.21900E+03  0.25967E+03
      0.22000E+03  0.26085E+03
      0.22100E+03  0.26204E+03
      0.22200E+03  0.26322E+03
      0.22300E+03  0.26441E+03
      0.22400E+03  0.26559E+03
      0.22500E+03  0.26678E+03
      0.22600E+03  0.26796E+03
      0.22700E+03  0.26915E+03
      0.22800E+03  0.27034E+03
      0.22900E+03  0.27152E+03
      0.23000E+03  0.27270E+03
      0.23100E+03  0.27389E+03
      0.23200E+03  0.27507E+03
      0.23300E+03  0.27626E+03
      0.23400E+03  0.27745E+03
      0.23500E+03  0.27862E+03
      0.23600E+03  0.27980E+03
      0.23700E+03  0.28098E+03
      0.23800E+03  0.28216E+03
      0.23900E+03  0.28334E+03
      0.24000E+03  0.28452E+03
      0.24100E+03  0.28569E+03
      0.24200E+03  0.28687E+03
      0.24300E+03  0.28805E+03
      0.24400E+03  0.28923E+03
      0.24500E+03  0.29041E+03
      0.24600E+03  0.29159E+03
      0.24700E+03  0.29277E+03
      0.24800E+03  0.29395E+03
      0.24900E+03  0.29513E+03
      0.25000E+03  0.29631E+03
      0.25100E+03  0.29749E+03
      0.25200E+03  0.29867E+03
      0.25300E+03  0.29986E+03
      0.25400E+03  0.30104E+03
      0.25500E+03  0.30222E+03
      0.25600E+03  0.30341E+03
      0.25700E+03  0.30459E+03
      0.25800E+03  0.30577E+03
      0.25900E+03  0.30695E+03
      0.26000E+03  0.30814E+03
      0.26100E+03  0.30932E+03
      0.26200E+03  0.31051E+03
      0.26300E+03  0.31169E+03
      0.26400E+03  0.31288E+03
      0.26500E+03  0.31407E+03
      0.26600E+03  0.31526E+03
      0.26700E+03  0.31645E+03
      0.26800E+03  0.31763E+03
      0.26900E+03  0.31882E+03
      0.27000E+03  0.32001E+03
      0.27100E+03  0.32120E+03
      0.27200E+03  0.32239E+03
      0.27300E+03  0.32358E+03
      0.27400E+03  0.32476E+03
      0.27500E+03  0.32595E+03
      0.27600E+03  0.32714E+03
      0.27700E+03  0.32833E+03
      0.27800E+03  0.32952E+03
      0.27900E+03  0.33071E+03
      0.28000E+03  0.33190E+03
      0.28100E+03  0.33310E+03
      0.28200E+03  0.33429E+03
      0.28300E+03  0.33548E+03
      0.28400E+03  0.33668E+03
      0.28500E+03  0.33787E+03
      0.28600E+03  0.33906E+03
      0.28700E+03  0.34026E+03
      0.28800E+03  0.34145E+03
      0.28900E+03  0.34265E+03
      0.29000E+03  0.34384E+03
      0.29100E+03  0.34504E+03
      0.29200E+03  0.34624E+03
      0.29300E+03  0.34743E+03
      0.29400E+03  0.34863E+03
      0.29500E+03  0.34983E+03
      0.29600E+03  0.35102E+03
      0.29700E+03  0.35222E+03
      0.29800E+03  0.35342E+03
      0.29900E+03  0.35461E+03
      0.30000E+03  0.35580E+03
      0.30100E+03  0.35699E+03
      0.30200E+03  0.35818E+03
      0.30300E+03  0.35938E+03
      0.30400E+03  0.36057E+03
      0.30500E+03  0.36177E+03
      0.30600E+03  0.36296E+03
      0.30700E+03  0.36416E+03
      0.30800E+03  0.36536E+03
      0.30900E+03  0.36655E+03
      0.31000E+03  0.36775E+03
      0.31100E+03  0.36895E+03
      0.31200E+03  0.37015E+03
      0.31300E+03  0.37134E+03
      0.31400E+03  0.37254E+03
      0.31500E+03  0.37374E+03
      0.31600E+03  0.37494E+03
      0.31700E+03  0.37615E+03
      0.31800E+03  0.37735E+03
      0.31900E+03  0.37856E+03
      0.32000E+03  0.37977E+03
      0.32100E+03  0.38097E+03
      0.32200E+03  0.38217E+03
      0.32300E+03  0.38338E+03
      0.32400E+03  0.38458E+03
      0.32500E+03  0.38579E+03
      0.32600E+03  0.38699E+03
      0.32700E+03  0.38819E+03
      0.32800E+03  0.38939E+03
      0.32900E+03  0.39060E+03
      0.33000E+03  0.39180E+03
      0.33100E+03  0.39300E+03
      0.33200E+03  0.39420E+03
      0.33300E+03  0.39540E+03
      0.33400E+03  0.39660E+03
      0.33500E+03  0.39780E+03
      0.33600E+03  0.39901E+03
      0.33700E+03  0.40021E+03
      0.33800E+03  0.40141E+03
      0.33900E+03  0.40261E+03
      0.34000E+03  0.40381E+03
      0.34100E+03  0.40501E+03
      0.34200E+03  0.40620E+03
      0.34300E+03  0.40741E+03
      0.34400E+03  0.40861E+03
      0.34500E+03  0.40981E+03
      0.34600E+03  0.41101E+03
      0.34700E+03  0.41222E+03
      0.34800E+03  0.41342E+03
      0.34900E+03  0.41462E+03
      0.35000E+03  0.41582E+03
      0.35100E+03  0.41702E+03
      0.35200E+03  0.41822E+03
      0.35300E+03  0.41942E+03
      0.35400E+03  0.42061E+03
      0.35500E+03  0.42181E+03
      0.35600E+03  0.42301E+03
      0.35700E+03  0.42420E+03
      0.35800E+03  0.42539E+03
      0.35900E+03  0.42658E+03
      0.36000E+03  0.42778E+03
      0.36100E+03  0.42897E+03
      0.36200E+03  0.43017E+03
      0.36300E+03  0.43136E+03
      0.36400E+03  0.43255E+03
      0.36500E+03  0.43374E+03
      0.36600E+03  0.43492E+03
      0.36700E+03  0.43612E+03
      0.36800E+03  0.43731E+03
      0.36900E+03  0.43850E+03
      0.37000E+03  0.43969E+03
      0.37100E+03  0.44088E+03
      0.37200E+03  0.44207E+03
      0.37300E+03  0.44325E+03
      0.37400E+03  0.44444E+03
      0.37500E+03  0.44563E+03
      0.37600E+03  0.44682E+03
      0.37700E+03  0.44801E+03
      0.37800E+03  0.44920E+03
      0.37900E+03  0.45040E+03
      0.38000E+03  0.45158E+03
      0.38100E+03  0.45277E+03
      0.38200E+03  0.45396E+03
      0.38300E+03  0.45514E+03
      0.38400E+03  0.45633E+03
      0.38500E+03  0.45751E+03
      0.38600E+03  0.45870E+03
      0.38700E+03  0.45989E+03
      0.38800E+03  0.46107E+03
      0.38900E+03  0.46226E+03
      0.39000E+03  0.46345E+03
      0.39100E+03  0.46464E+03
      0.39200E+03  0.46582E+03
      0.39300E+03  0.46701E+03
      0.39400E+03  0.46819E+03
      0.39500E+03  0.46938E+03
      0.39600E+03  0.47057E+03
      0.39700E+03  0.47176E+03
      0.39800E+03  0.47294E+03
      0.39900E+03  0.47413E+03
