      0.00000E+00  0.00000E+00
      0.10000E+01  0.13320E+01
      0.20000E+01  0.20232E+01
      0.30000E+01  0.27013E+01
      0.40000E+01  0.33641E+01
      0.50000E+01  0.40168E+01
      0.60000E+01  0.46657E+01
      0.70000E+01  0.53134E+01
      0.80000E+01  0.59570E+01
      0.90000E+01  0.65999E+01
      0.10000E+02  0.72424E+01
      0.11000E+02  0.78807E+01
      0.12000E+02  0.85212E+01
      0.13000E+02  0.91593E+01
      0.14000E+02  0.97987E+01
      0.15000E+02  0.10436E+02
      0.16000E+02  0.11076E+02
      0.17000E+02  0.11712E+02
      0.18000E+02  0.12350E+02
      0.19000E+02  0.12985E+02
      0.20000E+02  0.13622E+02
      0.21000E+02  0.14261E+02
      0.22000E+02  0.14900E+02
      0.23000E+02  0.15537E+02
      0.24000E+02  0.16173E+02
      0.25000E+02  0.16810E+02
      0.26000E+02  0.17447E+02
      0.27000E+02  0.18083E+02
      0.28000E+02  0.18719E+02
      0.29000E+02  0.19353E+02
      0.30000E+02  0.19988E+02
      0.31000E+02  0.20625E+02
      0.32000E+02  0.21258E+02
      0.33000E+02  0.21893E+02
      0.34000E+02  0.22529E+02
      0.35000E+02  0.23161E+02
      0.36000E+02  0.23792E+02
      0.37000E+02  0.24425E+02
      0.38000E+02  0.25057E+02
      0.39000E+02  0.25690E+02
      0.40000E+02  0.26321E+02
      0.41000E+02  0.26952E+02
      0.42000E+02  0.27581E+02
      0.43000E+02  0.28214E+02
      0.44000E+02  0.28846E+02
      0.45000E+02  0.29479E+02
      0.46000E+02  0.30112E+02
      0.47000E+02  0.30746E+02
      0.48000E+02  0.31380E+02
      0.49000E+02  0.32014E+02
      0.50000E+02  0.32646E+02
      0.51000E+02  0.33278E+02
      0.52000E+02  0.33911E+02
      0.53000E+02  0.34545E+02
      0.54000E+02  0.35177E+02
      0.55000E+02  0.35810E+02
      0.56000E+02  0.36441E+02
      0.57000E+02  0.37074E+02
      0.58000E+02  0.37707E+02
      0.59000E+02  0.38342E+02
      0.60000E+02  0.38975E+02
      0.61000E+02  0.39608E+02
      0.62000E+02  0.40240E+02
      0.63000E+02  0.40874E+02
      0.64000E+02  0.41508E+02
      0.65000E+02  0.42140E+02
      0.66000E+02  0.42772E+02
      0.67000E+02  0.43406E+02
      0.68000E+02  0.44039E+02
      0.69000E+02  0.44672E+02
      0.70000E+02  0.45307E+02
      0.71000E+02  0.45941E+02
      0.72000E+02  0.46578E+02
      0.73000E+02  0.47212E+02
      0.74000E+02  0.47847E+02
      0.75000E+02  0.48480E+02
      0.76000E+02  0.49114E+02
      0.77000E+02  0.49745E+02
      0.78000E+02  0.50379E+02
      0.79000E+02  0.51009E+02
      0.80000E+02  0.51643E+02
      0.81000E+02  0.52275E+02
      0.82000E+02  0.52905E+02
      0.83000E+02  0.53540E+02
      0.84000E+02  0.54171E+02
      0.85000E+02  0.54806E+02
      0.86000E+02  0.55438E+02
      0.87000E+02  0.56071E+02
      0.88000E+02  0.56703E+02
      0.89000E+02  0.57333E+02
      0.90000E+02  0.57965E+02
      0.91000E+02  0.58597E+02
      0.92000E+02  0.59227E+02
      0.93000E+02  0.59859E+02
      0.94000E+02  0.60493E+02
      0.95000E+02  0.61126E+02
      0.96000E+02  0.61757E+02
      0.97000E+02  0.62388E+02
      0.98000E+02  0.63019E+02
      0.99000E+02  0.63653E+02
      0.10000E+03  0.64285E+02
      0.10100E+03  0.64919E+02
      0.10200E+03  0.65553E+02
      0.10300E+03  0.66186E+02
      0.10400E+03  0.66821E+02
      0.10500E+03  0.67456E+02
      0.10600E+03  0.68090E+02
      0.10700E+03  0.68725E+02
      0.10800E+03  0.69357E+02
      0.10900E+03  0.69988E+02
      0.11000E+03  0.70618E+02
      0.11100E+03  0.71248E+02
      0.11200E+03  0.71881E+02
      0.11300E+03  0.72513E+02
      0.11400E+03  0.73145E+02
      0.11500E+03  0.73780E+02
      0.11600E+03  0.74414E+02
      0.11700E+03  0.75050E+02
      0.11800E+03  0.75687E+02
      0.11900E+03  0.76323E+02
      0.12000E+03  0.76960E+02
      0.12100E+03  0.77596E+02
      0.12200E+03  0.78234E+02
      0.12300E+03  0.78871E+02
      0.12400E+03  0.79509E+02
      0.12500E+03  0.80146E+02
      0.12600E+03  0.80784E+02
      0.12700E+03  0.81419E+02
      0.12800E+03  0.82054E+02
      0.12900E+03  0.82690E+02
      0.13000E+03  0.83326E+02
      0.13100E+03  0.83963E+02
      0.13200E+03  0.84599E+02
      0.13300E+03  0.85234E+02
      0.13400E+03  0.85870E+02
      0.13500E+03  0.86509E+02
      0.13600E+03  0.87146E+02
      0.13700E+03  0.87784E+02
      0.13800E+03  0.88423E+02
      0.13900E+03  0.89059E+02
      0.14000E+03  0.89694E+02
      0.14100E+03  0.90330E+02
      0.14200E+03  0.90967E+02
      0.14300E+03  0.91604E+02
      0.14400E+03  0.92241E+02
      0.14500E+03  0.92877E+02
      0.14600E+03  0.93514E+02
      0.14700E+03  0.94151E+02
      0.14800E+03  0.94788E+02
      0.14900E+03  0.95424E+02
      0.15000E+03  0.96059E+02
      0.15100E+03  0.96693E+02
      0.15200E+03  0.97328E+02
      0.15300E+03  0.97965E+02
      0.15400E+03  0.98602E+02
      0.15500E+03  0.99239E+02
      0.15600E+03  0.99875E+02
      0.15700E+03  0.10051E+03
      0.15800E+03  0.10115E+03
      0.15900E+03  0.10178E+03
      0.16000E+03  0.10242E+03
      0.16100E+03  0.10305E+03
      0.16200E+03  0.10369E+03
      0.16300E+03  0.10433E+03
      0.16400E+03  0.10496E+03
      0.16500E+03  0.10560E+03
      0.16600E+03  0.10624E+03
      0.16700E+03  0.10687E+03
      0.16800E+03  0.10751E+03
      0.16900E+03  0.10815E+03
      0.17000E+03  0.10879E+03
      0.17100E+03  0.10942E+03
      0.17200E+03  0.11006E+03
      0.17300E+03  0.11070E+03
      0.17400E+03  0.11134E+03
      0.17500E+03  0.11198E+03
      0.17600E+03  0.11262E+03
      0.17700E+03  0.11325E+03
      0.17800E+03  0.11389E+03
      0.17900E+03  0.11453E+03
      0.18000E+03  0.11517E+03
      0.18100E+03  0.11580E+03
      0.18200E+03  0.11644E+03
      0.18300E+03  0.11708E+03
      0.18400E+03  0.11772E+03
      0.18500E+03  0.11835E+03
      0.18600E+03  0.11899E+03
      0.18700E+03  0.11963E+03
      0.18800E+03  0.12026E+03
      0.18900E+03  0.12090E+03
      0.19000E+03  0.12153E+03
      0.19100E+03  0.12217E+03
      0.19200E+03  0.12281E+03
      0.19300E+03  0.12344E+03
      0.19400E+03  0.12408E+03
      0.19500E+03  0.12472E+03
      0.19600E+03  0.12535E+03
      0.19700E+03  0.12599E+03
      0.19800E+03  0.12663E+03
      0.19900E+03  0.12727E+03
      0.20000E+03  0.12791E+03
      0.20100E+03  0.12855E+03
      0.20200E+03  0.12919E+03
      0.20300E+03  0.12983E+03
      0.20400E+03  0.13047E+03
      0.20500E+03  0.13111E+03
      0.20600E+03  0.13176E+03
      0.20700E+03  0.13240E+03
      0.20800E+03  0.13304E+03
      0.20900E+03  0.13368E+03
      0.21000E+03  0.13432E+03
      0.21100E+03  0.13496E+03
      0.21200E+03  0.13560E+03
      0.21300E+03  0.13625E+03
      0.21400E+03  0.13689E+03
      0.21500E+03  0.13753E+03
      0.21600E+03  0.13817E+03
      0.21700E+03  0.13881E+03
      0.21800E+03  0.13945E+03
      0.21900E+03  0.14009E+03
      0.22000E+03  0.14073E+03
      0.22100E+03  0.14138E+03
      0.22200E+03  0.14201E+03
      0.22300E+03  0.14266E+03
      0.22400E+03  0.14330E+03
      0.22500E+03  0.14393E+03
      0.22600E+03  0.14457E+03
      0.22700E+03  0.14521E+03
      0.22800E+03  0.14585E+03
      0.22900E+03  0.14649E+03
      0.23000E+03  0.14713E+03
      0.23100E+03  0.14776E+03
      0.23200E+03  0.14840E+03
      0.23300E+03  0.14904E+03
      0.23400E+03  0.14967E+03
      0.23500E+03  0.15031E+03
      0.23600E+03  0.15094E+03
      0.23700E+03  0.15158E+03
      0.23800E+03  0.15222E+03
      0.23900E+03  0.15286E+03
      0.24000E+03  0.15350E+03
      0.24100E+03  0.15413E+03
      0.24200E+03  0.15477E+03
      0.24300E+03  0.15540E+03
      0.24400E+03  0.15604E+03
      0.24500E+03  0.15668E+03
      0.24600E+03  0.15732E+03
      0.24700E+03  0.15795E+03
      0.24800E+03  0.15859E+03
      0.24900E+03  0.15923E+03
      0.25000E+03  0.15987E+03
      0.25100E+03  0.16051E+03
      0.25200E+03  0.16115E+03
      0.25300E+03  0.16179E+03
      0.25400E+03  0.16243E+03
      0.25500E+03  0.16307E+03
      0.25600E+03  0.16371E+03
      0.25700E+03  0.16435E+03
      0.25800E+03  0.16499E+03
      0.25900E+03  0.16563E+03
      0.26000E+03  0.16627E+03
      0.26100E+03  0.16691E+03
      0.26200E+03  0.16754E+03
      0.26300E+03  0.16818E+03
      0.26400E+03  0.16882E+03
      0.26500E+03  0.16946E+03
      0.26600E+03  0.17010E+03
      0.26700E+03  0.17074E+03
      0.26800E+03  0.17138E+03
      0.26900E+03  0.17202E+03
      0.27000E+03  0.17266E+03
      0.27100E+03  0.17330E+03
      0.27200E+03  0.17394E+03
      0.27300E+03  0.17458E+03
      0.27400E+03  0.17521E+03
      0.27500E+03  0.17585E+03
      0.27600E+03  0.17649E+03
      0.27700E+03  0.17712E+03
      0.27800E+03  0.17776E+03
      0.27900E+03  0.17839E+03
      0.28000E+03  0.17903E+03
      0.28100E+03  0.17966E+03
      0.28200E+03  0.18030E+03
      0.28300E+03  0.18093E+03
      0.28400E+03  0.18157E+03
      0.28500E+03  0.18220E+03
      0.28600E+03  0.18284E+03
      0.28700E+03  0.18347E+03
      0.28800E+03  0.18411E+03
      0.28900E+03  0.18474E+03
      0.29000E+03  0.18537E+03
      0.29100E+03  0.18601E+03
      0.29200E+03  0.18664E+03
      0.29300E+03  0.18728E+03
      0.29400E+03  0.18791E+03
      0.29500E+03  0.18854E+03
      0.29600E+03  0.18918E+03
      0.29700E+03  0.18982E+03
      0.29800E+03  0.19046E+03
      0.29900E+03  0.19109E+03
      0.30000E+03  0.19173E+03
      0.30100E+03  0.19237E+03
      0.30200E+03  0.19300E+03
      0.30300E+03  0.19364E+03
      0.30400E+03  0.19428E+03
      0.30500E+03  0.19491E+03
      0.30600E+03  0.19554E+03
      0.30700E+03  0.19618E+03
      0.30800E+03  0.19682E+03
      0.30900E+03  0.19745E+03
      0.31000E+03  0.19809E+03
      0.31100E+03  0.19873E+03
      0.31200E+03  0.19936E+03
      0.31300E+03  0.20000E+03
      0.31400E+03  0.20064E+03
      0.31500E+03  0.20128E+03
      0.31600E+03  0.20191E+03
      0.31700E+03  0.20255E+03
      0.31800E+03  0.20319E+03
      0.31900E+03  0.20382E+03
      0.32000E+03  0.20446E+03
      0.32100E+03  0.20509E+03
      0.32200E+03  0.20573E+03
      0.32300E+03  0.20637E+03
      0.32400E+03  0.20700E+03
      0.32500E+03  0.20764E+03
      0.32600E+03  0.20828E+03
      0.32700E+03  0.20892E+03
      0.32800E+03  0.20955E+03
      0.32900E+03  0.21019E+03
      0.33000E+03  0.21083E+03
      0.33100E+03  0.21146E+03
      0.33200E+03  0.21210E+03
      0.33300E+03  0.21274E+03
      0.33400E+03  0.21338E+03
      0.33500E+03  0.21402E+03
      0.33600E+03  0.21465E+03
      0.33700E+03  0.21529E+03
      0.33800E+03  0.21593E+03
      0.33900E+03  0.21656E+03
      0.34000E+03  0.21720E+03
      0.34100E+03  0.21784E+03
      0.34200E+03  0.21848E+03
      0.34300E+03  0.21912E+03
      0.34400E+03  0.21975E+03
      0.34500E+03  0.22039E+03
      0.34600E+03  0.22103E+03
      0.34700E+03  0.22167E+03
      0.34800E+03  0.22231E+03
      0.34900E+03  0.22294E+03
      0.35000E+03  0.22358E+03
      0.35100E+03  0.22422E+03
      0.35200E+03  0.22485E+03
      0.35300E+03  0.22549E+03
      0.35400E+03  0.22612E+03
      0.35500E+03  0.22676E+03
      0.35600E+03  0.22740E+03
      0.35700E+03  0.22803E+03
      0.35800E+03  0.22867E+03
      0.35900E+03  0.22930E+03
      0.36000E+03  0.22994E+03
      0.36100E+03  0.23058E+03
      0.36200E+03  0.23122E+03
      0.36300E+03  0.23185E+03
      0.36400E+03  0.23249E+03
      0.36500E+03  0.23313E+03
      0.36600E+03  0.23376E+03
      0.36700E+03  0.23440E+03
      0.36800E+03  0.23503E+03
      0.36900E+03  0.23567E+03
      0.37000E+03  0.23630E+03
      0.37100E+03  0.23693E+03
      0.37200E+03  0.23757E+03
      0.37300E+03  0.23820E+03
      0.37400E+03  0.23883E+03
      0.37500E+03  0.23947E+03
      0.37600E+03  0.24010E+03
      0.37700E+03  0.24074E+03
      0.37800E+03  0.24137E+03
      0.37900E+03  0.24201E+03
      0.38000E+03  0.24265E+03
      0.38100E+03  0.24329E+03
      0.38200E+03  0.24393E+03
      0.38300E+03  0.24456E+03
      0.38400E+03  0.24520E+03
      0.38500E+03  0.24583E+03
      0.38600E+03  0.24647E+03
      0.38700E+03  0.24711E+03
      0.38800E+03  0.24774E+03
      0.38900E+03  0.24838E+03
      0.39000E+03  0.24902E+03
      0.39100E+03  0.24965E+03
      0.39200E+03  0.25029E+03
      0.39300E+03  0.25093E+03
      0.39400E+03  0.25156E+03
      0.39500E+03  0.25220E+03
      0.39600E+03  0.25284E+03
      0.39700E+03  0.25347E+03
      0.39800E+03  0.25411E+03
      0.39900E+03  0.25475E+03
