15592.65900
15649.30865
15438.45457
15794.30668
15877.08582
15728.29971
15700.55591
15877.01977
15639.01223
15711.81213
15748.75213
15582.67819
15922.25697
15890.87981
15712.05251
15825.09443
15914.34141
15581.65935
15848.61553
15906.10248
15860.41530
16073.40226
15817.84431
15954.07847
15774.88642
15707.78795
15749.43747
15925.74356
15724.65445
15715.04725
15841.91025
15972.19216
15916.84098
16081.68136
16015.75362
15967.93402
15724.37734
15781.53665
15950.25293
15969.19682
15732.07581
15657.88271
15865.73964
15972.37609
15775.58503
15752.05123
15871.37769
15784.23637
15684.18455
15749.21245
15863.78660
15814.40445
15920.74555
15732.26608
15974.86045
15921.44604
15927.80704
15787.14537
15919.04839
15730.56461
15807.07804
15592.50145
15873.30982
15971.50506
15849.70061
16032.41760
15647.63936
15809.23179
15900.28783
15725.02811
15623.62766
15791.16134
15847.48361
15912.83261
15914.11948
15907.50569
15753.04485
15844.24856
16102.03841
16304.47362
15944.31663
15719.76738
15862.02983
15965.61289
15720.69668
15663.07243
15563.77544
15597.42639
15719.71888
15686.26991
15771.84880
16023.31935
15930.78274
15715.34986
15673.56598
15700.91378
15737.48899
15835.51382
15813.10168
15844.68947
15665.77685
15919.12503
15915.33873
15747.54036
15589.21965
15648.01461
15668.56518
15830.94355
15694.37147
15516.57454
15788.58306
15887.47048
15851.22981
15699.60682
15781.40167
15937.88984
15854.09558
15864.84900
15824.26354
15731.03416
15545.15502
15695.87765
15736.71625
15681.84921
15808.75431
15926.39723
16052.19580
16120.19393
15766.61418
15830.59752
15696.27385
15623.11272
15822.01750
15702.34428
15795.64363
15982.11271
15862.91363
15867.64196
15687.38917
15731.49621
15812.72024
15743.39809
15791.23050
15783.71543
15754.83745
15827.42996
15695.41964
15617.27183
15701.13667
15586.64129
15515.43376
15824.24002
15842.32361
15833.22799
16068.97407
15985.90528
15679.10116
15689.13673
15853.46154
15943.56419
16059.73501
15921.60774
15845.63393
15609.48386
15896.08923
15883.44678
15792.14944
15581.44495
15740.96475
15726.75241
16123.90035
15850.22341
15593.65483
15990.05551
15982.06485
15934.07325
15711.16895
15484.71827
15635.57449
15755.01969
15827.35446
15791.73517
16065.90542
15922.74484
15593.06984
15695.36423
15900.51364
15914.27302
15984.82020
15864.96745
15618.42238
15651.76047
15830.65205
15903.82164
15608.66340
15769.31385
15979.31442
15838.85645
15846.48381
15646.15396
15601.96436
15858.75860
15767.67998
15914.61750
16265.11366
15778.65759
15783.93238
15755.91720
15828.13475
15759.63702
15752.05469
15799.98034
15719.16053
15864.21006
15786.04493
15787.77022
15831.05898
15785.02053
15698.94947
15935.30497
15894.20110
15869.74992
15630.00010
15450.93533
15888.64259
15819.97025
15945.41283
15860.56467
15748.30591
15620.21882
15821.29255
16145.62509
16045.38573
15918.20797
15929.28396
15761.90070
15850.93984
15670.48779
15769.07994
15845.96994
15768.83490
15824.54521
15690.89176
15591.12756
15632.71286
15667.30517
15444.24508
15758.41489
15870.18184
15869.96870
15688.78806
15661.19413
15839.09005
15824.16415
15915.52399
15871.74144
15745.21946
15772.74873
15896.42628
15894.96221
15836.59470
15847.53480
15698.75041
15844.91355
15793.45534
15865.89644
16051.42761
15864.06309
15880.75819
15859.16244
15724.80781
15679.25851
15827.52323
15892.29440
15817.90444
15944.11426
16009.27446
15818.44492
15822.55326
15965.01521
15890.14756
16000.70746
15662.76783
15550.46930
15608.82293
15761.62120
15805.75314
16176.19513
15840.28786
15825.89590
15739.38875
15872.26815
16019.77338
15944.52462
15931.06085
16022.29355
15722.81783
15589.84345
15857.32314
15835.41581
15936.06558
15789.73734
15753.17758
15717.09403
15846.68658
15770.94443
15674.63861
15606.52675
15647.70472
15628.63819
15626.10347
15758.69459
15653.54193
15469.00115
15538.20446
15778.30528
15754.42034
15619.71314
15915.74267
15890.84591
15805.69485
15664.08628
15770.58067
15810.92650
15870.86469
15652.73376
15867.62085
15889.91671
15806.37695
15776.07903
15869.00206
16005.25135
15762.68341
15828.49406
15861.64373
15849.19365
16053.21627
15962.97388
15732.43107
15756.01168
15869.15537
15955.88575
15831.31172
15880.09496
15715.70916
15717.96572
15974.99737
16069.65261
15948.54636
15905.34575
15760.54713
15772.43225
15815.66826
15489.88200
15752.93649
15727.84511
15624.86994
15739.36393
15910.24765
15829.98555
15954.24357
15967.25114
15870.53027
15997.59267
16004.17669
15902.68902
15960.10776
15946.55216
15976.70484
16029.95748
15664.26409
15614.91552
15703.17636
15849.87139
15557.06066
15732.62046
15747.72210
15898.53198
15753.28365
15735.52063
15976.72258
15897.72912
15908.67092
15813.22610
15841.66911
15971.06802
15882.16024
16000.52319
15752.78969
15709.24438
15888.74544
15758.27660
16080.97238
15944.47648
15790.09459
15707.55102
15798.71739
15953.62755
15800.42487
15726.97692
15745.71387
15804.01549
16065.95354
16057.46596
15934.51676
16087.78442
16093.17860
15935.95794
15790.12964
15529.80130
15475.67637
15714.33671
15818.55825
15711.59348
15761.62510
15831.93471
15900.54252
15945.08380
15938.25953
15965.36625
15598.78404
15890.92587
15686.91819
15568.45364
15665.06809
15652.44118
15857.55934
15762.95062
15932.72560
15918.36608
15594.99158
15661.88352
15784.67363
15649.22370
15688.88083
15700.90331
15821.13605
15799.25937
15792.17835
15742.66182
15580.08286
15573.34440
15714.40504
15774.55138
15806.39860
15743.48121
15765.73605
15812.70733
15911.95594
15627.22833
15727.75720
16000.15803
15780.90736
15732.44882
15734.59435
15861.64390
15702.38495
15842.76348
15941.40526
16061.07351
15934.44942
15830.13602
15841.66679
15754.14690
15673.52008
15795.58928
15812.97246
15726.59731
15698.88135
15668.35033
15611.84325
15546.31252
15821.97760
15799.37236
15713.87035
15978.03391
15758.25577
15725.83161
15803.42206
15747.11863
15753.79065
15899.43162
15919.53823
16134.01594
15781.51872
15870.82100
15724.74988
15616.96257
15599.35854
15767.86149
15668.09952
15658.70842
15592.46814
15904.12286
16033.83830
15699.40023
15705.21414
15685.70378
15610.67409
15542.42994
15685.61839
15700.33794
15775.69834
15707.97241
15970.25995
15709.70452
15787.33193
15865.12034
15658.91015
15730.99050
15747.70884
15944.73198
15748.63434
15785.43323
15716.55549
15520.73493
15752.54058
15892.79548
15727.18920
15823.32050
15739.25063
15707.74009
15761.68534
15819.90770
16016.36824
15900.81230
15870.49069
15864.05084
15796.90424
15636.89453
15517.16096
15573.55950
15960.56796
16148.78727
15863.24493
15967.09765
16017.82074
15881.00574
15483.82318
15678.99464
15620.04949
16041.78566
15800.24235
15672.66218
15559.93864
15472.50846
15685.64502
15753.78336
15707.73518
15906.51963
15924.76605
15730.93669
15615.50024
15619.67786
15708.83690
15850.20955
15857.09769
15874.89384
15870.31234
16058.92599
15812.33655
15541.74857
15715.28304
15499.98196
15801.51652
15864.13584
16035.33828
15728.94027
15700.16681
15572.55683
15754.37403
15693.33544
15487.47839
15813.41808
15774.80990
15827.76448
15860.01828
16000.47433
15818.39365
15820.01997
16086.01500
16091.95680
15915.97539
15933.76774
16093.78092
15642.39334
15586.38148
15928.60876
16212.28156
15612.65305
15694.22863
15636.34463
15677.57489
15496.04087
15975.76240
15801.44530
15568.02439
15964.80457
15680.16979
15734.78181
15819.87838
15779.16084
15905.16943
15699.33284
15793.88478
15707.94580
15726.89820
15653.28954
15580.47085
15797.76788
15747.04595
15829.47095
15790.47789
15771.49577
16036.11016
15776.08357
15509.76236
15544.15214
15545.32500
15723.78953
15827.16573
15763.38400
15742.51616
15591.52147
16185.72300
16045.33627
15872.44478
15843.73413
15774.43114
15876.64242
16028.57686
15948.97543
15882.33775
15585.06337
15828.07507
15959.38490
15961.29296
15912.95323
15711.33996
15430.33340
15552.55982
15560.60141
15764.44543
15871.71415
15692.38070
15648.06565
15683.47249
15654.66189
15495.38669
15714.49683
15866.86555
15926.82456
15917.63774
16043.09470
15738.74934
15617.98960
15756.92346
15868.69632
15721.91503
15929.36264
15751.23398
15840.00572
15915.59567
15887.82682
15848.57028
15847.42112
15357.14495
15489.48662
15697.54167
15695.12933
15612.53665
15778.67067
15758.62505
15641.29497
15719.86098
15794.37229
15784.32219
16006.24067
15562.46174
15608.23775
15671.02896
15690.60229
15737.63421
15820.87551
15760.91409
15851.52342
15979.88541
15935.92064
15799.74507
15785.25735
15680.24569
15903.59299
15894.64300
15757.86871
15943.41393
15852.47924
15969.20077
15974.03410
15791.39975
15772.27615
15811.57491
15636.63141
15847.89627
15765.94273
15740.93867
15931.46092
15716.44093
15562.91387
15528.15137
15668.80792
15521.39993
15960.91543
16080.58591
15880.06822
15700.04894
15642.28007
15864.84576
15781.01862
15760.04684
15955.08212
15841.09093
15955.60879
15809.94712
16054.33597
15996.07441
16033.58209
16115.12286
15804.85161
15543.41101
15674.82787
15701.59837
15883.38694
15607.04865
15765.83972
15928.70247
16028.31756
15737.01807
15679.08684
15838.32385
15862.08765
15934.75874
15882.83634
15861.85047
15750.75568
15762.47460
15784.65430
15820.26810
15660.72354
15482.42081
15660.82965
15793.77891
15679.44462
15888.63207
15910.46457
15761.22086
15633.35343
15952.37230
15798.18225
15542.99871
15638.00415
15585.75547
15645.54097
15608.96510
15606.07037
15659.07275
15717.95863
15945.66731
15885.14072
15996.94075
15866.50342
15772.82377
15927.83608
15988.23262
15979.46881
15833.27702
15907.36955
15870.93788
15737.47339
15971.11157
15970.97719
15913.25585
15835.99900
16172.31809
16125.12127
16002.18518
15802.70515
15791.07576
15786.64985
15768.12215
15829.23085
15670.10049
15755.74084
15935.12423
15784.28706
15969.87616
16015.88776
15854.83670
15660.07582
15529.02859
15732.95281
15711.44556
15707.61383
15852.67955
15954.75425
15680.10173
15749.58683
15917.07994
15673.74896
15882.08769
15864.46671
15970.20177
15739.04464
15833.59209
16035.15260
15928.25654
15991.71753
15881.33234
15742.91342
15624.82192
15651.97375
15682.78343
15597.80116
15640.44297
15475.39924
15654.56793
15835.37762
15725.26615
15887.25666
15851.17891
15787.00114
15830.37634
15749.78333
15737.09670
16092.30686
15892.00197
15947.23754
15953.32050
15887.84463
15881.77066
15891.48080
15859.04781
15836.49814
15937.68233
15934.82907
15978.25614
16011.73690
15978.24148
15725.22010
15860.68463
15834.98476
15778.50216
15704.47678
15779.13683
15586.39594
15858.86780
15716.77488
15860.47785
15983.60062
15918.78905
15943.48049
15758.95252
15651.60496
15741.62562
15841.92953
15875.08001
15747.96109
15912.64703
15925.60488
15749.89897
15626.06179
15938.51317
16075.51015
15991.01754
15513.15563
15759.56000
15776.87477
15659.30243
15739.08172
15778.25545
15696.06270
15902.59467
16188.91137
16009.66885
15757.36227
15644.17746
15877.14559
15937.34270
16150.91478
16021.30767
15750.79162
16018.39704
16075.57371
15786.92867
15716.23889
15816.40555
16002.21173
15871.72171
15608.69760
15644.73962
15754.01123
16122.29598
16017.35571
15810.59542
15776.49488
15615.56631
15495.88113
15901.87526
15889.37133
16025.39590
15925.53370
15941.47071
15801.63461
16053.83212
15928.76471
15823.55223
15987.03255
15515.69321
15809.10766
15820.70877
15754.67956
15651.23771
15676.80826
15808.52997
15712.97445
15684.29424
15830.94878
15839.67779
16019.84881
16053.43816
16027.72199
16252.64013
15974.83947
15831.41169
15623.35172
15758.87509
15792.12688
15787.10870
15759.52574
16128.54582
15669.47356
16060.65819
15817.68331
15787.17217
15803.90577
15899.66860
15759.45662
15940.33344
15816.59899
15729.60213
15634.48231
15792.24429
15583.78975
15553.40221
15650.13144
15960.62553
15974.72001
15725.57900
15791.63899
15925.34010
15781.91160
16013.51181
15932.52112
15865.74295
15977.25149
15906.90049
15722.92024
15812.62481
15694.98079
15552.20214
15790.11721
15900.45161
15901.91748
15709.44818
15638.78370
15603.73623
15768.03900
15817.36849
15716.69370
15685.50273
15879.16027
15991.76374
15677.68872
15784.82099
15786.31039
15651.05627
15761.20017
15792.63002
15658.07491
15725.82720
15700.20804
15828.56722
15953.78991
15779.63728
15755.43901
16049.11300
15883.99863
15925.49231
15794.31197
15838.58339
15858.69143
15740.52299
15844.71596
15672.04158
15818.02862
15818.43243
15755.44345
15966.67497
15796.32634
15750.17347
15765.53497
15587.64160
15869.51807
15678.14787
16079.53321
16003.13743
15688.22529
15703.21250
15822.74577
15906.72407
15838.11717
15678.37180
15660.96386
15834.15597
15653.35436
15863.76342
16007.91827
16093.78303
16036.33870
15574.77964
15622.59238
15683.69188
15869.04209
15928.37526
15642.85948
15525.42607
15833.36587
15962.44491
15979.59968
16160.39777
15791.42193
15855.90890
15656.63171
15813.09936
15662.65251
15892.44958
15901.55912
16052.29810
16005.47054
15542.30296
15595.74767
15497.51476
15604.81465
15631.06965
15714.48035
15834.21717
15737.58308
15810.71292
15871.21829
15774.40208
16047.78007
15792.25630
15868.97198
15840.30921
15707.11894
15782.30287
15585.73462
15635.75085
15550.10673
15760.38784
15973.18672
15684.16393
15463.04349
15590.28940
15744.21655
15790.74437
15880.46930
15833.24925
15662.10534
15704.17509
15778.67761
15808.04172
15751.02760
15612.84888
15888.72459
15920.05395
16033.97349
15974.38565
16011.51685
16143.20767
15936.98960
15914.97696
15806.08669
15836.76670
15661.99057
16002.01961
15750.16444
16007.51964
15894.91272
15743.63737
15745.89041
15946.59832
15668.42026
15721.79825
16009.88517
15697.52606
15853.59078
15589.04247
15753.26133
15605.24197
15548.96678
15785.69128
15803.14006
15836.63189
15612.25754
15609.10390
15765.26913
15909.52645
15804.19098
15747.58454
15732.51999
15832.00105
16017.57759
15884.55863
15925.86825
15859.66691
15844.18285
15737.94526
15880.19375
15876.27335
15739.92931
16029.14879
15863.47678
15729.44875
15774.34178
15707.18050
15724.43949
15875.20600
15731.81540
15816.87559
15859.80147
15864.29989
15688.96631
16007.47220
15799.77552
15968.91299
15825.64520
16004.19141
15911.55520
15759.99977
15703.93496
15919.83537
15863.14853
15697.24703
15744.27189
15827.83657
15772.56670
15808.39669
15857.02177
15762.53782
15582.89173
15711.77445
15773.25383
15597.86609
15700.95002
15796.45323
15720.18956
15544.83963
15645.88958
15770.57644
15704.32472
15670.54715
15602.46073
15639.40797
15809.80516
15810.21357
15751.55128
15973.70536
15772.40901
15823.56543
15787.00339
15821.92100
15645.61902
15827.67200
15896.40540
15763.10415
15768.59218
15650.44461
15821.03637
15903.09543
15925.90306
16128.92280
15997.22637
15693.63430
15882.21432
15899.44415
16023.26635
16097.49796
15848.62576
15709.04259
15576.31691
15539.46235
15719.21841
15519.53903
15711.62593
15898.36503
15708.52271
15584.73640
15730.49598
15712.11940
15940.35884
15687.30997
15863.06550
15857.97472
15941.52428
15820.37778
15713.23537
15721.02381
15653.87427
15855.89265
15868.25114
15808.58567
15879.16925
15930.98781
15846.78224
15929.89311
15785.33895
15845.40840
16037.38755
16113.91555
16079.77822
15774.33130
15930.71639
15727.24562
15770.70351
15722.16523
15711.39838
15709.95183
15812.80978
15697.98358
15700.81280
16089.91046
15954.47630
15945.81111
16023.54366
15812.93030
15723.14687
15695.37302
15681.92224
15592.79930
15613.26212
15804.41801
15899.53028
15814.00282
15669.59860
15705.89515
15723.22208
16030.19170
15794.02479
15766.21126
15652.32598
15736.39715
16190.65123
15909.75831
15935.36599
15783.89011
15926.85714
15956.66413
15813.74087
16082.61887
15806.25684
15845.49876
15794.56951
16097.08507
15894.02590
15768.48737
15778.83944
15919.18217
15993.20482
15863.59906
15815.17175
15750.08033
15627.07329
15737.68751
15738.50989
15761.02923
15860.95359
16060.33762
15879.78112
15821.80089
15954.40162
16104.76897
15834.62519
15727.33822
15606.53815
15706.13053
15762.16221
15767.47259
15986.32671
16111.96931
15951.94859
16123.41490
15896.12352
15814.57382
16152.15442
16056.80069
15815.68403
15775.90476
15941.83869
15889.48620
15729.24413
15957.96250
16004.72350
15915.90250
15674.17535
15770.17555
15677.06244
15826.06942
15851.35725
16019.96670
15808.22472
15714.04388
15716.27611
15838.27808
15943.44977
16034.95393
16019.30914
15931.18232
15746.12907
15732.05885
15811.56914
15812.58374
15874.44938
15903.78458
15867.82170
15877.20302
15611.20765
15786.66951
15668.06523
15795.00968
15715.36330
15658.15412
15580.35607
15725.89297
15835.97896
15649.83508
15771.86864
16041.11566
15761.73413
15571.78544
15645.85848
15828.53726
16015.21760
15745.66097
15829.90464
15915.75656
15792.57886
15787.10321
15912.20297
16001.84688
16110.43352
15894.70782
15843.59833
16032.69803
15774.76558
15883.16893
15955.04539
15805.26565
15694.98336
15654.29757
15876.29281
15997.33771
15740.37203
15981.94816
15952.85859
16192.96239
15930.21956
15891.92540
16001.33124
16008.94226
15988.24629
15921.92923
16106.49291
15977.35003
15610.17421
15755.66688
15700.42157
15802.88135
15664.56914
15623.72271
15769.24378
15752.27673
16098.64998
15756.20547
15602.57798
15536.02235
15634.52339
15646.14790
15762.22435
15960.09806
15675.13836
15790.96628
15709.59559
15946.62853
16003.80292
15705.17016
15685.18500
15787.89579
15760.83055
15981.75308
15968.89506
16130.94257
15871.32272
15795.83392
15963.53645
15915.51844
15885.54767
15822.99841
15917.86587
15882.29204
15762.03232
15802.81431
15749.87173
15799.86256
15534.00994
15758.68454
15676.78900
15816.59660
15743.54778
15738.22614
15640.72194
15901.44067
15853.00632
15881.60013
15913.54125
15812.47438
15699.23681
15642.51806
15890.80886
15787.03149
15827.24882
15872.79450
15949.19961
15719.09195
15753.94391
15792.28267
15576.23908
15656.48105
15671.72411
15904.24882
15930.52611
15874.21183
16010.63534
15806.65517
15724.75201
15908.41214
15761.50229
15955.98214
15902.46196
15777.22062
15906.90286
16094.83326
15860.66637
15829.84094
15599.71929
15634.19133
15561.68877
15865.97350
15882.64144
15455.15742
15543.11173
15515.82945
15807.69994
15654.83359
15583.52163
15823.54148
16017.85390
15904.21591
15640.92633
15630.84185
15796.14591
15597.56616
15701.82667
15812.15070
15991.08828
15886.59127
15831.16987
15984.87127
15830.56626
15579.14223
15604.00004
15639.45771
15941.10989
16044.51334
16104.91050
16061.63578
16000.07808
15808.36654
15662.96530
15748.97616
15795.74330
15666.66248
15652.37718
15668.92548
16031.77614
16144.96761
15853.88229
15899.71000
15917.01242
15690.79749
15886.92228
15823.86062
15720.49661
15744.51630
15630.49098
15656.54094
15720.41571
15986.06807
16132.11190
15788.68660
15552.72593
15725.07536
15745.14611
15902.33481
15825.47424
15892.74237
15853.92097
15808.31658
15906.72210
15930.85799
15864.20816
15802.60327
15600.72582
15689.22446
15595.48779
15697.77604
15729.78991
15840.99676
16008.18504
15865.17302
16045.48105
15812.20328
15608.93360
15909.34198
15883.93387
15833.93025
15947.48354
15558.86561
15634.59372
15733.31119
15613.89697
15658.21431
15696.08172
15944.19270
15928.96422
15656.68708
15742.98912
16014.60152
15988.29217
15766.49293
15589.21168
15601.74864
15860.14175
15743.96304
15665.56937
15939.40078
16046.16828
16035.20805
16073.87571
15749.37486
15740.28393
15677.55317
15782.10233
15747.20678
15764.20753
15934.10947
15946.16406
15748.68560
15819.14906
15899.13087
15973.71963
15782.68888
15791.16920
15831.86877
15736.71849
15606.79165
15733.52063
15828.13529
15608.56013
15762.50196
15888.01493
15677.98475
15688.13814
15843.88299
15686.78756
15606.44484
15567.83063
15777.18560
15721.93626
15585.21178
15867.76050
15754.78797
16002.61005
15725.97061
15726.09825
15706.94941
15679.46744
15835.60907
15940.90884
15922.49507
15780.03067
15886.93487
16095.98282
16013.08010
15853.15370
15923.55693
15607.17342
15848.81730
15750.67031
15983.20962
16094.82066
16134.64323
15736.96766
15693.47803
15945.41014
15857.37782
15619.40794
15657.12700
15545.12318
15473.90316
15670.12249
15591.27474
15722.83808
15793.29499
15906.68831
16082.29587
15841.51307
15766.93831
16149.39891
16106.86966
15989.65129
15908.03006
16110.25828
15780.79083
15875.29061
15938.64745
15882.26221
15901.46705
15698.24558
15737.17376
15471.07297
15561.89614
15614.52088
15264.41578
15403.16054
15720.51894
16047.58303
15852.52398
15700.96859
15921.98757
15958.85368
15813.71467
15803.77125
15885.91563
15768.80519
15815.34664
15928.08129
15721.33924
15876.89384
15752.46660
16072.85878
15758.82826
15834.53730
15825.35334
15913.55998
15927.84718
15813.24766
15917.76054
15683.87767
15766.45700
15793.02014
15673.69756
15644.14542
15866.08697
15845.76852
16200.48439
15966.04462
15912.79144
15584.24012
15704.76583
15843.42179
15838.05801
15719.52121
15807.74181
15968.55631
15800.33876
15783.48430
15766.61656
15679.81042
15593.33028
15799.59813
15722.06290
15822.10514
15808.85206
15872.62926
15805.02617
15707.64807
15598.42465
15738.72694
15940.70406
15883.20943
15716.12795
15766.37282
15972.44256
15795.35088
16029.32691
16061.94348
16163.76733
16044.66636
15824.44687
15614.00168
15808.01801
15718.10224
15766.87578
15876.73395
15816.80590
16094.69549
15692.33989
15834.17404
15984.10948
15618.97931
15491.56384
15576.54282
15997.03479
15974.03106
15697.76308
15639.59218
15690.13940
15814.50774
15958.79370
16010.04738
15742.82876
15567.93529
15795.58110
15825.35562
15507.15033
15683.41626
15717.80652
15795.37577
15889.49255
15723.70023
15661.21445
15535.49748
15716.09740
16017.92295
15723.62143
15633.59523
15790.27870
15978.88514
16090.68566
15999.32673
15568.68503
15767.50318
15893.99861
15597.72279
15587.95825
15528.78499
15607.49546
15685.99432
15819.40489
15679.00751
15919.22633
15993.41400
15806.36347
15637.45140
15589.19203
15850.42853
15870.76437
15824.07743
15915.19758
15805.83425
15970.89624
15776.72124
15610.73370
15773.62716
15542.31808
15649.16981
15666.96141
15808.55229
15858.19447
15855.14073
15618.12892
15876.89515
15860.73291
15701.62962
15818.11328
15889.78088
16050.51782
15939.90179
15944.62969
16122.21122
15949.88438
15779.25238
15894.72025
15918.45823
15943.99613
15692.81551
15731.79845
15888.36932
15928.38301
15658.83835
15640.70038
15815.23994
16011.53696
16070.81813
15903.77885
15822.66881
15727.69981
15826.60420
15806.82472
15675.70214
15692.26770
15863.50822
16045.06726
15856.58250
15692.97475
15726.52840
15586.29068
15785.89802
15745.32428
15640.33433
15396.15806
15561.03497
15832.22771
15603.39257
15824.13066
15777.49710
15711.03426
15570.32941
15828.09182
16012.55840
15807.69012
15643.69850
15861.27352
15855.13842
15841.36470
15998.87074
15656.94522
15656.03119
15907.57106
15880.88648
15715.64121
15723.18759
15846.25716
15866.91088
15905.42805
16184.89528
16090.93350
15725.61273
15788.10846
15675.48898
15906.38367
15803.41364
15876.02130
15712.33537
15794.59457
15822.85462
15969.68425
15850.68899
15647.48078
15814.19375
15994.81857
15784.43845
15793.95075
15793.00228
15770.13364
15453.62837
15628.44457
15769.23601
15778.55125
15995.64586
16007.31190
15792.66230
15786.92137
15868.27046
15784.94767
15741.03631
15926.27301
15564.22898
15593.96413
15793.00782
15859.92443
15774.12615
16056.23055
16063.89987
15903.43723
15747.18806
15737.76690
15675.12927
15581.74201
15739.06808
16120.57783
15740.17891
15580.10880
15687.11501
15545.22829
15633.13444
15777.63937
15897.44104
16039.43693
15723.21227
15657.22353
15764.54941
15741.30716
15660.59458
15745.81261
15701.16513
15713.87399
15790.92591
16074.86049
15803.48083
15670.21386
15768.73775
15628.49541
15652.07735
15644.37198
15725.64425
15612.00618
15751.16889
15895.09802
15665.96785
15557.72477
15572.70599
15593.00272
15727.00842
15899.65250
15776.36538
15827.68376
15801.15598
16144.25315
16085.68318
15710.56477
15690.87262
15916.02573
15739.53356
16014.95449
15830.81881
15749.74704
15590.84885
15812.91665
15667.80381
15620.03811
15768.69587
15981.32322
15734.44077
15767.75043
15918.96495
15814.99182
15649.68141
15580.05627
15619.38456
15859.24163
15990.74761
15936.31057
16052.93772
15919.50498
15981.18068
15884.98246
15920.55075
15722.76255
15669.15000
15740.75933
15582.77213
15640.10094
15917.04183
15685.50812
15644.48470
15723.03137
15717.30549
15955.16362
15784.57537
15830.76619
15787.72569
15800.32125
15622.95897
15916.60137
15862.98691
15800.84807
15845.25140
15708.46563
15727.36043
15801.16050
15685.40167
15698.68814
15760.38840
15941.80606
15856.98426
15831.31238
15795.80441
15623.71215
15701.85954
15644.00420
15836.67193
15810.90741
15715.63988
15789.73323
16070.19872
16105.68914
16146.15810
15979.67178
16105.84697
15879.95908
15891.25173
15702.75352
15712.86799
15787.82963
15797.92510
15817.13181
15852.82622
15831.28663
15894.30858
15810.78743
15755.46278
16012.59925
15899.47422
15938.66587
16050.86317
15802.17802
15626.05048
15725.59771
15839.98085
15734.60265
15617.76761
15748.18647
15759.04542
15762.59030
15874.66018
15718.65106
15804.23381
15954.80283
16002.68736
16144.32551
16054.03173
16150.21837
15967.74500
15620.67962
15632.89120
16124.43648
16052.95817
15789.58268
15513.11282
15628.84982
15585.25637
15855.71150
15726.12024
15947.86531
15796.50312
15718.30175
15869.91856
15758.53219
15844.71409
15880.65271
15772.04988
15699.78195
15809.59268
15723.38090
15700.25897
15642.46058
15669.22054
15771.92400
15782.45824
15731.95179
15806.61188
15655.66567
15770.45457
15785.23448
15966.35773
16069.86595
16075.26233
16170.41686
15891.03356
15789.78770
15790.23916
15823.09102
15745.50447
15915.27617
15575.35985
15805.77472
15757.83632
15872.07592
15804.84826
15935.63528
15900.90943
15928.01062
15995.11814
15873.68096
16126.48208
15809.37317
15768.07335
15940.48803
15922.65215
15825.28778
15795.64025
15870.12862
15866.28459
15943.46019
15748.45371
15865.36090
16059.22892
15845.76588
15925.66143
15955.78699
15904.98547
15701.76447
15686.83652
15654.31459
15825.13987
15906.55512
15874.37988
15870.63293
15741.88641
15685.08149
15813.80921
15580.90244
15812.86154
15738.08509
15725.16297
15630.75667
15555.46451
15719.52450
15728.00598
15745.07937
15916.98505
15831.89326
15595.67219
15732.95788
15863.32671
15629.58168
15742.41750
16093.04830
15756.90350
15951.71667
16058.85514
15993.35244
15742.17862
15746.98015
15614.78630
15592.69544
15696.40754
15749.07498
15748.39192
15909.40100
15733.65260
15594.59045
15718.30625
15820.32606
15686.49793
15529.92785
15558.16468
15749.11297
15663.22835
15733.48790
15704.13981
15964.55510
15906.41342
15854.12585
15730.79333
15718.41556
15755.31269
15754.79389
15557.50681
15503.40248
15497.74052
15659.11552
15621.08920
15795.19249
15823.36470
16079.41731
15952.69654
15693.80840
15796.90875
15739.23761
15855.31396
15917.12319
15730.96826
15448.81382
15639.98948
15678.91225
15939.46748
15800.18560
15897.60757
15807.28200
15760.17418
15716.95127
15706.51447
15791.56899
15793.81651
15650.10052
15647.54486
15842.84406
15708.29927
16042.70401
15893.72464
15819.54736
15779.53094
15947.96325
15867.64112
15616.45085
15778.58356
15917.10797
15788.34082
15728.37223
15668.16092
15705.09969
15666.71215
15637.86808
15849.33087
15808.50387
16090.39288
15867.42394
15685.32798
15719.53438
15625.36887
15412.49611
15531.96529
15625.77812
15751.36342
15873.66250
15858.03836
15992.24753
15922.43345
15637.80383
15690.15969
15694.17260
15673.12229
15926.74554
15841.39120
15559.24138
15495.35669
15527.58049
15661.82520
15697.80576
15666.32273
15848.15911
15901.26786
16034.98812
15794.18752
15720.04651
15851.51264
15964.42899
15867.14943
15847.49264
15820.96206
15771.58518
15884.10308
15628.79810
15683.31093
15634.75913
15730.02224
15998.51981
15868.21318
15811.11331
15726.58626
15768.04447
15816.57841
15566.40813
15901.53258
16094.48555
15771.54975
15947.74137
15997.51424
15780.69287
15823.57053
15690.57941
15659.13682
15759.27239
15997.76601
15830.37941
16019.15591
15862.08268
15674.32248
15671.89279
15885.36799
15862.13802
16075.27652
15899.86992
16030.06583
15829.37255
15619.72718
15847.99652
15941.27941
15819.03495
15804.03545
15669.66429
15783.64422
15777.04613
16125.52160
15971.34672
15749.99860
15868.24822
16125.31613
16023.56364
15870.06715
15716.95679
15907.82994
15951.10912
15743.83142
15719.12079
15385.90155
15738.92322
15774.18691
15780.47125
15914.79151
15941.26707
15956.68067
15811.76240
15661.39459
15718.46357
15760.42177
15757.06385
15763.40862
15530.66045
15629.26470
15705.84505
15717.48851
15783.56436
15819.71041
15517.40528
15500.88514
15680.68082
15753.12804
15828.24960
15769.78256
15519.72506
15544.85306
15704.89321
16015.87681
16045.42523
15989.21746
15821.21938
15822.02598
15800.20832
15709.57377
15748.56043
15727.52770
15783.33617
15966.13038
16009.03926
16107.35325
15917.09358
15761.35884
15676.10611
15724.04592
15775.53080
15810.67749
15861.09639
15819.76312
15802.63341
15638.73386
15627.11873
15637.62253
15807.42440
16021.95942
15851.27605
16031.98361
15931.09422
15830.04318
15960.77404
15599.36153
15701.15082
15817.89364
15873.15569
15920.06424
16026.79309
15851.14164
15844.13472
15848.95800
15735.50504
15698.67355
15668.56113
15875.73236
15969.10311
16036.46944
16078.64004
15986.56188
15829.17701
15662.75375
15793.82004
15822.58739
15948.77320
15819.31335
15889.37219
15829.48450
15916.49268
15706.99001
15848.44107
15788.67032
16033.34390
15698.03467
15450.70458
15719.23465
15874.12948
15950.58087
16196.26653
15662.70165
15717.60402
15963.73509
15952.05682
15786.19653
15940.15002
15866.51080
15885.89861
15759.68758
15564.40814
15667.56368
15801.94913
15598.34408
15687.57352
15573.62333
15693.27490
15600.62649
15762.78222
15791.93237
15995.88082
15936.23683
15889.65807
16010.87904
15970.57656
15927.38584
15799.24693
15811.99368
15953.47343
15755.67130
15674.32389
15761.83836
16068.22126
15940.75759
15990.38492
16080.28274
16055.79179
15893.26472
15675.09686
15658.74198
15922.75829
15792.70005
15845.98760
15969.74610
15732.48279
15827.74065
15752.14057
15876.84953
15705.86529
15890.70638
15750.88890
15831.13162
15897.80409
16077.00566
16087.40968
16033.66895
15849.18233
15755.28647
15808.80763
15817.39668
15556.34728
15410.13189
15623.11577
15924.67864
15804.78506
15589.21048
15823.05606
16182.41947
16059.25048
15790.75596
15770.85666
15789.25927
15741.71792
15941.30334
15727.54471
15859.51804
15903.35562
15990.75392
15779.24491
15807.35950
15728.13872
15790.19462
15846.17003
15636.76298
15863.52206
15933.22902
15809.31259
15886.35692
15782.63491
15883.80140
15799.54503
15796.28041
15711.63682
15570.97529
15691.05892
15832.80338
15757.43454
15966.80020
15888.50764
15798.24161
15971.83625
15840.17481
15833.51615
15926.33537
15637.74907
15907.26999
15849.36451
15750.96616
15997.24359
15711.79095
15681.47425
15829.51865
15822.45796
15769.63771
15644.80943
15668.32825
15552.07215
15660.99238
15548.38727
15706.55295
15777.43764
15631.15017
15657.18533
15534.50103
15623.70865
15591.09590
15822.61025
15739.91010
15569.41170
15592.20756
15515.09152
15903.01599
15868.74562
15895.34005
16311.20633
15758.98003
15543.15622
15710.84205
15745.84164
15571.58117
15681.63315
15717.81783
15425.87264
15659.43819
16100.82393
15899.47239
15915.72673
15888.30621
15480.95776
15488.15149
15569.55320
15751.34859
15873.34694
15707.66049
15920.74844
15634.82731
15521.14992
15641.35724
15826.00541
15833.36732
15947.90479
15751.55512
15964.26569
16079.76288
15995.66726
15904.56141
16004.44039
15940.62489
15655.71938
15600.54897
15850.24545
15801.07616
15948.42952
15964.70392
15833.83755
15698.37924
15921.22646
16192.99577
16136.82115
16108.21312
15953.24947
16013.33934
15877.23949
15708.82282
15646.96825
15787.57815
15900.72854
15517.34532
15702.96971
15842.25545
15794.11342
15784.58644
15878.74079
15927.45716
16043.45885
15617.65834
15646.87471
15619.63031
15455.25910
15572.57744
15737.06070
15590.90508
15740.90793
15744.07730
16043.68502
15874.13943
15873.20018
15812.93403
15686.67185
15871.53061
15668.48292
15821.85760
15437.27228
15634.82960
15762.72149
15495.74984
15848.92925
15870.74326
15838.13380
15874.14276
15731.35972
15704.60903
15832.49387
15974.76506
16071.81178
15847.71253
16019.41047
15837.81374
15907.71866
16123.87635
16007.42404
15862.21030
15998.73738
16185.83802
16059.43693
15773.74167
15860.42666
15781.15775
15926.48926
15735.85077
15788.16756
15956.60261
15740.26136
15895.88150
15883.72919
15930.80657
15851.58224
15904.12965
15741.51764
15838.61236
15836.40211
15756.83380
15703.59081
15908.35736
15884.10412
15898.46700
15634.39005
15595.42870
15826.48744
16053.43843
15843.39623
15786.56049
16199.56690
15906.83603
16020.84808
16075.91819
15700.15449
15751.71871
15682.25726
15708.73517
15648.60222
15538.94650
15844.94394
15789.89017
15774.32339
15879.84859
15825.51604
15642.12976
15565.43052
15653.32520
15509.77978
15857.26853
15865.96637
15971.24394
15964.14343
15705.32849
15687.62364
15783.71498
16042.17336
15790.93919
15892.32942
15736.91962
15833.15186
15645.20538
15850.42943
15602.02765
15834.83225
15960.40181
15884.62247
15949.16589
16010.86997
15839.80315
15632.12657
15736.40714
15893.20434
15908.08021
15637.38298
15571.16971
15857.30738
15627.31771
15586.84527
15639.53796
15876.05114
15747.48158
15750.93449
15601.15715
15639.42979
15814.41962
16173.07112
15939.31218
15892.01518
15932.16585
15835.18777
15780.85887
15870.21969
15860.52832
15677.77181
15686.15036
15840.93385
15968.42108
15937.10118
16068.23353
15940.49049
15744.41267
15709.30558
15843.61116
15678.10784
15669.10529
15569.26211
15594.53913
15767.70775
15587.02563
15452.42839
15757.38093
15752.34948
15749.74461
16068.44036
15955.09328
15891.56625
15824.46847
15578.77168
15786.94749
15719.86968
16237.77103
16078.08649
16045.01520
15720.60520
15761.13877
15787.91805
15700.89624
15808.54952
15661.90398
15639.86686
15674.25725
15786.14763
15712.92967
15653.22523
15538.74230
15552.12946
15680.48564
15738.22351
15894.99328
15673.61190
15722.55408
15697.38725
15399.67878
15368.15963
15457.87603
15511.72492
15732.57819
15834.36539
15650.11846
15782.15823
15848.76530
15881.53525
15973.75856
15949.44269
15765.54777
15867.77882
15811.62365
15737.03670
15726.67994
15758.46431
15652.72603
15806.05594
15690.32237
15806.38192
15634.42377
15693.55275
16086.11039
15863.96700
15900.71824
15798.03304
16020.24532
15992.71136
15925.13185
15710.70836
15807.96784
15623.15530
15667.61963
15691.64347
15972.05061
15695.88799
15506.83228
15651.88588
15519.00173
15567.69662
15658.43756
15708.82719
15792.30302
15833.42763
15971.25001
15883.56883
16013.43508
16141.07420
15973.78050
15798.85680
15943.63168
15723.90716
15832.76132
15820.08658
16076.47200
15980.94406
16041.48742
15861.70482
15748.71617
15990.52633
15828.82772
15931.38309
15937.04135
15766.24172
15619.49763
15781.41473
15820.33181
15527.59062
15909.26889
15842.30966
15959.16733
15786.44323
15942.79234
15904.97437
15532.95695
15894.29129
15782.28675
15808.04532
16008.47258
15820.34199
15843.67359
16002.78641
15888.41365
15700.11619
15848.07003
15704.73560
15633.38248
15680.42225
15810.25449
15704.03529
15791.97886
15994.38804
15822.92712
15797.41177
15876.76749
16105.62877
15993.53924
15930.27127
16016.18205
15728.83521
15574.00970
15622.00971
15593.89645
15642.92125
15641.08382
15699.94657
15626.98362
15874.58200
15718.09869
15775.30501
15733.87638
15627.10039
15693.03415
15749.46566
15904.53402
15681.41499
15590.01459
15723.02867
15872.91381
16072.22526
15941.76686
16045.83132
15696.90655
15975.55364
15839.03480
15658.93483
15711.84081
15667.04546
15822.80481
15685.46273
15739.27190
15891.26884
15653.96587
15539.55031
15770.70530
16031.78043
15848.02131
15876.14337
15620.74390
15572.94732
15789.85147
15831.34902
15657.08904
15646.42806
15791.70713
15755.90932
15774.23061
15855.16946
15923.00251
15892.59645
15981.91899
15727.30124
15727.48143
15787.09499
15755.46830
15747.52054
15841.27083
15773.00351
15722.30335
15883.00262
15775.98491
15517.57876
15819.06498
15858.67167
15705.26371
15832.24783
15984.76928
15823.28111
16047.06400
15786.55580
15780.43964
15805.82285
15822.54007
15994.17104
15951.80418
15739.26748
15795.12752
15730.29117
15662.65791
15832.60304
15865.97778
16115.02616
16028.85495
15766.75883
15634.14014
15703.21697
15788.12535
15565.77059
15700.90264
15870.03941
15808.20087
15963.64505
16117.75199
16015.04085
15810.31386
15745.94559
15966.74723
15822.35625
15763.46946
15719.81182
15956.57490
15719.40106
15654.38509
15698.83941
15956.78405
15793.76580
15721.13359
15823.41902
15802.32100
15899.59056
15823.47795
15678.73594
15773.46828
15874.51350
15860.20642
15725.98626
15767.92217
15900.16164
15731.04340
15760.71353
15677.54456
15671.63152
15695.80460
15720.32651
16029.18000
15902.72206
15848.95239
15911.82873
15592.95420
15682.72316
15653.53559
15723.72386
15725.27287
15711.46372
15544.20977
15952.60736
15856.06972
15723.87627
15849.13810
15670.18553
15911.85335
15772.78902
15904.36346
15899.70661
15720.92816
15655.86534
15756.01126
15618.48165
15668.51310
15647.16500
15933.33040
15897.05836
15859.98087
16037.10050
15770.52518
15891.56297
15745.32865
15822.38891
15827.46732
15895.18702
15884.54920
15918.83714
15951.56443
15791.28457
15709.29910
15816.37993
16020.81100
15904.41186
15981.11444
15900.36729
15732.91254
15642.13318
15982.58149
15855.34321
15861.84291
15981.08109
15992.50134
15983.04216
15848.60148
15707.60918
15966.36722
15857.64537
15744.97889
15641.10713
15685.35618
15910.93332
15866.53224
15707.57732
15831.06056
15654.90519
15716.82114
15639.93270
15751.87190
15800.07665
15900.93858
16119.37077
16040.90714
15955.17078
15922.27081
16074.27612
15933.66636
16052.61593
15913.43262
15849.51767
15714.45115
15819.47267
16013.29126
15762.70805
15780.35882
16001.57088
15648.83289
15700.20511
15539.67275
15676.69672
15538.06448
15739.25565
15866.40992
15759.64680
15849.20456
15815.68847
15633.38308
16010.81390
15859.12977
15808.54993
15760.89928
15687.71819
15577.87881
15888.53725
15758.43801
15931.72787
15801.29735
15821.17275
15754.70178
16019.53134
15838.75411
15763.14465
15857.78101
15741.75887
15800.05759
15814.06386
15769.42351
15636.33518
15884.41135
15868.76013
15824.63653
16188.05667
15809.47109
15571.77931
15722.92040
15763.07407
15717.65294
15816.50072
16167.32400
16165.60192
15889.76945
15734.47482
15591.93243
16120.38618
16073.15604
15972.35622
15994.91368
16018.51544
15731.74076
15640.93634
15736.72563
15742.82593
15994.95752
15790.39520
15858.00073
15767.55963
15787.14826
16018.56549
15926.25940
15934.07212
16118.05051
15711.49932
15659.80292
15812.60877
15958.10739
15826.76961
15789.14255
15556.71163
15810.23705
15695.43715
15897.67824
15737.50796
15766.80974
15707.56899
15870.70673
15851.25531
15886.24709
15836.03539
15958.46884
15932.86934
15888.11636
15645.18425
15621.87343
16010.36950
15931.07358
16014.34871
15875.13696
15845.10259
15690.80784
15792.15177
16059.30612
16080.28334
15880.38254
16001.91463
15541.12732
15793.00678
15959.27148
15808.51726
15936.46274
16008.53675
15728.27179
15752.71667
15962.38075
16138.78258
15606.34289
15683.09861
15768.87797
15789.63711
15615.19993
15770.30771
15666.74142
15565.57753
15598.32091
15846.35910
15589.95791
15792.87265
15527.35709
15974.04637
15931.96464
15802.59274
15926.00442
15984.99862
15893.70892
15603.75316
15791.03449
16000.71547
15608.22801
15813.07209
16031.39196
15848.74221
15874.60785
15859.22641
15788.74175
15703.22118
15792.79592
15576.99726
15892.80673
15682.60755
15658.89120
15698.00076
15906.87837
16039.01479
15993.49159
15939.68879
16101.90637
16190.51585
15773.16284
16061.24705
15984.59202
15793.42914
15863.95481
16006.69688
15812.91365
16138.22999
16012.60900
15821.44329
15643.49041
15790.74505
15608.21230
15654.32004
15819.08012
15679.35002
15561.16333
15776.50899
15602.46928
15986.34243
15833.24671
15744.69435
15718.85268
15932.18491
15851.50148
15972.76134
15804.48885
15810.23148
15688.44472
15925.43947
16010.79714
15904.43611
15726.65453
15792.05921
15797.01781
15642.20734
15796.65005
15829.03097
15739.83192
15574.71089
15663.65766
15842.69587
15931.26819
15697.35505
15566.74482
15524.24495
15656.85651
15550.95021
15966.20932
16188.72847
15810.73846
15915.42647
15810.16006
16026.55776
16176.41234
15826.44736
15869.92337
15694.94197
15905.76284
16050.38877
15917.33847
15753.82033
15678.66834
15579.52891
15792.86786
15641.70889
15834.37932
15515.77507
15649.30259
15755.76077
15891.68179
15654.10767
15907.66191
16009.14254
15857.78521
15944.58055
15873.10087
15909.17121
15703.29333
15688.31402
15742.76413
15882.54296
15924.67361
15981.92187
15835.67411
15725.06958
15618.76749
15926.04789
15929.05400
15841.28114
15998.33142
15986.97929
15870.26876
15711.26363
15635.89918
15794.32133
15670.71315
15735.15444
15848.50128
15718.94222
15585.12731
15786.79916
15740.46003
15682.26322
16045.97043
15939.59207
15824.42560
15862.44133
16003.01498
15971.12230
15592.15796
15355.06306
15909.40585
15820.89851
15832.37527
15764.64147
15531.27973
15558.14047
15774.75918
15748.98882
15974.88255
15879.84088
16047.03955
16058.29351
15990.97184
16009.57543
15785.02418
15870.54231
15864.95448
15778.53997
15879.15519
16196.69674
15796.16370
15667.29103
15876.92777
15995.58095
15830.13951
15994.25047
15936.77754
15984.31161
15858.37695
15722.66072
15724.08808
15527.02035
15714.50658
15960.53113
15876.89370
15683.67545
15940.65935
15676.61914
15704.55637
15764.76457
15799.20219
16051.73352
16010.38115
15886.81330
15803.25993
15735.26115
15557.30304
15645.69259
15835.50257
15779.92150
15960.57851
15857.23586
15854.64347
16059.80451
15714.77679
15766.79153
15862.64801
15630.29671
15789.18540
15856.59661
15835.74426
16044.04224
15646.72252
15516.21214
15644.02637
15855.05876
15991.23595
15809.58660
15730.50479
15778.44368
15818.39866
15901.39048
16008.23818
15802.38879
15906.34295
15870.91976
15930.92961
15917.88734
15882.40100
15897.54859
15914.56894
15790.15263
15579.73255
15775.18009
15689.60273
15848.21796
15981.30025
15912.29733
15526.51156
15766.82402
15798.86179
15901.11436
15744.21935
15868.40755
15789.47227
15942.18581
15716.55999
15720.98533
15983.96113
16211.48796
16137.61697
15700.86648
15679.99598
15889.34904
15765.76100
15909.36196
15645.32992
15565.20499
15755.87005
15892.47654
15969.03304
15889.49528
15825.84177
15587.35186
15565.72926
15785.74453
15737.00216
15934.57138
16112.51537
15872.38918
15769.20848
15917.91570
16021.96612
15950.74606
15759.69944
15692.74178
15674.73352
15653.26343
15740.03832
15860.84967
15866.75997
15701.24574
15642.95538
15761.77703
15777.34400
15733.63978
15779.95085
15637.81648
15947.22254
15723.30115
15652.60401
15692.22797
15673.12967
15923.76703
15742.49289
15865.46126
15977.96962
15793.05134
15651.90605
15697.31174
15873.62203
15845.41186
15786.78613
15702.82276
15469.56387
15703.78036
15699.93143
15649.98239
15678.40582
15801.43615
16010.83902
16006.77611
15857.70639
15523.99823
15585.11801
15736.14439
15936.85580
16030.81614
16065.79431
16020.08410
16013.07058
15844.04833
15807.01344
15869.07673
15679.76979
15698.54823
15721.68362
15872.14834
15951.10666
15867.25263
15774.30817
15753.33149
15567.42430
15704.38175
15715.99846
15934.11936
15755.06376
15890.09845
15880.29990
15887.54615
15648.62947
15700.24229
15510.08505
15703.65260
15872.13037
15756.40125
15812.38787
15839.24828
15894.96755
16249.61791
15840.91926
15626.30096
15978.52371
15748.64333
15620.17350
15578.68499
15562.95657
15807.29316
15673.77759
15857.36301
15834.04230
15841.08666
15791.27717
15627.91649
15609.00006
15656.52068
15855.36750
15848.45149
16068.57817
15860.23688
15640.10268
15879.79869
16003.19394
15858.36830
15866.52047
15947.04095
15803.70799
15802.94654
15940.61307
15826.34179
15731.20414
15805.74750
15614.63887
15509.03771
15560.91722
15638.77206
15851.33671
15932.29747
15843.54728
15881.40783
15724.58087
15843.03712
15587.82277
15728.99643
15729.46365
15843.75019
15762.40288
15913.12804
15868.48453
15849.63575
15549.41884
15676.18320
15624.08890
15850.90544
15858.00995
15849.09576
15881.29793
15799.29945
15958.93381
15947.02561
15566.06912
15733.13291
15718.02821
15952.32042
15726.72217
15856.24152
15802.89771
15800.69424
15920.46315
15824.46075
15849.84174
15893.43481
15942.35166
15651.52730
15891.09636
15883.14399
15824.50709
15751.45844
15749.98961
16058.27147
15932.37285
15730.91590
15747.25508
15942.38083
15821.84777
15314.85525
15615.16209
15843.59904
15686.30100
15713.35418
15795.79480
15677.74700
15828.73508
15768.12233
15994.82518
15941.43702
15666.02991
15840.01515
15842.03305
15657.62186
15588.55395
15667.49133
15670.58634
15906.68032
15807.75174
15648.43445
15455.70671
15606.86711
15774.85886
16081.63207
16137.60825
15938.22044
15777.14265
15737.68142
15751.39426
15737.42705
16027.35885
15906.14392
15850.54621
15661.90470
15720.44214
15662.76743
15728.57501
15911.86915
15703.11858
15485.58673
15424.27544
15745.90710
15724.47208
15784.04655
15820.53918
15873.79047
16003.74142
15982.88212
15799.65555
15870.19616
15915.01369
15691.52283
15734.61152
15961.92657
16013.68378
15762.41854
15781.39424
15723.88027
16050.96320
15779.22387
15684.17322
15564.57196
15834.69255
15997.35734
15818.77140
15974.44441
15790.40073
15915.90974
15894.41598
15856.94937
15679.09598
15651.53281
15621.68475
15950.66090
15644.14843
15684.68565
15897.38100
15971.11267
15744.50522
15696.31898
15675.69730
15801.87971
15645.89756
16006.53226
15878.87561
15828.22176
15935.32560
15681.42475
15863.05580
15880.38940
15682.00683
15594.44020
15928.58558
16012.88105
15699.86671
15655.29335
15519.14779
15547.85527
15706.21218
15768.29394
15651.60556
15619.54962
15657.14376
15799.16371
16074.16453
15909.09495
15828.92814
15759.02886
15651.95982
15649.21514
15711.34528
15658.38944
15679.20477
15606.67701
15664.67909
15815.04445
15704.23568
15755.48467
15898.38173
16152.95356
15789.13462
15936.72092
15924.97972
15883.56046
16040.00374
15738.83329
15614.48876
15827.64702
15821.90951
15859.12672
15784.30696
15936.17912
15830.00028
15820.66358
16025.38265
15926.46392
16029.92826
15954.78878
15652.94985
15671.86475
15696.90960
15888.10807
15816.74457
15832.88026
15717.64976
15832.32979
15643.83873
15494.57548
15620.26277
15753.34483
15914.92936
15888.67787
16025.29001
16085.98168
15837.86396
15858.33012
15740.44372
15712.76665
15822.36656
15846.25913
15921.25980
15880.34286
15826.77070
15800.67194
15694.00551
15969.60795
15782.94648
15709.76212
15763.27592
15800.91090
15892.54961
15749.74318
15975.72565
15627.24343
15680.68504
15758.93853
15960.93500
15946.04414
15976.74768
15893.32310
16029.94089
15937.47440
15967.16474
15953.68011
16065.95966
15740.02776
15863.24970
16019.39578
16046.78416
15713.61029
15862.17335
15929.00014
15661.65290
15732.68434
15909.71371
15835.12566
15688.82379
15725.21663
15881.87898
15790.26825
15834.87941
15891.25906
15949.08384
15572.16183
15680.69745
15455.71608
15675.95440
15827.27887
15804.11869
15765.08651
15728.83267
15821.11135
15631.43197
15748.56830
15835.10342
15897.85314
15930.82824
15682.14687
15770.39808
15918.52735
16133.59616
16055.00063
15757.64343
15714.91360
15865.57149
15842.50609
16008.85955
15903.70004
15992.45233
15901.73136
16100.40782
15860.71742
15703.55286
15702.01164
15832.32369
15725.26145
16111.08753
15930.72414
15962.92021
15913.95488
16025.39277
15781.51962
16052.04585
15749.57738
15985.82155
15912.78131
15908.51694
15721.04292
15880.39186
15747.16680
15806.48705
15936.99403
15991.31629
15806.90554
15752.18636
15824.24176
15779.12682
15807.25360
15962.39140
16072.43614
15680.55873
15762.91257
15871.21945
15797.23189
15907.56879
15835.62074
15626.84368
15835.63649
15954.70029
15760.15309
15748.63426
15686.34881
15666.16903
15859.36545
15924.34081
15807.66157
15658.85720
15668.85116
15653.93390
15717.37858
16058.92547
15934.96183
15929.96958
15795.66755
16116.48667
15981.92799
15663.27316
15647.37585
15684.45580
15848.23425
16059.68434
15814.29008
15839.82404
15990.71263
15880.77719
15831.96245
15765.27747
15857.92043
15892.37589
15963.80135
15862.62697
15946.01742
16031.04394
15831.36163
15614.94536
15825.79655
15849.67759
15869.43058
15695.96945
15805.64920
15830.56115
15723.38520
15738.95956
15782.63367
15772.82264
15582.73814
15782.68634
15751.73505
15689.80849
15811.16555
15814.44479
15753.09222
15954.51311
15950.90660
15835.38904
15785.08360
15926.94370
15883.03143
15546.03987
15308.20320
15640.97551
15755.08502
15926.27552
16025.71982
15706.05021
15802.74220
16124.70547
15968.90462
15805.72858
15799.38290
16046.23840
15930.88033
15966.99730
15816.66516
15863.68343
15757.08817
16039.46377
16060.89102
15993.42317
16076.05931
16098.95069
15561.82860
15641.42976
15793.82654
15874.31893
15796.77368
15879.06398
15946.32627
16046.38931
15972.07917
15852.89766
15525.92456
15728.10039
