15854.27004
15915.76420
15658.03499
15525.03333
15683.90621
15772.59961
15708.60057
15664.80011
15898.84185
15923.16419
15795.10497
15754.10373
15829.42122
15707.39142
15701.58004
16117.40606
15952.58687
15820.15384
15672.40225
15929.74120
15717.26129
15648.91697
15745.83396
15749.40385
16103.10315
16179.58468
16027.18882
15902.10915
15654.86986
15911.12013
16049.47535
15850.99211
15594.09767
15420.69670
16071.34578
16015.35963
16023.14019
15993.93760
16093.90909
16195.71028
15955.34120
15878.86427
15792.27998
15868.54410
15962.03764
15822.46879
15992.19912
15835.12526
16046.65176
16141.17215
16026.92452
15949.31329
15777.50949
15912.67678
15832.05887
15753.38145
15738.86066
15710.61998
15684.53773
15629.90483
15869.57758
15873.90077
15821.21712
15783.92395
16117.21891
15895.08025
15940.09473
15506.84758
15541.43706
15932.36506
15782.68793
15707.09111
15760.90566
15807.65861
15768.35717
15885.37051
15671.23104
15666.69000
15786.33995
15859.60418
15704.85711
15793.05296
15559.18397
15822.23963
16033.92394
16031.74743
16000.82450
15797.76917
15803.45617
15793.89126
15750.35269
15655.93639
15941.93280
15923.57968
15845.27611
15758.37837
15877.40493
15750.29344
15545.21175
15676.19020
15620.82737
15750.80928
15732.59382
15712.17539
15978.62651
15858.02285
16039.56361
15611.44362
15544.06413
15479.55395
15732.11207
15591.23975
15540.21636
15700.02177
15620.20597
15658.49258
15564.26967
15945.64661
15889.00233
15775.74363
15766.03703
15420.38838
15686.27476
15839.21632
15810.20648
15661.54670
15668.07653
15759.75339
15627.96957
15750.35547
15463.68735
15863.21183
15951.78567
15845.71582
16065.10991
15877.06520
15649.00354
15855.62305
15905.42737
15685.99402
15828.17622
15757.67792
15756.31789
15712.64823
15921.73484
15762.34617
15542.16406
15619.51117
16001.95914
15907.19552
15937.02495
15737.02305
15906.21161
15843.75119
15892.43495
15986.95446
15770.10622
15718.21821
15814.68610
16009.18511
15924.58561
15707.01631
15673.39946
15737.89187
15788.10263
15966.60399
15943.06058
15775.11167
15846.80824
15833.50957
15757.75236
15834.88850
16148.43967
15788.23993
15606.23604
15740.75175
15561.53559
15685.59767
15690.78382
15646.05852
15679.93298
15786.90077
15854.78752
15718.36673
15991.76004
15819.28802
16027.22131
16028.70863
15971.46165
15986.72123
15730.19077
15855.97585
15995.27280
16045.48454
15887.53739
15864.17084
15666.73896
15926.68681
15770.62824
15724.53363
15907.52394
15901.82577
15773.21797
15724.32136
15714.14311
15703.03016
15775.50163
15808.62042
15963.37843
15888.08943
15689.30524
15839.60336
15758.37633
15822.35628
15907.15092
15620.93796
15632.56134
15703.80503
15765.02015
15786.57651
15775.65847
15868.89639
16132.63671
15803.16381
15844.78241
15820.91225
15788.84321
15887.89295
15953.70606
15790.43349
15789.50038
15895.75284
16007.02494
15918.56382
16011.95019
15945.11113
15904.30129
15754.39400
15718.37258
15830.70507
15822.50449
15845.66863
15845.07152
15992.14968
15741.81829
15966.71258
15664.40105
15967.42609
16118.03815
16000.33305
15967.23346
15938.13558
15848.51625
15626.93794
15773.39235
15801.91718
15635.06265
15722.94582
15766.01220
15901.75868
15966.85763
15966.63983
15787.04026
15795.48337
15883.00119
16036.08296
15895.52090
15904.84224
15639.96686
15930.39166
16026.92270
15824.76900
15762.86459
15780.54157
15693.05154
15664.29655
15750.02041
15827.51531
15796.56488
15971.33373
16000.16437
16070.29463
15894.84544
15839.46544
15891.30695
15975.00873
15745.82228
15734.67962
15814.36335
15720.72709
15838.33191
16086.25293
15957.13725
15972.59721
15893.25180
15957.62442
15957.92119
15678.44164
15709.82406
15685.78605
15912.92860
15920.17892
15742.21473
15652.54895
15862.35316
15963.77188
15954.20122
15757.05759
15644.62246
15762.62569
15820.05154
15872.41093
15755.66283
15742.84962
15990.95488
15906.09035
15869.15133
15824.13198
15552.21804
15705.80943
15762.97437
15895.20476
16023.83184
15898.85661
15866.60360
15924.96089
15666.88299
15646.64042
15709.79271
15957.00103
15677.71335
15819.40203
15999.22178
15775.52170
15754.53569
15729.57312
15749.30520
15912.60545
15634.98925
15746.81305
15929.02463
15858.13971
15806.72918
15861.63984
15831.80670
15664.18265
15675.87052
15779.15715
15590.96354
15672.73298
15902.11155
15881.13322
15839.95986
15924.54168
15665.65908
15682.64748
15688.36025
15765.92608
15716.55271
15847.18167
15857.81922
15853.95720
16034.28376
16106.30388
16035.38053
15804.25865
15950.18888
15655.82860
15672.52148
15636.83766
15688.28741
15980.78464
15947.41288
16047.22263
15958.13949
16038.61876
15922.24712
15853.05443
15650.19187
15792.02210
15623.30594
15693.30235
15756.98298
15959.32774
15840.58171
15783.50734
16017.94947
16279.54548
16078.91348
15796.71181
15968.60449
15909.54584
15942.25815
16038.28005
15761.59496
15911.90847
15839.56291
15706.44098
15714.77726
16060.93366
15589.89541
15894.25230
15921.44913
15875.30719
15799.13865
15782.68029
15716.17922
15705.25211
15757.84856
15906.35100
15759.64282
15920.30448
15690.70157
15521.69484
15686.21477
15738.53509
15933.30784
15855.75654
15497.76647
15553.47817
15598.88762
15482.70287
15580.02541
15753.06700
15665.30113
15565.98321
15751.04996
15981.61367
15858.40473
15659.02805
15766.17098
15758.13751
15767.58655
15645.38047
15653.03041
15797.88209
15671.66335
15681.97117
15596.15538
15744.05601
15849.11505
15675.55480
15757.75240
15826.12525
15596.14945
15772.91003
15992.81700
15743.45908
15896.34445
15863.33422
15900.14985
15771.61269
15783.52141
15922.08662
16034.99989
15765.97755
15712.71407
15791.57931
15870.72755
16104.57448
15804.11834
15688.00469
15621.49113
15583.46306
15663.07260
15987.89269
15925.39046
15794.19935
15682.33073
15642.16709
15482.13375
15818.06628
15686.36467
15798.83674
15705.58496
15840.23794
15905.93810
16046.42533
15896.21010
16074.94056
16031.87840
15718.00737
15948.19989
16095.35425
15920.33688
15894.81112
15973.28176
16037.60011
16012.50721
16028.50599
15741.31001
16002.01920
15858.45806
15875.41083
15611.92573
15561.04717
15778.57275
15701.63133
15871.89088
15626.13170
15674.98363
15998.95777
16199.29168
15987.74208
15843.73883
15565.46886
15631.78020
15772.35352
15835.65451
15683.26326
15845.42139
15920.79708
15990.58932
15908.52176
16024.76000
15621.88323
15685.65147
15796.94516
15997.12972
15716.30954
15708.14680
15823.14940
15549.80319
15681.01920
15618.61595
15908.38538
15942.83060
15843.89659
15641.04869
16091.10752
15805.48504
15917.39593
15705.35836
16104.33959
16193.01532
15752.08007
15841.17026
15882.48514
16099.75042
15917.37556
15843.74726
15772.71393
16028.67972
15925.92937
15823.62040
15901.35183
15549.79499
15579.73365
15699.32468
15751.23426
15933.10098
15785.07233
15833.36816
15772.25030
15762.68011
15935.40202
15950.66018
16030.11801
15773.01933
15782.15781
15782.73055
15965.50375
15877.14717
15959.84725
16104.98435
16025.20579
15900.98195
15823.25214
15934.22213
15961.96538
15866.50790
15816.00824
15933.98357
15775.03995
15810.52610
16036.90774
15826.84275
15787.51549
15585.83711
15547.32443
15539.09700
15749.58941
15914.31830
15498.75913
15890.19712
16081.93315
15817.26029
15855.97042
15526.33978
15663.54727
15874.83319
15659.65151
15808.61595
15710.94223
15938.71967
15831.36585
15834.11455
16012.09979
15753.82444
15694.18286
15827.64471
16071.56358
16200.20296
16038.70446
15934.88115
15954.64429
15888.87137
15965.81422
15736.40288
16044.72384
15942.78955
15734.53246
15863.84838
16036.99216
16032.46644
16029.05051
15922.83845
15648.84879
15779.09247
15826.35968
15757.57367
15991.55959
15876.56638
15725.06163
15817.44017
15827.72990
15826.69455
15952.60231
16065.57445
15872.69081
15845.65475
15661.80887
15874.24149
15783.14764
15988.27615
16009.87771
15908.27544
15918.16358
15923.80180
15718.87504
15763.12233
15775.62392
15626.79264
15815.51006
15794.96615
15799.67514
15740.97219
15636.19916
15831.91755
15864.58341
15837.94050
15838.33407
15912.45833
15764.09902
15989.69284
15858.59768
15889.78723
16004.87725
15809.85473
15736.13455
15625.31877
15706.33082
15682.39986
15947.12436
15546.16731
15885.03301
15927.93313
15888.21164
15905.49993
15651.21115
15452.90763
15598.30291
15602.59492
15902.22340
15816.13488
15749.18113
15897.58999
15678.28336
15612.50181
15764.47136
15964.93267
15945.61347
15934.01734
16050.70572
15916.70150
15811.54888
15878.33904
16211.53921
16024.56181
15928.86874
15744.45718
15746.83394
15975.81776
15627.92961
15695.10000
15721.91574
15786.23198
15764.59873
15811.55380
15819.12108
15651.35525
16002.95941
15741.30999
15930.24474
15732.12847
15711.88368
15731.56873
15984.74815
15953.18385
15837.33094
15910.14518
15711.86251
15752.54019
15841.16571
15774.41206
15841.15261
15768.52629
15823.60246
16002.49431
15903.84162
15806.99515
15797.95932
15834.41009
15854.97989
15806.26608
15794.90365
15713.25863
15612.02242
15726.05741
15792.47824
16160.68684
15973.49364
15654.90113
15851.95907
15613.51441
15926.95427
15879.09536
15992.00868
16022.44998
15735.52678
16166.36242
16070.40638
16007.79657
15821.14925
15765.69050
15969.53600
15980.03222
15791.35332
15824.76891
15775.17663
15819.14225
15937.01922
16033.92154
15933.84323
15969.57499
15681.45246
15791.98745
15656.88400
15990.60639
15983.21938
16186.00891
15988.91425
15799.65110
15846.38338
15770.46146
15779.63150
15904.27972
15870.67115
15859.67772
16211.89458
15832.68703
15680.36594
15511.62538
15613.53189
15688.51957
15778.21541
15692.86948
15710.98842
15666.15794
15845.17033
15687.53121
15828.66974
15963.82361
15929.22214
16039.63785
16045.21423
16095.92932
16275.53818
16203.27888
15983.96968
15834.10754
15746.35057
15693.20822
15726.14663
15705.09039
15695.02057
15601.30699
15906.56336
15817.01664
15693.02222
15692.93899
15584.75407
16004.19549
15877.38356
16115.03759
15904.53216
15933.12593
15822.08047
15756.89363
15885.99932
15803.65057
15807.01255
15675.36022
15696.18533
15759.71849
15796.36899
15741.91251
15919.70987
15914.23686
15853.43494
15760.33656
15823.20574
15865.42873
15950.92650
15896.81015
15650.56623
15646.09421
15801.68604
15978.97610
15860.02424
15750.69993
15800.46351
15883.78589
15605.32948
15602.68224
15689.98448
15845.68371
15597.01545
15796.71758
15598.65511
15637.33700
15396.36772
15616.41401
15851.92946
15709.98840
15633.71588
15652.88558
15820.46623
15835.67128
15961.12322
16134.26163
15963.19772
16107.50946
16021.38058
15735.68089
15825.66415
15657.79764
15949.12297
15813.25837
15691.07916
15801.01518
15643.42234
15637.46277
15652.54700
15615.29350
15614.23751
15527.58476
15766.15937
15751.78969
15609.62030
15730.26199
15863.17676
15771.92640
15873.28572
15710.90455
15593.11426
15648.44905
15885.66590
15959.60074
15930.71452
15806.73994
15850.54018
15880.87003
15751.20434
15917.48089
15821.36322
15679.82565
15691.46986
15818.87933
15950.10567
16002.21233
16000.91336
15710.79051
15877.52207
15822.38142
15485.95209
15601.66594
15870.70784
15705.48023
15718.87384
15740.31336
15643.61826
15600.78342
15762.39111
15649.96208
15651.72737
15748.64436
15779.89626
15708.00098
15603.50378
15704.45903
15644.88631
15443.35332
15724.86297
15732.23427
15847.31060
15838.04549
15741.67868
15824.04921
15801.76166
15723.92633
15715.79749
15782.38004
15948.23068
15641.41997
15746.04932
15483.81110
15773.46629
15729.96745
15617.96562
15777.42761
15868.02724
15839.36163
15665.35367
15564.47517
15463.16049
15602.52530
15825.95015
15768.60054
15764.31407
15759.80662
15704.81413
15884.20813
15806.06989
16062.54474
16106.16330
16008.80997
16054.40263
15753.28286
15827.89222
15695.04808
15889.04358
15770.18091
15814.52261
15682.88914
15604.38574
15941.21554
15829.61517
16012.25059
15928.29511
16138.61669
16074.49917
15969.54080
15889.23227
15933.11056
15945.99692
15802.89875
15749.25026
15770.94036
15693.39836
15606.77274
15439.83943
15812.77175
15865.86065
15843.15666
15618.66257
15873.79441
15680.77500
15622.50993
15431.82215
15601.10584
15684.07851
15667.08944
15840.37610
15668.29278
15671.00675
15955.51802
15717.62833
15541.40148
15693.00329
15812.98246
15762.29319
15920.44458
15570.27379
15681.78331
15779.70064
15714.79934
15806.08444
15663.69904
15884.81547
16057.14288
16070.13044
15959.04413
15721.58778
15573.15826
15758.53556
15756.10538
15810.03214
15637.00629
15671.49655
15618.78833
15685.60774
15816.02701
15642.36286
15649.06333
15911.89937
15663.46109
15721.48366
15790.69090
15898.43707
15806.14036
15859.24779
15805.00530
15724.67762
15603.04304
15729.94044
15646.08826
15762.27499
15765.59609
15584.42770
15707.54700
15819.24477
15754.78079
15974.91256
15865.29911
15635.42163
15696.59286
15513.73111
15535.22808
15753.11358
15662.19721
15602.36252
16004.25472
16110.12376
16064.18237
15893.60070
15799.12342
15871.74716
15777.06946
15983.68964
15942.97489
15758.83965
15990.65635
15919.53854
16178.88749
16093.39576
16159.48890
15868.91656
15919.31354
15964.32373
16022.13863
15874.05724
15802.35474
15607.85090
15637.40523
15540.56408
15820.59883
15972.57389
15882.55728
15786.96837
15746.09158
15664.44169
15541.16199
15907.12782
15753.46578
15847.57673
15875.19458
15760.08449
15517.03462
15616.95330
15558.84003
15815.61616
15921.63330
16176.28988
16015.83762
15837.76674
15864.94343
15809.35593
15511.24157
15740.01963
15621.92530
15632.20246
16097.19342
16177.13983
15815.12691
15447.80904
15659.84923
15820.72049
15777.15392
15911.18325
15855.90474
15719.11186
15864.67910
15991.39124
16028.67814
15632.62803
15776.49569
15960.44576
15763.72460
15696.46942
15575.26389
15803.54108
15905.55883
15750.76079
15737.02123
16006.45946
15927.39911
15633.92495
15700.68739
15706.54444
15606.09134
15572.90969
15543.56302
15700.47600
15786.78828
15931.39084
15845.74823
15908.39947
15732.26735
15996.88624
15892.02252
15871.73450
15904.75903
15811.98029
15412.82861
15575.47336
15868.99378
16104.24953
15672.27323
15465.44673
15710.31372
16034.96943
15876.74929
15699.95734
15928.26557
15911.91172
15696.00750
15828.16462
15802.60947
15839.46389
15827.42554
15675.99285
15580.85494
15361.61581
15550.93263
15564.04774
15653.08218
15951.99086
15878.65113
15996.51594
15765.48631
15725.92210
15940.20159
15777.57603
15685.80250
15648.82900
15707.93801
15696.28840
15663.53895
15859.12063
16116.60962
16006.34885
16076.41633
15939.95663
15865.50943
15789.21575
15665.05196
15733.15844
15775.49687
15910.73595
15661.28078
15824.16464
15971.86127
15985.90979
15865.96689
15699.05851
15461.99975
15658.20682
15638.50194
15791.25484
15831.21753
16008.94032
16061.04202
15869.88824
15793.36939
15717.50439
15744.28261
15828.89775
15691.89218
15763.31551
15769.00186
15887.20387
15834.69607
15805.62100
15889.63734
15754.09805
15782.50141
15986.45294
15774.11131
15506.32614
15673.64024
15782.64274
15838.97535
15694.27051
15590.60241
15640.53290
15805.79605
16043.34287
15943.58349
15883.79948
15719.68292
15771.26351
15777.23576
15717.59639
15566.82356
15759.85810
15869.28113
16024.43359
15813.91008
15916.47195
16081.29596
15826.85176
15889.42673
15615.95888
15925.83184
15822.19282
15874.99600
15872.02332
16053.90999
16002.16367
15951.16724
15913.90939
15796.15358
15855.73228
15671.95936
15579.66303
15993.40332
15787.63955
15600.35793
15721.80255
15817.28834
15851.20681
15985.67025
15869.58464
15953.00232
15938.69726
15674.39995
15661.97061
15736.13884
15608.39614
15789.60245
15675.47110
15758.71423
15871.21821
15840.25393
15706.57907
15650.47063
15798.76308
15559.39581
15853.70946
15987.61650
15735.38739
15784.88447
15477.33984
15607.24426
15729.45690
15724.86849
15776.70823
15876.73864
15938.34373
16044.10367
15939.97731
15889.65340
15750.40267
15675.36615
15832.10564
15848.85243
15661.58831
15352.73182
15771.65335
15867.51886
15635.56026
15559.92971
15819.99944
15773.76586
15900.67709
15799.60341
15924.67237
15743.16706
15846.13463
15824.67751
15843.44064
16058.60923
15830.62129
15775.68375
15822.07339
15939.43800
16285.45993
15827.87948
15797.66779
15698.87819
15650.66487
15755.92748
15860.58004
15855.38609
15902.41086
15584.63941
15882.09569
15921.51542
16109.10244
16093.81014
16041.60917
15662.28113
15684.25712
15709.39964
15843.01853
15719.54525
15725.70287
15831.86551
15956.29768
15556.02000
15556.98357
15695.35727
16089.77172
15662.12675
15580.76992
15540.41712
15582.37410
15676.36675
15772.94569
15810.64569
15573.39855
15751.40500
15593.80239
15715.59855
15627.55600
15812.31802
15987.49842
15843.85996
15914.83837
15861.59927
15950.15778
15939.85793
15954.27565
16011.96480
16151.25073
15868.03624
15694.75139
15845.53175
15734.79552
15589.79759
15760.82591
15752.79053
15789.12746
15655.01974
15913.63993
16106.11393
16017.73649
15798.03083
15955.46248
15703.86191
15824.01204
15852.55202
15985.12118
16155.21173
15999.15574
15702.89148
15761.40883
15778.63597
15829.16991
15810.86768
16042.99728
15854.23039
15656.76883
15697.83054
15947.33442
15897.72121
15833.90521
15710.77610
15750.59477
15879.02646
16094.55435
15918.18194
15874.94726
15827.79030
15533.58617
15402.78646
15469.87890
15825.15640
15606.24406
15748.41206
15661.46098
15799.82612
15687.97483
15786.21340
15745.45515
15684.54041
15612.19295
15627.08065
15836.74005
15806.08821
15938.23447
15959.43678
15946.09623
15845.93814
15800.20275
15652.92376
15695.56057
15578.92611
15665.16866
15730.53364
15612.82630
15648.11894
15502.31825
16068.54036
15728.02445
15720.79160
15849.79046
16007.93026
15516.58665
15501.86441
15744.45187
15852.38145
15845.12003
15731.12326
15799.84370
15670.70412
15842.96431
15839.71084
15591.45521
15944.27055
15961.26584
15784.92016
15783.28325
15779.48549
15781.13373
15749.75685
15859.07201
16010.33799
15816.73886
15821.63017
15896.72894
15823.47198
15656.98365
15460.52919
15650.51584
15938.44725
15846.47711
15565.11656
15549.35686
15675.35269
15710.88178
15703.22982
15884.69278
15862.16884
15896.37523
16039.06376
15914.92639
15823.33544
15855.56547
15745.67001
15685.51358
15743.34025
15743.94938
15559.21742
15682.15890
16077.20294
15857.80641
15632.71525
15949.68535
15990.64199
15716.23073
15843.91404
15921.06640
15805.48478
15939.43818
15830.37000
15641.75642
15752.54950
15686.46473
15703.12409
15606.98687
15552.61480
15840.86835
15854.32883
15838.25354
15873.32703
15734.61359
15853.98114
15893.94896
15657.09060
16058.74688
15836.69903
15795.72050
15571.20652
15863.01450
15614.73460
15479.22904
15741.58736
15643.69665
15595.19849
15920.02682
15839.39734
16081.50120
15714.40059
15786.59496
15858.92371
16015.96895
15836.21615
15810.67391
15717.39569
15934.13352
15732.14153
15793.28700
15829.64174
15679.39636
15627.50291
15955.03972
16149.05208
16036.27435
15961.36977
15694.75150
15722.00226
15650.40679
15937.33003
15640.12037
15557.91966
15595.20145
15842.77416
15692.62178
15564.10290
15708.16328
15623.15044
15448.34382
15647.69348
15645.90879
15760.80824
15890.60857
15761.09934
15706.51584
15973.09793
15784.24630
15605.20268
15803.58949
15921.32204
16058.35090
15825.91176
15837.86566
15932.38847
15671.78961
15831.05279
15656.29514
15698.14569
15817.84515
15870.92523
15538.30296
15810.68905
15826.70687
15831.97575
15582.26205
15498.95446
15708.02103
15629.16346
15723.95890
15894.51755
15865.92562
15726.23591
15481.68298
15910.87044
15791.31486
15965.55204
15839.73328
15925.09252
15791.40139
15774.45740
15854.41949
15732.66306
15700.80531
15586.93446
15868.80200
15780.58701
15848.34040
15915.62992
15758.38128
15618.70103
15533.17954
15799.92833
15779.50502
16222.35022
16137.56059
15830.04615
15700.03976
15552.65402
15633.20697
15836.50069
15923.09123
15843.40395
15812.12152
15959.50768
15865.52138
15976.28111
15951.95933
16020.86641
15903.31002
15684.36938
15773.02653
15713.32664
15972.82328
15890.31760
15764.19852
15772.49199
15816.16252
15810.12601
15495.68502
15501.30824
15779.81759
15472.18840
15661.78824
15639.89083
15595.43375
15942.35890
15891.14670
15895.89075
15939.01251
15905.49574
15797.20074
15713.84746
15873.60727
15825.55066
15901.94863
15685.41809
15609.25680
15900.68774
16231.39704
16049.52316
15977.64440
16048.82522
16073.61704
15968.95291
15827.74886
15921.07979
15790.06049
15911.26734
15863.26841
15813.94726
15874.21910
15861.30715
15490.31596
15509.46084
15530.12078
15717.79935
15766.47976
15728.17453
15902.63300
16054.89593
15764.38137
15841.68943
15862.39509
15901.70877
15871.99967
15981.44773
15758.39412
15826.77451
15793.10195
15841.50318
15729.27326
15875.96022
15843.20280
15766.19959
15747.20046
15657.56961
15920.63381
15967.96990
15546.78808
15616.74027
15459.00417
15793.82664
15786.65443
16028.90304
16110.33088
16194.91556
16093.07724
15838.93791
15741.34367
15825.56359
15897.87282
15748.51292
15543.92959
15911.82126
15993.74409
15944.28056
15627.49565
15764.36513
15665.33967
15620.07869
15732.62158
15884.07877
15926.60259
15954.67340
16042.36905
16065.41948
15943.12858
15782.64478
15915.92107
15933.25899
15755.93345
15731.06527
15726.74382
15883.90930
15785.92351
15569.79775
15882.94984
15773.88182
15989.61726
15894.54692
16245.07246
15983.02667
15692.60323
15590.85235
15974.69510
15692.28127
15810.36830
15850.42198
15957.39948
15508.18332
15704.53795
15606.60202
15673.35535
15909.70238
15864.65176
16152.18486
15885.75930
15793.70708
15592.11857
15719.29714
15777.72837
15562.35269
15807.71603
15921.05102
15596.96848
15739.52526
15787.78483
15973.89583
15933.41963
15903.92837
15804.91386
15892.61007
15827.05902
15864.93811
15729.30636
16010.81766
16178.71927
15797.50858
15789.74931
15906.82076
15991.80294
15802.39448
15825.84057
15772.50871
15836.97447
15931.51363
15727.22195
15826.82284
15646.70699
15808.74042
15674.83221
15653.80649
15599.47231
15777.13042
16044.08246
15866.58738
15840.50043
15757.28915
15743.62897
16007.07351
15966.31025
15755.71680
15790.86854
15676.38374
15860.50394
16048.76632
15966.47087
16061.43191
15692.97534
15672.46880
15715.23558
15888.46853
15902.26846
16036.84710
15799.93031
15697.50164
15780.01022
15754.81603
15739.32003
15866.99035
15626.89201
15791.65641
15731.74213
15777.96082
15646.59607
15754.68243
15851.60857
15877.12765
15660.35096
15779.88585
15831.92767
15707.92510
15947.92213
15911.22779
15547.04446
15555.70839
15629.87111
15710.25074
15911.86615
15797.29966
15627.66078
15832.43739
15756.78981
15946.36646
16024.01888
15684.84598
15707.51282
15592.06286
15557.43224
15828.31379
15546.31365
15710.92711
15904.19021
15755.60481
15742.61365
15855.19953
15767.43747
15880.74987
15779.93344
15638.14368
15737.44398
15881.61341
16003.03183
15757.55388
15654.59953
15611.20809
15693.34040
15772.79748
15858.12970
15562.99290
15721.80513
15858.83408
15642.50658
15620.45328
15600.67889
15720.45621
15702.22329
15844.71630
15812.18344
15649.73270
15491.22005
15887.63824
15833.36349
15724.10533
15879.70118
15851.30285
15811.76817
15733.88145
15749.56154
15553.80564
15919.14806
15894.08307
15543.82188
15815.88872
15780.59312
15799.73478
15891.57399
15765.86220
15802.13934
15638.16331
15685.40207
15530.34305
15880.62833
15834.60478
15840.38094
15939.63339
15793.53711
15796.06309
16038.41216
15763.90988
15551.44046
15716.25154
15821.11877
15834.81373
15677.78975
15787.95535
15799.91045
15743.02394
15839.56081
15854.37631
15649.27458
15690.66527
16221.45443
16118.97411
16008.69689
15825.09268
15802.01201
15900.53856
15835.46304
15814.13941
16004.92414
16106.67370
15896.36644
15883.46474
15942.58725
16005.10683
15884.52471
16132.87823
15868.36495
15766.25257
15670.13618
15790.06437
15975.05059
15837.48671
15908.70389
15654.80309
15908.56940
16064.17722
15755.36826
15747.48713
15674.36488
15899.72436
16052.06921
15595.83413
15780.48202
15849.59573
16080.02755
15804.16087
15808.55432
15815.36709
15639.73244
15483.08267
15745.11565
15718.16528
15479.89486
15667.88335
15785.94517
15641.41626
15560.76839
15624.71629
15577.95536
15596.29957
15607.04511
15728.45674
15588.51287
15587.72674
15962.20292
15918.96292
15812.82480
15796.44284
15852.75903
15633.02656
15863.26488
15717.19772
15607.96758
15667.35427
15487.75180
15642.59964
15971.71919
16036.84335
16147.34803
15783.28582
15599.01675
15684.63788
15700.62758
15617.95080
15910.26059
15683.35027
15687.10251
15886.09643
15939.57793
16049.53764
16126.15671
15974.92115
15794.99786
15755.56054
15798.82067
15880.34352
15820.78090
15476.25904
15527.26101
15670.77596
15784.60833
15919.27813
15705.20592
15812.23133
15743.63092
15860.59450
15922.18674
15733.00490
15594.63111
15752.00984
16004.36875
15922.49723
15904.00305
15629.13379
15720.37825
15778.52180
15679.57831
15750.37755
15712.00645
15596.35601
15654.79480
15747.20749
15938.39540
15928.95808
15707.27580
15438.91808
15804.86381
15848.24264
15969.76583
15633.90430
15727.92669
15642.74870
15490.65708
15685.11813
15817.71611
15679.00742
15998.72360
15993.17147
15827.31668
15846.26763
15791.63822
15718.96678
16016.67280
15903.11204
15662.20912
15675.96188
15906.40892
16002.19387
15877.91200
15820.81509
15909.67874
15856.96260
15834.20868
15924.78086
15748.16673
15549.14173
15741.66327
15642.70365
15458.78967
15721.16844
15799.12653
15795.64566
15797.35062
15737.99617
15613.32860
15752.52195
15636.35179
15778.74712
15986.33776
15761.76850
15853.55821
16003.70801
15878.43498
15833.72515
15527.73428
15774.40913
15895.09001
15724.52722
15699.30456
15736.83413
15811.09845
15596.17015
15660.99319
16077.07858
16048.94338
15868.22730
15813.57919
15907.47818
15761.55085
15547.88205
15621.02541
15780.95768
15805.18014
15716.63426
15671.90245
15659.97925
15730.04271
15704.65558
15890.20039
15648.88485
15363.09245
15519.86073
15793.54849
15788.95426
15903.43232
15863.99996
16113.13243
16058.80790
15816.84288
16001.87946
15921.55319
15916.19680
15794.11161
15845.77390
15694.49493
15419.68861
15688.57309
15570.36125
15690.53720
15538.44998
15601.37571
15687.30130
15839.28154
15957.67486
15919.21445
15773.76268
15787.09136
15693.45055
15855.44467
15975.22896
15789.81237
15810.66253
15873.23830
15785.76304
15610.57033
15510.07096
15647.80848
15720.51218
15801.25496
16002.69344
16055.42255
15782.59592
15883.04195
15582.50623
15810.56626
15847.14685
15862.36423
15980.02761
15772.49057
15777.66744
15840.65596
15768.64052
15758.43371
15679.74410
15635.96556
15500.31537
15721.87473
15782.96063
15550.18812
15787.27827
15836.07674
15631.43750
15491.57534
15632.99046
15549.36523
15543.69272
15683.16176
15726.40897
15743.65421
15740.59486
15954.26030
15900.32103
15984.00485
15787.18155
15899.24738
15611.50919
15849.78537
16036.34044
15844.40647
15968.27197
16051.90072
15877.11484
15657.10521
15856.75231
15652.02415
15777.67399
15724.56590
15962.89659
15984.07518
16072.77230
16103.90932
15845.10924
15830.30303
16147.71824
15877.95269
15687.10235
15613.15286
15706.06553
15860.27951
15885.12558
15903.57950
15817.89848
15780.21308
15819.50637
15976.77853
16195.86356
16095.98627
15788.36339
15940.89711
15762.22432
15662.55234
15755.04761
15863.11122
15936.13567
15916.30073
15687.23679
15778.33854
15683.45150
15794.78434
15843.86815
16128.68902
15887.92320
15925.45693
15767.54319
15839.65240
15836.14078
15823.17424
15608.44590
15678.10921
15812.44383
15455.04873
15673.55210
15725.23119
15576.54919
15942.73780
15802.80069
15547.79369
15637.99702
15554.66071
15513.29281
15700.55732
15718.37688
15688.60097
15511.51108
15757.90710
15957.19595
15870.77589
15893.36203
15740.74154
15817.87052
15657.25385
15731.94351
15614.96473
15805.20183
15834.37010
15637.03269
15781.38043
15661.41816
15870.43018
15946.99619
15759.84611
15776.13918
15607.10517
16074.21255
15741.87371
15773.15155
15795.99161
15690.99987
15680.29434
15784.18758
15680.89124
15528.74900
15508.55685
15693.41642
15829.02277
15999.49102
15892.10225
15938.33192
15864.53438
15656.51624
15704.80048
15861.58337
15786.97806
15805.07073
15664.02869
15658.08645
15938.74096
15926.52065
15811.98057
15713.12304
15866.86626
15743.50862
15508.91135
15628.82259
15611.45398
15660.53270
15573.89923
15675.57848
15784.09955
15854.53563
15875.74133
15730.23673
15899.43110
15969.57126
15660.05653
15839.89738
15570.41407
15631.23068
16019.53875
15677.57286
15487.56786
15658.90948
15864.00249
15924.77768
15904.92924
15751.35416
15784.15958
15798.65147
15687.53702
15856.49986
15971.37920
15835.09477
15786.72427
15630.55101
15805.34134
15799.77274
16102.00769
15923.44222
16288.76937
16086.04522
15840.21156
15629.87334
15760.29686
15821.69667
15691.56449
15710.98160
15646.60997
15905.69512
15799.45016
16133.27690
15926.20851
15633.52018
15729.10508
15789.71382
15903.93293
15868.25090
15542.46635
15631.17859
15704.52384
15711.02199
15748.55770
16005.19065
15959.40409
15919.11288
15853.36674
15809.07037
15775.96285
16005.54113
15967.92250
15874.32935
15991.55370
15648.73747
15398.81735
15744.34791
15726.33145
15403.77816
15604.76415
15846.53016
15871.84563
15891.33929
15890.64569
15893.64137
16115.84507
15732.73305
15630.42028
15945.92699
15875.14559
15827.45203
15954.78944
15601.40134
15836.19105
15751.87604
15614.90447
15812.19584
15951.15893
15692.45078
15887.56415
15949.42498
15767.01389
15639.56604
15714.46528
15927.91438
15760.61287
15783.26923
15738.90227
15869.41369
15793.03267
15936.17433
15909.16458
15793.86808
15899.82083
15801.04933
15776.48731
15927.31656
15999.27495
15991.19128
15925.10961
15946.80837
15541.41184
15501.53716
15855.59999
16026.43698
15661.94541
15608.84848
15890.06178
15768.51818
16060.73939
16193.81383
15913.56741
16014.41507
15979.19899
15741.74009
16068.71568
16069.96995
15942.38658
15769.11696
15845.31352
15745.02240
15863.01711
15623.58696
15629.30050
15774.18621
15734.77846
15904.99747
15641.79958
15447.77145
15708.79301
15660.13774
15755.74969
15888.59942
15696.62797
16044.11473
15656.55640
15773.95441
15750.73901
15680.61241
15619.64390
15556.31317
15685.27123
15726.63987
15754.43040
16026.52713
15834.24557
15915.80492
15902.12817
15983.60267
15909.73034
15900.57007
15841.17357
15835.93077
15982.93908
15859.74353
15647.55583
15590.00854
15640.33681
15757.44409
15959.68656
16002.52377
15760.53657
15743.19832
15701.48728
15914.79168
15871.25800
15715.78222
15961.18268
16178.10972
15913.86738
15727.71132
15874.44742
16179.41712
15940.78179
15724.23242
15658.20161
15559.72643
15941.17853
15684.72081
15814.84953
15999.93547
15900.64761
15775.88867
15715.48412
15864.84127
15886.43438
15709.10447
15689.32900
15796.18607
15898.22889
15880.57899
16047.72076
16166.10453
16005.41523
15730.22929
15551.65782
15507.63577
15292.34443
15662.75867
15449.93969
15901.08970
15777.55119
15825.45984
15908.29699
15970.80127
15982.52900
15906.33873
15961.08421
15714.33134
15562.56541
15707.50354
15879.67053
15878.89876
15992.21501
16070.87775
15964.69821
15796.06491
15703.96091
15622.38170
15758.70075
15594.47054
15727.03604
15735.15951
15781.47624
15874.12405
15899.40100
15983.90664
15811.52939
15675.74457
15807.37462
15563.25678
15820.05889
15491.47943
15538.82745
15888.91566
15600.26997
15560.52013
15878.62359
15870.77717
15822.27823
15794.76886
15952.44287
15817.91828
15767.34977
15528.35587
15680.53438
15672.06912
15771.21407
15794.81779
15806.17271
16166.82124
15818.13484
15812.51818
15805.89817
15775.60359
15792.73787
15934.11248
15854.59382
15664.18286
15875.21743
15598.55954
15755.41854
15856.72551
15761.04951
15748.95008
15748.09935
15854.57932
15656.52730
15913.91038
15706.84505
15997.21803
15823.51911
15734.01178
15788.09657
15680.52644
16016.29530
15849.22644
15721.99465
15524.03366
15582.91179
15532.65591
15753.21815
15807.34350
15580.47261
15642.70456
15738.62636
15679.31376
15643.26349
15832.52243
15567.53459
15834.09364
15730.99063
15801.89990
16092.08251
16099.93878
15798.91231
15836.52169
15720.61274
15678.07430
15667.06077
15905.95928
15999.05857
15958.34865
16002.45255
15794.38734
16005.82860
15966.99302
15851.46510
15943.10628
16081.17714
15857.24813
15819.34419
15713.26031
15740.06872
15624.03015
15748.02223
15599.09789
15881.00815
16040.91666
15646.64219
15756.22749
15911.37864
16173.60239
16009.55771
16065.44258
15787.18097
15911.17192
15696.36462
16098.05820
15814.78274
15759.10329
15970.27962
16059.12668
15950.44523
15850.35002
15820.24677
15646.28690
16030.04642
15889.40397
15921.44192
15616.83433
15802.79233
15920.68254
15913.68987
15830.60283
15682.09881
15775.50339
15731.24608
15621.04122
15693.84081
15882.08055
15866.60600
15869.52308
15608.28349
15664.01624
15554.34121
15802.58180
16029.14013
15828.54291
15819.78433
15950.92396
15825.04272
15962.98499
15750.48267
15717.95576
15713.40873
15489.05047
15649.87038
15716.93362
15660.18658
15648.95218
15780.93694
15832.35925
15711.56228
15837.92904
15853.83864
15682.88084
15823.22999
15845.77743
15937.93315
15844.90225
15657.80220
15475.09047
15665.97455
15979.73347
15690.97489
16024.69153
15760.15016
15777.23986
15864.73442
15942.05631
15907.42442
15832.86316
15520.83411
15659.82890
15688.56688
15685.22343
15893.44010
15833.34576
15647.00204
15506.67366
15685.46574
15737.09405
15724.25849
15610.87384
15847.60751
15866.62685
16340.08129
16014.09456
16050.72881
15829.37908
15849.35550
15593.07763
15820.30323
16058.05826
15736.97443
15780.91659
15742.86132
15581.51228
15730.71107
15610.10793
15789.87763
15610.11599
15689.75558
15607.60457
15965.76175
16035.91229
15670.53487
15703.73272
15568.08061
15507.46506
15775.29487
16074.55070
16104.20188
15855.80729
16159.34812
15835.64775
16009.11945
16012.83109
16032.90854
15947.52746
15761.06088
15752.05852
15921.49702
15793.31757
15646.82016
15620.33368
15607.41312
15660.96725
15619.43461
15737.92492
15586.47169
15961.08499
16078.92086
16037.37610
15826.87200
15858.28096
15952.25408
15695.74802
15745.76346
15800.50698
15771.70284
15906.31278
15864.79394
15664.97343
15592.41330
15861.41731
15847.42763
15832.62430
15941.35959
15752.68083
15628.20469
15841.38326
15706.61785
16012.45348
15848.08834
15726.94569
15716.30822
15732.72453
15695.95655
15609.37188
15756.98888
15843.38808
15686.40788
15970.12832
15787.31780
15760.37697
15788.46832
15791.22070
15839.56541
16135.49306
15784.30825
15783.20919
15934.52352
15832.67515
15887.63472
15748.84756
15684.46480
15798.96159
15972.71413
15789.45643
15731.01560
15694.74666
15970.51569
15774.83496
15472.54532
15924.80221
15877.29465
15760.37365
15854.89991
15877.85497
15645.62936
15887.59155
16075.80852
15878.58826
15869.34879
15643.63446
15591.42756
15635.92984
15732.42889
15624.65178
15754.31231
15691.59913
15653.58884
15717.56280
15987.26802
15792.45393
15765.89279
15578.81909
15805.23099
15685.10724
15812.45905
15902.54636
15637.97230
15685.04846
15713.87592
15818.53591
15719.17756
15924.99111
15901.33353
15992.78378
15583.58236
15428.01471
15821.15722
16120.51668
15759.53651
15853.28230
15872.64204
15724.92348
15836.37990
15780.14664
15735.90444
15927.44525
15761.32980
15644.85043
15680.25866
15822.59064
15614.30876
15740.25103
16049.42962
16012.84109
16020.78825
15889.59797
15866.48133
15581.17220
15631.69225
15645.85573
15971.55527
16219.86718
15973.48634
15974.98986
15853.60855
15738.45583
15788.37558
15629.95376
15814.20435
16011.12028
15851.09913
15785.87923
15618.93959
15635.76727
15705.34759
15857.93777
15695.91138
15602.35134
15863.00086
16074.63692
15989.98261
15974.71859
15924.10447
15864.00742
15726.99601
15645.45461
15590.93617
15570.36236
15361.72099
15823.93420
15626.73283
15786.21256
15668.12298
15741.80351
15624.91092
15721.51533
15524.01731
15719.74464
15899.41401
16002.97547
15977.75681
15903.37916
15771.40457
15799.61979
15611.39909
15921.93419
15928.11906
16102.65052
15862.10101
15783.56455
15655.18337
15892.55059
15734.69162
15731.20400
15926.92003
15735.22735
15656.65367
15632.84569
15978.94910
15741.84978
15654.65677
15796.66271
15938.27266
15865.50611
15754.46386
15779.72931
15978.80738
15883.99536
16074.71377
15937.76409
15746.79899
15837.78006
15837.89842
15728.19876
15684.88951
15790.87749
15684.75010
15670.19347
15723.87378
15746.59279
16031.82386
15857.15977
15925.35785
15857.66388
15719.89348
15679.80397
15842.19427
15875.30595
15849.36577
15843.81263
15622.53146
15492.28134
15845.82565
15736.10568
15771.88710
16037.25908
15911.71346
15878.89549
15849.47317
15731.91384
15837.79337
15769.19767
15714.81438
16000.82459
15808.24808
15709.28710
15948.74726
15784.53207
15824.48619
15943.50373
15947.26771
15800.43977
15774.87094
15925.60003
15644.34311
15888.53930
15802.68807
15977.91321
15798.12141
15813.22449
15606.25567
15836.89338
15866.77926
16027.37910
15918.02340
16052.17737
15834.29662
16004.81502
15909.81644
16046.54986
16116.29214
15925.49115
15893.79951
16056.66002
15651.94132
15872.06687
15817.98190
15873.68845
15508.38216
15653.10501
16001.24137
15764.64899
15776.17771
15679.17423
15859.41939
15830.51734
15802.76445
15619.25239
15722.93554
15974.50050
16242.22343
15772.62534
15680.55227
15845.12809
15671.98760
15585.27084
15919.43078
15883.89392
15919.80876
15868.77294
15770.83495
15771.21263
15736.24346
15607.85023
15676.09967
15731.92861
15560.09932
15800.25370
15853.27539
15942.35619
15845.68668
15911.93790
15889.39815
15919.43298
15895.38530
15793.89211
15861.37031
15747.27934
15936.47145
15917.77584
15699.11376
15679.69174
15627.74731
15723.60940
15974.86734
16044.89361
15968.99795
15826.55036
15788.24894
15932.00072
15780.83988
15812.95369
15768.41117
15772.67373
15998.46889
16071.79523
15915.51801
15829.33293
15699.25148
15817.54653
15683.12085
16027.04257
15603.87982
15795.12588
15639.82282
15808.27318
15968.50397
15747.11412
15926.59549
15784.38008
15938.89616
16122.99678
15934.80754
15915.39706
15881.87281
15947.66463
15926.15388
15706.51705
15716.42792
15801.24932
16076.41764
15758.97914
15738.74556
15851.98019
15557.27552
15690.89363
15947.46841
15760.45765
15971.78695
15832.44475
15850.83983
15780.01415
15790.08551
15682.14009
15728.47059
15689.68106
15787.94849
15787.21869
15808.54623
16065.86635
15755.88837
15632.77816
15926.24854
15789.40072
16004.95169
15980.20621
15847.92689
15735.81668
15761.18541
15851.29475
15828.47508
15814.51768
15583.66155
16068.82133
15891.88935
15822.51945
15596.72059
16231.90174
15934.20122
15890.83015
15899.00316
15938.03768
15843.07880
16114.37100
16139.16929
15782.24999
15775.88857
15656.93930
15709.07150
15940.80990
16005.21828
15916.04897
15670.38490
15533.61627
15569.52864
15862.09587
15703.07566
15902.38375
15684.07696
15800.66370
15891.96043
15808.45848
15632.86956
15769.03763
15663.92806
15894.17069
15775.43152
15660.82691
15603.80216
15722.85341
15800.70434
15817.00252
15884.22895
15849.51114
15790.14022
15732.11302
15925.52549
15774.48504
15774.62278
16011.29780
15708.14164
15752.44422
15650.97809
15862.36031
15810.28135
15882.29881
15791.27877
15848.96628
15848.95543
15662.27458
15737.30476
15728.42122
15895.04149
16111.40616
15835.33787
15603.21503
15811.93536
16012.19195
15712.17740
15845.35057
15895.32966
15754.30786
15894.32484
16144.91237
15949.00453
16186.24104
16220.32268
16021.64600
16105.80714
15933.64765
15864.55732
15996.62884
15911.49926
15678.68807
15561.95575
15702.39501
15547.59711
15699.69705
15731.13086
15713.99651
15938.03253
15824.38035
15896.51799
15576.83765
15635.87524
15607.63924
15735.09401
15698.42763
15721.19712
15778.28496
15738.37330
15888.56439
15667.00453
15708.72714
15890.57101
15966.47128
16181.02516
16055.83148
15974.58556
15763.74515
15556.61431
15667.14929
15574.08331
15446.55917
15886.68441
15767.13554
15849.88289
15811.19511
15844.52689
15954.32893
16032.66879
16389.43391
15953.49243
15940.90644
15949.20485
15725.52428
15788.45269
15858.52789
15812.17539
15534.72045
15555.28753
15672.27770
15788.79449
16050.15975
15958.74768
15930.53491
15603.80047
15803.53716
15828.72905
15719.48287
15762.31158
15735.40997
15509.73039
15626.20012
15759.23148
15828.12211
15833.95450
15948.46699
15865.69145
16017.67395
15850.79745
15729.96905
15788.07266
15715.90885
15628.39808
15751.52755
15854.01860
15641.08615
15586.73563
15644.28600
15634.14395
15736.20028
15879.06479
15875.35103
16070.37846
15742.18470
15753.84493
16006.81770
15709.52430
15838.99799
16018.06254
16061.69071
15651.36052
15817.91662
15763.67426
15939.81763
15903.79881
15903.11025
15737.61921
15826.10489
15615.59049
15782.07629
15689.66678
15590.39262
15630.04453
15917.69981
16036.37645
15917.52266
16094.96607
15947.82359
15934.06040
15777.12509
15710.38827
15759.51633
15819.36214
15765.73766
15592.59669
15543.66050
15788.60683
15962.75902
15798.34852
15796.81687
15819.53712
15596.25366
15442.36362
15594.70247
15955.13566
15838.47790
15978.54752
16003.75759
15903.03267
16109.35320
16230.00572
15793.11105
15851.39766
15848.56148
15748.00371
15936.84691
15784.55381
15883.20194
15600.36553
15586.32186
15720.56927
15669.04689
15794.26359
16054.77891
15901.92307
15686.59755
15257.65709
15479.69953
15761.98231
15654.72395
15833.21945
15771.64822
16016.32059
16014.27851
15805.59176
15747.50537
15788.17354
15804.25492
15866.77141
15853.50553
15894.19174
15994.28135
15945.87689
15920.70340
16001.43353
15915.75907
15976.41259
16226.12105
15947.66373
16023.00479
15598.67576
15604.91177
15965.20932
15719.76424
15700.17406
15997.79541
15693.80191
15475.98606
15648.33468
15767.44426
15564.93403
15924.93245
15575.00679
15787.79315
15917.07330
15778.92556
15945.89766
15908.93788
15610.24134
15853.99981
15891.08563
15809.88941
15656.97731
15821.88641
15787.20654
15668.21719
15843.55322
15653.11886
15776.41563
16028.39164
15801.23952
15900.94459
15647.69126
15649.73745
15682.34848
15740.21342
15500.15930
15785.09227
15735.72078
15975.69492
16017.68362
15948.86091
16011.26850
15875.86661
15729.61765
15670.74595
15818.49973
15888.89449
15980.84102
15881.64810
15782.23497
15950.02542
16015.69531
15612.18322
15677.04403
16089.12803
15783.56374
15782.87569
15816.68127
15834.78554
15849.56270
15794.28471
15856.00452
15974.80261
15849.41827
16120.63000
15998.98879
16163.10487
16078.12771
15674.85972
15449.52426
15885.96371
15967.95713
15767.41175
15797.80575
16085.88357
16040.22123
15765.62343
15723.92803
15579.07788
15792.27064
15615.45387
15746.33699
15568.06741
15845.72630
15988.51028
15828.57277
15795.71981
15860.52486
15700.65527
15868.32839
15824.48085
15820.50330
16042.49209
15681.47950
15593.96922
15719.23268
16008.02492
15743.96123
15692.18795
15742.77087
15650.76722
15699.10129
15832.53756
15713.91678
15674.52606
15822.16958
15910.80706
15855.27006
15682.59232
15841.71998
16027.21383
15856.47266
15762.60846
15878.07054
16048.05344
15908.68806
15865.63723
15823.23830
15924.26555
16151.81766
15968.68911
15708.80473
15820.52594
15782.85433
15577.72585
15855.31239
15829.29658
15995.84102
15646.78219
15828.77434
15859.90306
15788.47670
15941.86858
15934.20708
15555.88343
15631.58357
15630.79615
15753.88503
15795.60575
15889.63920
15983.30570
16037.71541
15810.34431
15837.11091
15923.18480
15824.06523
15601.08113
15649.20831
15613.04415
15784.67188
15631.50971
15765.97208
15826.79971
15949.12284
15806.10657
16057.92515
16087.59988
15791.05465
15792.80094
15930.84563
15618.04357
15739.40913
15747.00013
16055.39469
16107.28706
15988.11153
15749.57148
15520.12387
15864.75086
15791.36399
15673.48903
15744.88800
15782.34502
15812.46690
15632.88973
15529.60716
15677.53719
15662.17704
15775.81124
15840.81975
15841.41288
15515.76392
15711.17389
15801.14471
15842.48781
15818.08128
15698.62806
15660.38339
15874.68848
15853.20320
15937.22181
15912.78630
16170.47832
15908.62676
15853.67109
15815.19904
15657.60503
15914.58236
15575.55212
15539.22861
15710.56830
15764.96390
15789.23745
15949.41351
15960.94898
15993.00893
15992.80504
16092.93324
15845.61574
15833.81268
15652.26557
15778.43425
15711.85334
15858.49061
15870.05402
15886.70372
15824.42796
15503.45039
15768.60294
15655.15999
15845.22524
15736.11511
15601.31737
15884.18645
15917.29130
15930.94633
15692.51332
15744.47755
15896.75692
15720.79719
15834.73369
15783.79794
15754.54055
15658.25088
15922.43345
16000.64354
15980.23504
15938.57065
15852.14494
15860.88308
15792.26972
15981.62287
15915.75832
15761.41611
15788.19428
15743.23918
15835.83093
15852.44628
15833.15630
15984.46172
15738.91944
15771.21276
15918.67714
15967.79222
15734.45958
15892.36035
15777.83735
15844.82552
15877.95441
16071.19071
15983.04977
15933.74667
15780.69291
15870.19197
15807.70651
15702.20566
15873.13931
15826.58244
15743.35940
15843.77762
15878.07509
15768.21640
15826.32169
15781.75276
15613.82092
15778.23607
15683.33630
15676.36753
15919.22651
15560.28584
15800.99034
16015.08743
16131.96797
15943.69631
15707.09459
15648.98300
15879.21887
16144.96145
15987.63717
15701.48580
15694.24661
15807.17462
15916.67339
15803.36187
16165.20755
15826.11412
15671.60303
15754.47737
15763.09405
15687.45933
15816.79570
15758.50561
16094.85849
16133.98899
16028.02910
15839.40526
15893.10839
15964.27589
15758.77056
15649.83352
15866.63687
15766.07507
15613.21271
15680.81777
15744.64986
15833.71161
15777.94382
15703.48971
15698.58785
15782.50000
15830.61043
15883.89664
15775.97331
15806.26110
15841.06302
15785.26092
15693.53900
15760.41472
15626.78634
15839.20150
15674.75697
15821.52594
15785.10553
15884.99691
16158.61695
15976.51049
15988.08318
15850.94297
15772.72214
15753.88677
15673.97422
15744.58678
15859.56088
15920.85269
15912.14430
15620.69269
15626.57219
15785.36985
15540.75895
15493.22794
15666.99299
15732.33990
15551.86115
15881.34336
15888.17751
15910.99014
15933.14008
15902.08901
15424.28304
15632.55911
15625.36966
15830.74897
15698.37631
15608.93444
15908.36614
15973.07392
15638.50394
15631.12223
15837.16753
15797.95048
15812.80645
15678.34340
15742.33484
15889.69212
15990.47668
15617.80460
15902.36233
15712.71667
15597.87693
15508.93915
15951.08315
16045.11254
15645.30636
15983.81246
15769.05460
15998.93897
15824.53925
15831.44687
15690.91101
15726.09885
15936.40020
15747.78932
15595.01670
15711.34855
15873.42236
15813.97750
15994.45909
16099.59312
16056.65127
15858.74408
15949.85089
16196.10859
16100.10790
15873.33822
15639.07139
15789.04462
15861.80174
15792.71872
15622.14644
15836.29793
15890.64047
16005.21453
15822.57702
15855.30020
15612.15001
15948.78723
15803.41844
15538.26219
15897.70792
15922.10020
15924.37092
15961.48509
15963.63872
15699.66096
15496.13238
15611.74562
15810.69207
15698.21527
15801.25275
15825.21274
15675.94196
15836.09708
15512.07789
15720.17963
15939.12431
15801.85721
15856.13081
16001.32241
15827.10734
15640.12097
15862.99486
15664.05662
15714.65875
15888.98585
15796.16418
15670.80769
15414.93730
15523.62400
15542.52178
15647.76696
15775.90614
15675.30145
15829.66087
15769.49838
15564.20112
15807.47691
15646.74551
15805.65568
15865.86930
15722.58693
15681.15027
15758.72914
15831.42111
15814.57272
15794.23408
16189.43991
15944.95867
15514.05348
15530.42283
15606.36490
16018.37620
15797.78176
15755.86344
15713.31928
15755.79440
15915.35960
15895.47584
15801.74680
15874.69986
15822.90311
15765.93979
15821.52565
16087.92376
15924.97706
15990.25345
15997.44736
15798.95445
15550.61022
15577.78967
15858.70992
15559.10620
15615.51660
15716.21799
15838.06637
15711.26319
15810.07992
15752.22978
15525.74078
15583.73701
15630.82034
15474.46068
15539.64567
15899.66061
16121.55291
15858.21081
15736.48804
15588.21627
15856.44959
15754.59448
15626.09011
16007.42997
15792.63062
15511.31352
15971.87626
15897.46271
15746.02733
15679.41887
15665.35653
15775.49053
15901.55791
15769.23434
15896.54663
15710.21430
15979.08430
15843.60479
15760.60325
15768.80136
15824.10529
15542.02909
15743.68986
15928.96356
15979.92974
15793.59815
15802.15421
16064.42462
16031.48124
15911.78030
15729.96168
15658.41030
15811.43628
15864.17583
15770.10070
15720.84911
15961.02210
16048.48138
15825.88951
15737.43294
15743.27724
15900.10603
15992.34252
15934.24931
15982.81146
15772.84405
15670.02494
15585.03644
15727.59832
15725.16691
15616.08899
15723.77328
15684.43558
15741.57718
15693.46452
15915.43959
15863.00514
15795.80929
15761.71649
15566.22109
15697.63463
15741.69297
15889.24650
15619.84759
15840.98839
15607.89141
15699.89141
15758.45362
15893.36959
15996.42939
15897.32196
15791.09809
15810.58893
15698.38638
15593.93835
15582.24908
15589.83179
15678.52974
15911.55157
15974.13275
16057.39743
16038.67515
15941.62841
15629.85398
15634.29598
15620.16238
15929.33443
15962.63972
15734.26961
15689.75350
15834.38826
15875.76500
15727.52526
15675.04236
15834.71963
15820.43056
15756.32972
15816.47206
16123.00126
15915.52329
15793.60696
15795.08403
16058.15025
15917.04819
15765.21303
15701.51329
15892.09208
15909.09028
15817.99207
15683.01487
15918.11936
15862.23844
15989.57894
15974.70018
15812.45467
15769.37180
15597.23103
15666.77125
15766.50888
