15349.88167
15267.10542
15240.58536
15183.37872
15048.42196
14942.59116
14961.59543
15116.23078
15038.37698
14992.76171
15072.60243
15190.53584
15255.66701
15261.26982
15228.88249
15249.80506
15206.03684
15331.14532
15260.17325
15378.71185
15354.75165
15196.89198
15113.43111
15284.75890
15241.27976
15347.33441
15380.44846
15446.02742
15357.68747
15430.17476
15358.47220
15437.18295
15264.59241
15298.23344
15336.53346
15176.95729
15427.39391
15362.37965
15243.74527
15296.60311
15207.99520
15335.24210
15271.18058
15073.71861
15234.94992
15329.26844
15245.24932
15348.18160
15421.72323
15416.00488
15332.94129
15356.15527
15307.30253
15277.45292
15338.60575
15147.96742
15073.09030
15162.18982
15287.88534
15451.80537
15471.99176
15506.21657
15492.32392
15358.96667
15364.24811
15485.44844
15405.28653
15222.82652
15116.01836
15134.74545
15197.28390
15107.70002
15090.81220
15245.53976
15208.50542
15283.52028
15247.44395
15127.36822
15230.24923
15303.22369
15326.75078
15175.50975
15302.96852
15342.53420
15334.50504
15360.69440
15432.42546
15316.35267
15430.73057
15336.60286
15332.08202
15331.13531
15361.02333
15569.59774
15510.04146
15515.89932
15486.47172
15474.76430
15475.73978
15428.24828
15556.59235
15529.03153
15501.92514
15584.41084
15527.04985
15322.65032
15388.28388
15313.85779
15386.65941
15338.19534
15413.55916
15346.64229
15280.18971
15290.58486
15220.08655
15246.42700
15105.73928
15108.81450
15178.13218
15420.22589
15404.40303
15316.18476
15346.81466
15356.55265
15292.50295
15455.75360
15442.17403
15331.24141
15158.78347
15176.35217
15204.30557
15315.98826
15384.48762
15347.64966
15337.02369
15401.58305
15419.52726
15489.19168
15451.39399
15467.82568
15374.88635
15249.82991
15239.06119
15257.25256
15226.13634
15227.06056
15158.03994
15206.91598
15302.60130
15158.69959
15238.34030
15220.14976
15168.56224
15147.63484
15083.16706
14974.84528
15186.13515
15365.73595
15293.62643
15289.42960
15291.11624
15217.05681
15385.62749
15426.45331
15377.98275
15350.72403
15346.34739
15430.13330
15325.03687
15293.54517
15208.32532
15247.33926
15358.80543
15397.27317
15358.02662
15349.88608
15324.16132
15322.85232
15357.48871
15331.06366
15327.39843
15308.09221
15217.39674
15299.72747
15219.21854
15162.44789
15316.35993
15317.42001
15295.37920
15343.87207
15359.82786
15523.48047
15553.45226
15570.86125
15502.48381
15586.36188
15598.06036
15346.28534
15400.38673
15282.04701
15300.36775
15213.89605
15269.02061
15325.92931
15390.67307
15277.81119
15384.06547
15332.78905
15361.36862
15460.12467
15436.52387
15313.27791
15586.50943
15654.54488
15667.15273
15675.19361
15675.12880
15754.88015
15716.77571
15583.41961
15502.58456
15540.93903
15514.60251
15579.52807
15372.59500
15419.30817
15474.54592
15455.46682
15471.78858
15542.38964
15564.68169
15503.84506
15371.69895
15381.28459
15381.28205
15434.19347
15531.54621
15478.87391
15562.22164
15545.06349
15542.79881
15519.50358
15411.28472
15327.19401
15243.35134
15262.66793
15418.37491
15483.84719
15242.49283
15411.82258
15219.47996
15055.38373
14963.40561
15131.67237
15202.87930
15327.71231
15287.38347
15253.46559
15246.96131
15176.80918
15136.10833
15251.99347
15269.63117
15203.65986
15258.28213
15213.54465
15158.82036
15193.66446
15219.56537
15175.16011
15131.82862
15187.58093
15092.85153
15070.14390
15156.54428
15222.96003
15175.67310
15101.32743
15283.75080
15388.97985
15442.57019
15460.03620
15316.78583
15265.50358
15241.54676
15327.20877
15334.28398
15225.54780
15314.70460
15335.66532
15309.73891
15180.81096
15327.58830
15338.76270
15287.46223
15277.30925
15207.24023
15244.78031
15315.14272
15251.62971
15103.08574
15091.06388
15141.17325
15164.64373
15305.33725
15363.22974
15328.88730
15388.81755
15203.59100
15421.73566
15389.78622
15371.55670
15264.86885
15205.98950
15145.08720
15086.25943
15179.55558
14997.86309
15023.16086
15090.85300
15008.25529
15085.68031
15065.32826
15266.94285
15256.70466
15173.48525
15034.22601
15170.87753
15083.00219
15100.60099
15073.21507
15069.69217
15017.80160
15052.22090
14979.34213
15019.98343
15053.26773
15145.39814
15133.44642
15152.99675
14982.03983
15110.98148
15224.65868
15245.01184
15183.70401
15297.74284
15266.73972
15244.70530
15090.45455
15164.03837
15088.80859
15048.69197
15289.58141
15345.41918
15354.69073
15420.81455
15478.15908
15506.72385
15656.80241
15521.93914
15745.79077
15712.44165
15572.98325
15402.13829
15318.48067
15367.54276
15378.56301
15330.47312
15361.72854
15465.19136
15461.02203
15458.99485
15285.97429
15234.42214
15194.41566
15250.51471
15291.86070
15308.79616
15290.17842
15191.35783
15254.02794
15291.91732
15187.53269
15338.55471
15284.70932
15255.62038
15390.82113
15343.54782
15422.13912
15426.76888
15368.99410
15492.27274
15371.76082
15445.20933
15465.34435
15375.89282
15268.42473
15262.91683
15275.64912
15338.02936
15363.04222
15387.44952
15312.46666
15380.34279
15435.08068
15604.74958
15789.32176
15605.99730
15573.23996
15497.38832
15565.31719
15336.99644
15293.97307
15475.87655
15380.30730
15460.80072
15296.82206
15389.99172
15415.49578
15384.60972
15406.00387
15406.72939
15371.65546
15444.51705
15593.20064
15666.78876
15595.65911
15592.17140
15332.99160
15319.12060
15353.31092
15285.44164
15423.48073
15350.09090
15389.35471
15321.25437
15308.67071
15176.90110
15154.41199
15129.61713
15258.96125
15249.89902
15391.15162
15404.89715
15454.59494
15443.35920
15332.46016
15345.62279
15309.57685
15478.17707
15372.99284
15298.63236
15284.82054
15068.62619
15144.29306
15094.97530
15062.22771
15290.29732
15213.96367
14938.19036
15088.23798
15195.78380
15365.46016
15341.74225
15445.41037
15489.12266
15337.92844
15299.59839
15352.06324
15402.64348
15500.85063
15254.21766
15316.72150
15326.01490
15301.09951
15275.03030
15272.33069
15248.72277
15293.74134
15303.56015
15277.80840
15265.67094
15278.53178
15203.90746
15183.02052
15153.87514
15100.96846
15126.85197
15162.86144
15179.40361
15142.30287
15162.45523
15143.16186
15319.99391
15222.81983
15164.73419
15095.00445
15105.59118
15223.24152
15190.64606
15152.18938
15258.45141
15339.95443
15531.84530
15442.38127
15390.23125
15317.67564
15305.62436
15212.18946
15241.98517
15164.22085
15093.34897
15079.17401
15036.11452
15045.09788
15190.87212
15017.42358
14982.77664
14916.37231
15117.50294
15091.56828
15155.10877
15217.89112
15237.91272
15207.98879
15175.20776
15143.38562
15123.36892
15128.16148
15146.88908
15200.89779
15374.87874
15321.25254
15346.43195
15309.67146
15266.48946
15296.06885
15181.10182
15378.45895
15334.09824
15472.44107
15608.84312
15576.05777
15676.59795
15582.69129
15630.21683
15662.07406
15479.69197
15255.00366
15299.20448
15167.71223
15146.04755
15201.84982
15257.17581
15240.09139
15257.03900
15185.66445
15153.31602
15183.17531
15216.94828
15303.66926
15246.59890
15230.66731
15047.98625
15178.74029
15228.34359
15197.98966
15131.84079
15272.48687
15131.26268
15161.52642
15199.55487
15257.32728
15251.50689
15114.46341
15205.26299
15112.82874
15157.85558
15195.59711
15313.85389
15325.05605
15233.62902
15390.55920
15543.57037
15309.41548
15350.64055
15440.61585
15306.26958
15435.85516
15617.91220
15357.70063
15511.70839
15489.88119
15496.13391
15397.54728
15273.27270
15301.08722
15173.93500
15322.62981
15329.82172
15260.66132
15160.92977
15228.22516
15289.60087
15304.99409
15467.53305
15385.91355
15441.01193
15302.75868
15201.12423
15312.85642
15427.20941
15463.23619
15402.76012
15524.76939
15474.73869
15556.68005
15522.16963
15525.70428
15652.73603
15815.18628
15577.60472
15478.50457
15554.69652
15524.79374
15682.83627
15660.63235
15735.36309
15613.43764
15740.16237
15611.10172
15352.55149
15446.58148
15478.73307
15513.45570
15601.08509
15552.02204
15489.50996
15501.78551
15372.72316
15515.76277
15249.16652
15293.55537
15349.99127
15532.39759
15325.67912
15426.14165
15210.74354
15335.99239
15227.49230
15409.71397
15451.83238
15398.68453
15368.00171
15294.58648
15393.94936
15299.00987
15243.40158
15234.38822
15257.09567
15357.63495
15368.44798
15288.91724
15244.73513
15203.26898
15268.25820
15173.28548
15121.94620
15291.75899
15360.02426
15399.31209
15433.97919
15427.71957
15394.75626
15606.56660
15414.17841
15464.65300
15143.90641
15279.95734
15132.50516
15134.53335
15217.27704
15177.31190
15105.78224
15194.69869
15206.80852
15195.61393
15296.59980
15280.30807
15245.46444
15088.83551
15219.79189
15169.93166
15127.91538
15176.60860
15247.21951
15269.16174
15332.61481
15388.39385
15316.98766
15343.90017
15298.12024
15354.18778
15418.24367
15362.36327
15355.57539
15460.74597
15319.33999
15419.41529
15287.60419
15308.69811
15465.01834
15480.67562
15510.34620
15426.91664
15387.11374
15317.38177
15264.63915
15237.83211
15279.25842
15329.92496
15309.15029
15482.99059
15449.12115
15462.44854
15267.37824
15309.65951
15283.25598
15292.09284
15175.89026
15157.10495
15175.11512
15270.88567
15238.70355
15269.81237
15120.99430
15045.97712
15140.86996
15237.41552
15216.01803
15329.91431
15237.54923
15279.61442
15170.85431
15310.16533
15447.31552
15467.74460
15533.73702
15402.74347
15486.57800
15520.88534
15386.79224
15449.24244
15501.97186
15571.88023
15557.47595
15369.24436
15289.28011
15241.62955
15311.87817
15448.76891
15506.98975
15360.50928
15503.83709
15432.42956
15366.84528
15428.56185
15544.91196
15496.92403
15488.27618
15367.44395
15350.77827
15352.71373
15360.33008
15282.41052
15401.79682
15425.88232
15265.19383
15246.89376
15241.32770
15060.34933
15177.00353
15263.21383
15381.00021
15461.86673
15470.61694
15375.82276
15512.03173
15421.88387
15535.29093
15497.08970
15384.81993
15185.79655
15072.70567
15055.54378
15005.56630
14998.11945
14954.72629
14916.74493
14960.69766
14966.63063
14873.32341
15143.72480
15132.97721
15026.82117
14949.29695
15095.85959
15178.95894
15191.62764
15327.45525
15392.29932
15282.75006
15163.55177
15150.28909
15158.51980
15235.64192
15180.54285
15022.09003
14935.38273
15084.51213
15172.34291
15285.62182
15056.51139
15023.23211
14952.78921
15035.44974
14955.51519
15103.35575
15048.95201
15099.95908
15120.02504
15090.68566
15278.77410
15231.08146
15231.63426
15210.86486
15223.54436
15204.95612
15244.87431
15323.06015
15259.98845
15192.43948
15008.45466
15223.36601
15432.98313
15408.37424
15245.61299
15486.77210
15467.95695
15365.40881
15270.70432
15234.83939
15402.88137
15345.10740
15438.27155
15200.47884
15240.21506
15194.24308
15342.97260
15535.04377
15505.28331
15404.01873
15355.53873
15408.64502
15339.06187
15281.71571
15309.94148
15244.88163
15181.94689
15201.81385
15273.13808
15205.17955
15323.18994
15431.80147
15359.29069
15318.42578
15352.90626
15136.49725
15134.52525
15170.28584
15313.03261
15338.07049
15279.16426
15207.35889
15345.35332
15281.44539
15212.65078
15319.37028
15317.07008
15341.20896
15431.33829
15405.24493
15421.74002
15292.40628
15248.30708
15522.49629
15519.87034
15558.78522
15537.13247
15537.51516
15543.58117
15574.66330
15588.62871
15515.55155
15486.51846
15518.52835
15525.41406
15463.33182
15488.07673
15518.98630
15527.29788
15434.05330
15328.39068
15384.35197
15385.51489
15285.32321
15280.30547
15242.95023
15229.12920
15204.21783
15243.17741
15267.59452
15323.73370
15359.57523
15262.57422
15372.68753
15405.28562
15484.43878
15559.92586
15408.69849
15407.56645
15283.20494
15446.04852
15349.73512
15369.24337
15437.06135
15557.34887
15528.16185
15671.70915
15487.26369
15446.95189
15462.48792
15512.60170
15521.28354
15688.07995
15665.62198
15604.94841
15444.73064
15341.68204
15390.40590
15456.03721
15482.22087
15476.46648
15401.45440
15295.28048
15408.76513
15393.21256
15123.72779
15035.91024
15158.64360
15345.56469
15228.51969
15303.95574
15347.10482
15449.25532
15355.89141
15302.68512
15198.24545
15177.60874
15229.68677
15069.79741
15105.81378
15038.64739
14962.95787
14972.01597
14929.42248
15039.17581
15140.78208
15303.11068
15357.01757
15331.82918
15302.46353
15319.08848
15038.53062
15079.76570
15138.26853
15219.86016
15241.58655
15281.67140
15081.50234
14973.51402
15144.93671
15138.61057
15196.38021
15073.32547
15051.92925
15096.97973
15199.47830
15278.48086
15326.51911
15404.17790
15366.95552
15398.38370
15243.82195
15163.05802
15241.33860
15229.94924
15353.58678
15315.47574
15416.85835
15354.03761
15305.44732
15244.54052
15316.78827
15356.78276
15431.94927
15535.54230
15517.47275
15585.65622
15530.54051
15569.67854
15446.68490
15394.13523
15234.25573
15384.14252
15296.59621
15230.79487
15252.53461
15378.30138
15491.46103
15444.50672
15310.14711
15323.04006
15364.32408
15420.67709
15617.21847
15507.43654
15544.42237
15471.78854
15402.35668
15462.29148
15406.66263
15403.46782
15237.44908
15221.84080
15301.09654
15276.91231
15420.87922
15430.21878
15349.66276
15153.37487
15289.80641
15366.76626
15405.34259
15314.47530
15289.14644
15219.90968
15172.69053
15259.35280
15419.91526
15408.86511
15347.78093
15284.31604
15404.16817
15594.98911
15675.49218
15462.82115
15632.62726
15581.37622
15456.85638
15355.57770
15372.81958
15511.65700
15399.38525
15395.84333
15286.45111
15246.35749
15390.90909
15418.08296
15359.31324
15294.57575
15279.03144
15237.94425
15286.07503
15187.70276
15303.57159
15221.03418
15278.22818
15316.19383
15415.53034
15305.55368
15333.73551
15428.71767
15297.93926
15444.07055
15284.53410
15273.37797
15271.40811
15198.88841
15182.10904
15214.69501
15119.33462
15232.54598
15308.80260
15070.37272
15068.09648
15082.56305
14982.37630
15128.97322
14993.36907
15129.42731
15145.50671
15184.40404
15125.28241
15152.96947
15340.15493
15164.12211
15158.25587
15402.94740
15210.29418
15277.29602
15268.02936
15344.79561
15453.33894
15282.49063
15336.76145
15362.23183
15457.51724
15383.74852
15220.91865
15195.93972
15111.63456
15204.81057
15489.12282
15523.90639
15582.18695
15456.50545
15424.00059
15293.37883
15415.17882
15405.65679
15384.46866
15386.77777
15268.29046
15291.77188
15018.60365
15025.79132
15069.12150
15168.14580
15229.68207
15112.21687
14994.43895
15123.75320
15150.92768
15256.83762
15372.64706
15365.58899
15345.28517
15298.73313
15244.96751
15302.32987
15312.91866
15265.14764
15464.41992
15168.54204
15210.28204
15098.23336
15052.05152
15127.15121
15137.52657
15279.41194
15465.71074
15352.99609
15472.21416
15423.62087
15270.72057
15189.13444
15231.08194
15415.03574
15508.92793
15635.55926
15554.41935
15395.97559
15336.14057
15283.73808
15340.57341
15428.62989
15331.22681
15289.51290
15406.09708
15316.37190
15447.69886
15482.14044
15509.78249
15494.34768
15503.57702
15428.23827
15317.37739
15323.52243
15234.54881
15384.03355
15355.91184
15270.20782
15169.16004
15176.24643
15299.48387
15338.44182
15307.68277
15402.17862
15296.85948
15328.21927
15331.27355
15272.84119
15253.54305
15301.03042
15304.36520
15280.25190
15165.06372
15144.41872
15210.48629
15360.89993
15313.68284
15287.61789
15142.49392
15171.60444
15203.67585
15340.82264
15234.12572
15294.22986
15267.15771
15125.27683
15295.17581
15330.37258
15153.15756
14990.97452
15042.71297
14990.83022
15013.75009
14977.43244
15086.89597
15139.25926
15086.64620
15088.00285
15062.81654
15139.29939
15023.96905
15243.02632
15384.19076
15461.66748
15405.30174
15390.80592
15284.27522
15414.75322
15294.81285
15414.64517
15539.02469
15382.76820
15476.47940
15358.39904
15434.34862
15626.65589
15508.96513
15603.19675
15544.48462
15447.51805
15487.19718
15264.04262
15264.95539
15270.19185
15326.88463
15320.18145
15280.86622
15312.02298
15324.79321
15304.91309
15472.46918
15408.30737
15407.06921
15463.04292
15295.47921
15289.75317
15227.51335
15379.29454
15310.14892
15557.31999
15442.71274
15352.86971
15436.06740
15420.56480
15518.12519
15565.28935
15307.73234
15506.99847
15566.15297
15501.50865
15477.78524
15553.42147
15608.54799
15589.32029
15553.95864
15466.36824
15669.85047
15658.45757
15605.82441
15629.31807
15633.58864
15739.23223
15450.79258
15400.52508
15378.00692
15182.05140
15106.12161
15256.54439
15307.04738
15321.12274
15327.80976
15294.88270
15204.05139
15312.70857
15246.79376
15341.68083
15306.53637
15265.79063
15172.69446
15374.55560
15337.40148
15406.22842
15381.85266
15301.98760
15345.90119
15363.49951
15425.87385
15583.73010
15550.98694
15668.66185
15475.52171
15506.63522
15479.22956
15604.62436
15398.80938
15386.98344
15382.30783
15396.72137
15452.40356
15433.88581
15479.52376
15404.13762
15506.94629
15433.84474
15342.97130
15502.93354
15312.58402
15407.43406
15285.02953
15193.35832
15101.75446
15251.62132
15219.29251
15195.09149
15128.26437
15205.05357
15321.71621
15254.76332
15210.09814
15375.97264
15336.54629
15506.56449
15542.68054
15589.39576
15354.31192
15316.86906
15283.62269
15363.18841
15326.80903
15351.68380
15315.08114
15227.47762
15234.87793
15341.63558
15390.19515
15261.34193
15205.40952
15030.66384
15074.38852
15164.52747
15058.55780
15212.34654
15230.92159
15196.84310
15260.46569
15233.59188
15239.17942
15257.43670
15412.01996
15393.00919
15364.17603
15374.51597
15342.05710
15457.47852
15418.14817
15525.13457
15483.10126
15586.13144
15539.95330
15597.40117
15729.49936
15792.71508
15737.06134
15552.81403
15559.77437
15540.89181
15435.45526
15403.92796
15379.65052
15313.86172
15380.87508
15312.89089
15267.33791
15180.66738
15177.95820
15114.87831
15202.95832
15232.65949
15129.51055
15156.30457
15171.73084
15217.89439
15242.23257
15316.71299
15441.47587
15459.04504
15400.15939
15303.57473
15269.97730
15254.67863
15282.85239
15135.12587
15344.72956
15373.04102
15294.89074
15288.73312
15161.47010
15299.84543
15206.22426
15150.95651
15184.65812
14898.51786
14885.02660
15025.48276
14894.73813
14988.89938
15024.42311
15076.37192
15063.78352
15079.64387
15115.47389
15201.30799
15316.86056
15355.22930
15307.18762
15158.95597
15300.43831
15458.45996
15524.45234
15516.89656
15444.39300
15410.07286
15514.72898
15360.93445
15336.75275
15294.54092
15300.93761
15275.27618
15378.53055
15341.02225
15245.94018
15311.92540
15203.20016
15361.18228
15354.81607
15294.56232
15248.62260
15222.40089
15244.27063
15121.97068
15198.16554
15178.39413
15306.72912
15229.91938
15298.06891
15281.16680
15420.01247
15491.36013
15521.06456
15645.39036
15581.74076
15513.34700
15364.74686
15345.68810
15281.63345
15247.18256
15262.03177
15319.58899
15318.57313
15288.15124
15181.42735
15215.79143
15299.45109
15379.09580
15275.13085
15159.91719
15323.86548
15351.47381
15283.94001
15288.09099
15347.15505
15458.69064
15534.08703
15405.03948
15317.57290
15202.71934
15282.54191
15254.94358
15309.80581
15301.99675
15364.32001
15384.89191
15375.92439
15493.27175
15544.82571
15338.76641
15330.65080
15484.30525
15473.03653
15506.97142
15523.83704
15446.23331
15375.66370
15407.81623
15344.26772
15199.20835
15304.14228
15316.43894
15431.57179
15438.84691
15427.65710
15441.86193
15316.53353
15319.67409
15311.88021
15305.22647
15135.11790
15059.20493
15142.91126
15217.56597
15334.88116
15106.41133
15135.89806
15129.49462
15107.16332
15239.68553
15176.21000
15203.78938
15325.42471
15123.84846
15000.78393
15127.59090
15030.89714
14911.62366
15176.37700
15222.05407
15155.58542
15265.55702
15371.80804
15295.35420
15239.69211
15310.39932
15263.65564
15219.86559
15198.32292
15319.27944
15470.25775
15400.37979
15459.78426
15391.10639
15433.88490
15338.10147
15301.65052
15273.30883
15324.61721
15204.75951
15246.51737
15543.20055
15418.33644
15234.77295
15354.25476
15227.68087
15200.91495
15199.19899
15234.41031
15334.77355
15366.31123
15432.47716
15524.27303
15504.37997
15551.60874
15747.60493
15527.01762
15574.05653
15632.08039
15506.51555
15500.60776
15477.30392
15676.87917
15509.48589
15380.06936
15429.00969
15366.84203
15318.59727
15295.07824
15348.30185
15455.19998
15506.33389
15617.04609
15547.45342
15498.12051
15344.19198
15424.80794
15459.98985
15386.00853
15391.36063
15421.03266
15399.76251
15471.96378
15625.47892
15635.58097
15554.80168
15519.57699
15490.94514
15303.77050
15297.88195
15312.51493
15377.03274
15520.53367
15413.14967
15349.03598
15435.10594
15507.00818
15235.65604
15211.32433
15372.69612
15342.20237
15136.84243
15378.67140
15238.13354
15280.26286
15195.68503
15279.94619
15307.59293
15327.55240
15351.76178
15273.43318
15268.77132
15149.80584
15108.08786
15184.07305
15285.27617
15205.34271
15241.82234
15270.52902
15074.65276
15384.45562
15424.04337
15352.67811
15287.81732
15366.13087
15348.95853
15206.73005
15329.15040
15559.61873
15421.88012
15382.96884
15302.40160
15424.65949
15412.88557
15400.71335
15485.42265
15437.82244
15342.94306
15316.56275
15292.09075
15186.22795
15135.50456
15222.70493
15195.43532
15301.96817
15262.31278
15279.83418
15411.11637
15384.73017
15374.25626
15534.95520
15520.56453
15408.53900
15389.44718
15419.08878
15482.16772
15401.93756
15345.84316
15324.50873
15319.72533
15387.52527
15267.83548
15148.84246
15324.65791
15536.77709
15496.30745
15295.32507
15437.48764
15203.09741
15215.64811
15118.46933
15115.01682
15093.39632
15251.82769
15180.43512
15095.19204
15325.71570
15223.82663
15232.53186
15225.58315
15159.58054
15181.66627
15145.08575
15209.97333
15016.40895
15183.25712
15200.06002
15047.43807
14985.50701
15000.82791
15082.96207
15081.41356
15273.81869
15109.16761
15196.83351
15206.86051
15180.15570
15174.61762
15225.90235
15325.22771
15375.93986
15311.17522
15254.03355
15253.40670
15192.51412
15203.28694
15203.06564
15279.29672
15306.65905
15253.92687
15216.02408
15027.64925
15135.09343
15174.29457
15123.18717
15106.18728
15155.10185
15217.32323
15229.09875
15330.80791
15347.87271
15327.97090
15368.32472
15381.36313
15532.98076
15359.59725
15239.63259
15356.52523
15408.32624
15325.98399
15291.06120
15074.41630
15370.92510
15364.22046
15333.84829
15360.07188
15296.17756
15483.98882
15475.46779
15336.10984
15473.46440
15338.69347
15383.00004
15428.19464
15455.56637
15600.63515
15522.95501
15337.45812
15280.30699
15191.81046
15065.83217
14982.15357
15117.83990
15294.84373
15203.82244
15216.82744
15287.80788
15159.64243
15059.15919
15175.20476
15246.43279
15091.43085
15098.30135
15300.75828
15237.80045
15153.26772
15313.74745
15238.22330
15204.42930
15196.83265
15302.05142
15266.26234
15242.68653
15213.54252
15356.63503
15471.95253
15305.35491
15191.15992
15293.83790
15365.45832
15510.31385
15545.25349
15525.82620
15418.49063
15521.57701
15392.34028
15472.67746
15452.51001
15322.61845
15333.19750
15450.49308
15406.67624
15274.33195
15213.00201
15157.63641
15082.50011
15150.88656
15154.56492
15308.86749
15299.45581
15246.21220
15317.57230
15416.24252
15352.54748
15349.34004
15429.39164
15402.31760
15269.77063
15290.10181
15343.36188
15251.60587
15275.64404
15405.27819
15375.89605
15330.94122
15394.86291
15402.99882
15362.43561
15402.36179
15477.03794
15422.23461
15519.04380
15401.25818
15428.50072
15410.76409
15451.28736
15611.05711
15445.72897
15451.00045
15514.55956
15533.24591
15482.03070
15411.85592
15450.48538
15371.65222
15300.28822
15334.67805
15468.18803
15508.67213
15451.99033
15299.92571
15229.15654
15011.53126
14989.03184
15119.29591
15254.68412
15137.91956
15068.02249
15144.68103
15054.59752
15125.18936
15217.04583
15319.46468
15230.72790
15417.00639
15292.92372
15471.77261
15332.11194
15438.40048
15433.77369
15422.16437
15481.75273
15548.85350
15366.77827
15388.07172
15358.52913
15273.71720
15392.76565
15341.96639
15422.50865
15435.19175
15287.81722
15344.48890
15294.12457
15244.04075
15201.22591
15052.77257
15061.66293
15009.14389
14944.53022
15027.03595
14981.16905
14955.27121
15026.34988
15140.34303
14997.31770
15104.27601
15099.80599
14982.93728
15061.21520
15056.23341
15256.14570
15258.97008
15207.02682
15276.57875
15309.58520
15292.86485
15304.95421
15219.97634
15169.26919
15173.35381
15221.06419
15286.94326
15233.52327
15443.12626
15331.93491
15211.35031
15134.98820
15036.71974
15029.67263
15018.73809
15039.01010
15105.18500
15117.34821
15155.92565
15128.21088
15321.71112
15264.31677
15222.81416
15297.92941
15224.28317
15071.47895
15231.51277
15115.64320
15149.56461
15165.70538
14952.20245
15065.48679
15122.38286
15233.36832
15288.22973
15279.44543
15308.50153
15277.66510
15267.33995
15197.61271
15221.52997
15097.87304
15061.62009
15193.23951
15306.10115
15259.30570
15217.73005
15179.74817
15390.19213
15487.20868
15489.45214
15326.48915
15260.15905
15186.60294
15090.30340
15104.96688
15153.44766
14982.33144
15053.08520
15149.02255
14968.41484
15054.91799
14943.84287
14930.66066
14841.14222
15027.18180
15194.25001
15040.10163
14935.47231
15024.06914
15221.97830
15428.63391
15406.90012
15588.64006
15458.39900
15397.43570
15272.13350
15216.96557
15210.42761
15324.79255
15317.85098
15442.02983
15443.60688
15420.38839
15526.96648
15506.29403
15556.63674
15418.40346
15431.23251
15291.00090
15155.64471
15288.73321
15268.54423
15192.29588
15308.30054
15304.04426
15264.16725
15272.05321
15457.08919
15446.01936
15561.40134
15424.39631
15373.52342
15214.91447
15121.12207
15161.94755
15089.76151
15163.95077
15330.27522
15260.40334
15163.98868
15146.17222
15073.28437
15207.79183
15234.30964
15128.42282
15153.60121
15196.85076
15259.72754
15106.94825
15147.35133
15098.54187
15180.68856
15205.17951
15338.41686
15217.50015
15269.46533
15295.36513
15253.21281
15271.69217
15124.98243
15185.10857
15294.73262
15310.74122
15283.94042
15274.07419
15369.62932
15214.62685
15134.46628
15177.70094
14936.18823
14928.11550
14884.19537
14887.31408
14971.40536
15119.16130
15130.41707
15212.79925
15179.81946
15221.65603
15184.23650
15265.05695
15278.44427
15314.35410
15298.25037
15075.50917
15171.71593
15096.84947
15181.12903
15158.22337
15146.61358
15229.22208
15250.22433
15185.98547
15171.78922
15237.69582
15211.28806
15199.38549
15208.31172
15321.57694
15391.00645
15239.05962
15361.91463
15380.22880
15364.33635
15385.32486
15288.97877
15303.50379
15266.63414
15309.84058
15364.11662
15183.01452
15083.53639
15188.46389
15193.60465
15245.15749
15329.30238
15419.25391
15382.72315
15348.76085
15318.05045
15325.96691
15343.52323
15314.02401
15458.67998
15420.13690
15517.64645
15442.39874
15344.58984
15373.65512
15516.88760
15495.81758
15378.15139
15222.64196
15229.25251
15100.33619
15262.86432
15265.51588
15362.27091
15260.56417
15242.26769
15199.85979
15189.20000
15256.51623
15377.63054
15429.82085
15428.59366
15389.07464
15418.94468
15242.03056
15169.27145
15202.56742
15250.33342
15311.50109
15341.18548
15296.68075
15195.13875
14916.40898
15156.72096
15138.85370
15370.95336
15380.91593
15536.41006
15440.36978
15313.92526
15375.70556
15298.67409
15321.04320
15405.76111
15444.76977
15417.93407
15433.07533
15312.28968
15378.41108
15513.52502
15324.24633
15285.00973
15280.16748
15270.43713
15342.92096
15363.16199
15363.86767
15300.18345
15464.21837
15391.74667
15421.76671
15397.81199
15387.05462
15531.79057
15520.00921
15419.20597
15330.81559
15356.32448
15350.98070
15535.47741
15317.17268
15347.03118
15378.74605
15386.76453
15377.93564
15373.59210
15454.76692
15357.03925
15393.80956
15531.93591
15588.21591
15429.43700
15245.52631
15341.49863
15362.99345
15207.32674
15235.57715
15244.28333
15179.91013
15149.01261
15203.67633
15217.52556
15214.92099
15290.54592
15224.54926
15435.48128
15342.89760
15328.32004
15260.79236
15301.14235
15347.38397
15308.32476
15391.94516
15366.31436
15352.89342
15408.01523
15282.90045
15386.14904
15493.99623
15399.28399
15414.06969
15189.09518
15208.48245
15257.83790
15272.99234
15174.43650
15223.63808
15251.86843
15302.48418
15445.75050
15377.69833
15318.71595
15304.50990
15211.56674
15279.66952
15304.46578
15354.53922
15252.73772
15408.51555
15606.82198
15465.27382
15223.23490
15232.67870
15203.07742
15231.71834
15276.74912
15405.14709
15383.72527
15392.28074
15429.41853
15321.02542
15435.70977
15490.27560
15492.13758
15535.30620
15706.02955
15660.52160
15459.76269
15340.69648
15556.37399
15551.26552
15509.56875
15342.54561
15365.12034
15218.66384
15363.92737
15292.67187
15332.67146
15207.35020
15191.97757
15385.00983
15165.49621
15316.77689
15150.67761
15180.42384
15286.87515
15243.94609
15228.10136
15233.66044
15209.88208
15363.20007
15346.66311
15314.44531
15339.75049
15272.62642
15238.08923
15174.45610
15255.36807
15375.81392
15309.57934
15304.19069
15127.72052
15104.84387
15103.16709
15058.00656
15199.39648
15386.54109
15579.16890
15501.40204
15398.32639
15529.55238
15466.54873
15479.28361
15337.75746
15447.25781
15434.81923
15327.41519
15273.28280
15274.19955
15147.57714
15149.26261
15193.78916
15294.55831
15395.71420
15188.19833
15217.45712
15170.33302
15367.22677
15419.36685
15205.40331
15123.16682
15223.68534
15282.03494
15169.77289
15123.84741
15345.30723
15351.20518
15304.00735
15262.39458
15293.81946
15276.31989
15316.87916
15348.11648
15229.01010
15120.03956
15118.24669
15140.76310
15271.99161
15250.42327
15309.52726
15305.73869
15357.45846
15534.81246
15451.56148
15510.19515
15397.89314
15319.34271
15309.45489
15354.12591
15285.42633
15351.56384
15265.25280
15203.15679
15294.66666
15219.32958
15084.16939
15201.44905
15324.81037
15132.16107
15195.25560
15107.13420
15079.61289
15096.76193
15115.08502
15127.22113
15202.95794
15337.44377
15398.94766
15306.50111
15264.01860
15394.71157
15282.10661
15328.84279
15122.20969
15121.47658
15198.72731
15249.97404
15141.86222
15190.84539
15146.75880
15306.07450
15287.28909
15236.25265
15215.91664
15376.71416
15299.74943
15346.23708
15463.37411
15520.56840
15292.55047
15320.45249
15324.37444
15311.70097
15524.24175
15469.91726
15478.63529
15704.18772
15786.15845
15620.24483
15584.92975
15717.24799
15746.73528
15719.42765
15748.78353
15559.51121
15470.86147
15699.71954
15618.96081
15393.16155
15390.88462
15320.76013
15410.58068
15364.01970
15289.47416
15357.01717
15443.82098
15429.78374
15344.81205
15311.09116
15434.52746
15482.26087
15576.82496
15510.22127
15300.31981
15420.05723
15449.50278
15504.07705
15478.06667
15491.06225
15576.40744
15361.36054
15289.91103
15323.56451
15395.29945
15434.36902
15211.75586
15239.45015
15242.27097
15094.73692
15040.85997
15125.25459
15277.29717
15375.75609
15307.48801
15358.66043
15420.64905
15336.07316
15146.66586
15211.55097
15152.36774
15250.09114
15244.94115
15307.69457
15324.55712
15298.05936
15320.50343
15288.41276
15546.44779
15437.72615
15466.55589
15463.51924
15389.82145
15454.65117
15482.68750
15472.71993
15537.15015
15604.64928
15592.23850
15552.13294
15427.26609
15320.19387
15250.54552
15360.79971
15381.59355
15407.10080
15370.25359
15310.56690
15332.62075
15385.94036
15687.37329
15519.46198
15460.75631
15606.65502
15667.15883
15549.09114
15414.88913
15468.90175
15416.53105
15311.08024
15308.65754
15424.81944
15454.55872
15392.56827
15393.16121
15371.91619
15538.49788
15488.69226
15382.81638
15487.75985
15295.55605
15322.35840
15329.76160
15490.71898
15354.37832
15261.29263
15361.78320
15331.67779
15400.51424
15386.43423
15294.75049
15306.73482
15289.56285
15301.56268
15358.71246
15256.71647
15376.69837
15391.66642
15408.12025
15400.30001
15166.71482
15179.00969
15234.71518
15330.87258
15325.12758
15280.27922
15222.26913
15244.12595
15086.65273
15233.42036
15202.01595
15279.02974
15217.43467
15223.91708
15182.45858
15310.09762
15139.62253
15271.99931
15260.08589
15273.42141
15256.99655
15134.24328
15180.61063
15039.99629
15128.07477
15140.40906
15105.38653
15110.70069
15234.82449
15397.58641
15474.08341
15334.28589
15407.02057
15321.44907
15240.87186
15201.88114
15129.29416
15110.55776
15047.93043
14931.31832
15034.47140
15130.76331
15237.57150
15065.69572
15079.52382
15219.37154
15178.03347
15189.60608
15361.39930
15388.00309
15419.98382
15595.35058
15608.69935
15609.00470
15425.97279
15301.63440
15279.30258
15321.38487
15297.55004
15292.43850
15360.42221
15245.61645
15358.49766
15347.59537
15274.43074
15320.82257
15315.60162
15510.20027
15384.01271
15441.55696
15352.72065
15371.13524
15270.04479
15189.49395
15348.44322
15240.46263
15232.34223
15226.31893
15256.44843
15289.00827
15230.55543
15220.91216
15353.71363
15242.98520
15348.93688
15453.91265
15486.80740
15520.05408
15436.89273
15304.17273
15265.01458
15378.94832
15492.66028
15490.49948
15400.53423
15253.09229
15143.49081
15231.02144
15142.57831
15228.48398
15261.93718
15184.66751
15196.51160
15339.01575
15442.47671
15291.64806
15151.31888
15092.38350
15164.11353
15264.69566
15317.18045
15433.81312
15272.58010
15092.82933
15156.66495
15110.13482
15022.73796
15123.09195
15137.50264
15289.06601
15301.41637
15328.57153
15201.62364
15130.13766
15163.33478
15083.97942
15172.96457
15140.32571
15118.96330
15277.68424
15454.77853
15456.65820
15390.16523
15421.20279
15296.34712
15138.81970
15193.94797
14993.15805
15042.28979
15320.60700
15172.02028
15147.87408
15362.37813
15287.27022
15417.73936
15393.25807
15267.64325
15214.68941
15172.12305
15278.13230
15306.14678
15419.20680
15385.95816
15403.36001
15460.51723
15406.40022
15411.39170
15349.21873
15376.85385
15259.94807
15206.65269
15197.36912
15140.39843
15261.41404
15274.11348
15095.46179
15223.49559
15247.78761
15283.49451
15224.61301
15164.42089
15173.86015
15053.37715
15162.32721
15119.18669
15086.52272
15179.57286
15212.41747
15499.15686
15275.56992
15271.17209
15367.51676
15264.73755
15125.41281
15111.22509
15115.98563
15285.25060
15226.89336
15314.03384
15242.15976
15298.64696
15136.01338
15215.60687
15367.50200
15214.29042
15108.48244
15058.32127
15012.92509
15197.81962
15259.44624
15229.32605
15407.51354
15375.11808
15366.34993
15291.72325
15439.62650
15520.11235
15540.72019
15326.64209
15460.23550
15480.50932
15398.94169
15217.24694
15104.67009
15083.42703
15037.78879
15110.29836
15059.69016
15078.88483
15131.57428
15095.55562
15087.81510
15195.79731
15203.60377
15321.73301
15240.49692
15207.68163
15257.73442
15228.19193
15276.29334
15376.54447
15405.86023
15336.92235
15457.09391
15530.09437
15586.52710
15442.48694
15345.47360
15402.32980
15537.07816
15346.97448
15227.89650
15178.80836
15161.04476
15212.79980
15237.13356
15099.39185
15247.32573
15278.72097
15312.27533
15354.67036
15531.49154
15559.23538
15360.99407
15388.93278
15276.79164
15338.93773
15517.53104
15502.95989
15515.67575
15544.56296
15561.77180
15389.40705
15451.70024
15552.21618
15442.84968
15510.04028
15537.57709
15433.41881
15490.99680
15364.98535
15441.51941
15392.79647
15459.05460
15240.52978
15249.92675
15236.22592
15397.11149
15472.50340
15377.96383
15314.09157
15270.18624
15203.20331
15490.67246
15160.97724
15099.63249
14962.82560
14953.49820
15036.37676
15140.96423
15180.25056
15295.16376
15130.73400
15199.80020
15117.78575
15282.00191
15219.97190
15498.39784
15343.17178
15315.74439
15182.24232
15121.72775
15116.28355
15078.35873
15252.04478
15254.36473
15275.15256
15319.42787
15384.76378
15395.26379
15459.90672
15396.78642
15356.53884
15434.52147
15269.34077
15280.50052
15292.53412
15365.01042
15381.60812
15346.38850
15319.54472
15322.21210
15160.79360
15088.27879
15140.14655
15109.69532
15252.53510
15213.18545
15249.68761
15330.64230
15434.97791
15358.98768
15445.43671
15494.83147
15469.25474
15559.85040
15485.46872
15621.43394
15682.39158
15496.74273
15519.51904
15513.06003
15384.50268
15428.44890
15393.42817
15610.40744
15589.01768
15560.06574
15555.67286
15594.41812
15501.37284
15422.70533
15584.26769
15455.52242
15572.60160
15490.67827
15506.36760
15273.63212
15385.73622
15305.69046
15210.32255
15255.33147
15404.89056
15443.19901
15473.91272
15582.37260
15524.82852
15562.27817
15548.85083
15529.95883
15527.63152
15419.98336
15366.85835
15466.57509
15381.78590
15233.38086
15235.15639
15419.22396
15469.18684
15329.59326
15342.70185
15379.23351
15442.39474
15499.68574
15423.64118
15301.10428
15386.91600
15349.54546
15383.93829
15294.87694
15316.64179
15294.00169
15292.33616
15271.32232
15209.08977
15268.23529
15252.97195
15359.28576
15427.93941
15480.49830
15395.59079
15347.69166
15307.37409
15342.44894
15263.14997
15232.92474
15299.59431
15348.07073
15220.76865
15210.88225
15190.01728
15234.43006
15247.16097
15095.67278
15223.38968
15251.36465
15223.00792
15229.70112
15223.03092
15144.98954
15029.10649
15026.58372
15063.80967
15253.94012
15212.52782
15246.82888
15149.10939
15211.87067
15172.80214
15198.18559
15150.35490
15260.61594
15334.88318
15255.42538
15174.54535
15089.93079
15180.21299
15080.97565
15197.22077
15247.36968
15299.91986
15295.68493
15058.60033
15086.40590
15216.22784
15213.92801
15092.66960
15254.08996
15288.92810
15122.75484
15146.65015
15097.65259
15076.52883
15142.37784
15161.01815
15132.80063
15284.50421
15278.13567
15168.72764
15242.91994
15168.54175
15219.30882
15312.97797
15423.10161
15266.68792
15255.76528
15259.69790
15179.50871
15232.86126
15312.06579
15362.83771
15297.44879
15372.54583
15293.11273
15342.40535
15431.02179
15325.54117
15307.33987
15190.26861
15404.37023
15248.62393
15458.41927
15605.15900
15389.45675
15458.82076
15354.28211
15434.13882
15394.41667
15458.28175
15590.16550
15465.31258
15548.21583
15547.23780
15390.01839
15337.99888
15423.95402
15400.82383
15391.26662
15310.81155
15406.31580
15393.71180
15345.93108
15153.77937
15151.25103
15204.64829
15223.58381
15093.72275
15068.05878
15078.12894
15060.44076
15171.53765
15380.12799
15305.98522
15200.46687
15165.26493
15253.21183
15431.86774
15420.04005
15317.52450
15139.91213
15142.20526
15207.06473
15276.49541
15405.84025
15321.99636
15293.82026
15188.95268
15209.15034
15448.66035
15536.87694
15479.65149
15246.74222
15225.74152
15124.83695
15103.14387
14915.31615
15088.02933
15293.09248
15379.15509
15258.69000
15335.96248
15183.08595
15419.22758
15485.01824
15482.74495
15214.42841
15467.58497
15360.21858
15384.20635
15458.59847
15406.31723
15353.11920
15282.33656
15267.53957
15230.29618
15114.20215
15123.21228
15082.08900
15235.18026
15198.63961
15316.69442
15182.23590
15343.42874
15412.13312
15442.08923
15470.55740
15299.57485
15252.67860
15316.81127
15490.55004
15353.38933
15344.10132
15302.06129
15257.39779
15510.33882
15327.14014
15258.96135
15216.65683
15371.81324
15408.65570
15323.71769
15327.23500
15357.06162
15320.94423
15411.45265
15379.46353
15335.58103
15134.25357
15221.75621
15166.96189
15340.86286
15284.64359
15397.28779
15424.80445
15223.98209
15345.41017
15193.73707
15041.73121
15078.97412
14997.27629
15108.32172
15235.44469
15132.89196
15185.24553
15203.44109
15198.93675
15338.62154
15371.38246
15493.57132
15351.05076
15329.00313
15582.32361
15320.18150
15416.81977
15488.30288
15513.11050
15464.57825
15456.24374
15426.09459
15158.49238
15397.49032
15292.04564
15247.11515
15323.24818
15275.58132
15314.78508
15301.68391
15238.18144
15206.06563
15304.34041
15420.89842
15613.10024
15586.56386
15532.46571
15413.63084
15480.40138
15520.00533
15493.04921
15370.61963
15596.72533
15530.43581
15335.66303
15378.39286
15289.66275
15152.51991
15174.76628
15242.46765
15240.63448
15094.50469
15097.59205
15084.95034
14940.57144
14917.29529
15121.25512
14923.79242
15069.96594
14988.33383
15141.95368
15281.37368
15434.58033
15362.18150
15290.80836
15361.99249
15474.80494
15464.08598
15448.88680
15535.86734
15461.40923
15274.77897
15394.89331
15099.21488
15173.47961
15104.98811
15204.94583
14955.68429
14993.95479
15156.54994
15169.54118
15280.81822
15253.09696
15408.71221
15431.96891
15444.13824
15540.79889
15434.37568
15322.57853
15253.07112
15249.51873
15494.23935
15452.86038
15382.54426
15485.77504
15483.77018
15405.02604
15465.15210
15579.44895
15448.41634
15534.91668
15598.34260
15603.36771
15614.80243
15460.69042
15439.94797
15469.15985
15615.81327
15326.35677
15390.00003
15437.89948
15467.65492
15341.55277
15336.58670
15314.80011
15296.25627
15214.18437
15224.98511
15164.32234
15253.01903
15264.25486
15157.07634
15096.31857
15086.28172
15231.74201
15103.14236
15185.41933
15175.00702
15224.02718
15238.03722
15091.07696
15124.30476
15151.01206
15135.03933
15179.90597
14997.71026
14932.71225
14992.27017
14990.96551
15183.91935
15418.56478
15482.90542
15334.81480
15148.70990
15120.47897
15229.47827
14989.50964
14968.21044
14844.16269
14950.01372
14930.00492
15036.28419
15172.94517
15191.39167
15433.33558
15259.70545
15252.70873
15275.44245
15379.61424
15489.43183
15305.37680
15378.31623
15446.54288
15443.47829
15520.06755
15542.26545
15601.46365
15585.39279
15493.81426
15421.43923
15584.84064
15632.20595
15579.96350
15449.17135
15510.00729
15393.45365
15380.74414
15336.73078
15251.22082
15366.87551
15438.75651
15421.83851
15366.58827
15274.00519
15309.71119
15211.33312
15212.05879
15308.94904
15294.14075
15267.81538
15271.72855
15359.22126
15340.14461
15248.64955
15258.69863
15127.12187
15214.17794
15270.48290
15191.92919
15132.24568
15191.08865
15128.72280
15149.07575
15189.86149
15091.29415
15069.08182
15204.54284
15257.72862
15167.99803
15233.55606
15132.84510
15231.33647
15362.42502
15348.64199
15119.55258
15093.40115
15168.92287
15008.62730
14987.31118
15080.57717
14960.40911
14978.89485
14929.93878
14992.90447
14974.88550
15062.99845
15229.50989
15238.04457
15318.96804
15353.74853
15333.55311
15381.43782
15339.93016
15338.05268
15359.73829
15523.96044
15433.19411
15494.04920
15432.49504
15443.20568
15316.32667
15396.97648
15269.13710
15414.01679
15467.48363
15286.24288
15312.11062
15424.77528
15436.11377
15393.88446
15556.27342
15364.37094
15374.58946
15366.67049
15336.08920
15259.07601
15340.77227
15416.95738
15436.33223
15361.45513
15268.90966
15324.09064
15166.68489
15218.09067
15094.07444
15119.92522
15314.98692
15330.64317
15412.67240
15213.92057
15406.99140
15430.68627
15320.44472
15254.82248
15380.01441
15359.27497
15420.19340
15421.43075
15364.46866
15212.77583
15195.81942
15339.08910
15267.49460
15400.53737
15284.90679
15160.28075
15096.96911
15120.82261
15187.00737
15093.70067
15188.94310
15177.20751
15225.67179
15249.45267
15290.44853
15248.69906
15227.36810
15269.19596
15147.16804
15211.80190
15400.07011
15323.56394
15144.31645
15049.65333
15210.94001
15340.10315
15503.26117
15399.67726
15293.73467
15538.69728
15598.13976
15416.30083
15469.87120
15377.01209
15318.14209
15396.58317
15498.06498
15452.82770
15392.25039
15351.44171
15390.11725
15291.08993
15289.42916
15164.86713
15279.72513
15247.34899
15067.90299
15164.22975
15140.39251
15205.64318
15160.96640
15332.01244
15244.38187
15115.63005
15318.38157
15341.49023
15302.10056
15444.19396
15410.70885
15393.98206
15303.80156
15377.94545
15284.59442
15371.20718
15509.56165
15395.18214
15322.75622
15412.88719
15465.22385
15390.16730
15554.27944
15458.89745
15327.14803
15330.72692
15273.39412
15259.37694
15310.91115
15288.56274
15351.72123
15389.01524
15434.53874
15435.15577
15524.95696
15559.74740
15540.96614
15646.23407
15474.15917
15381.51180
15471.71683
15449.33398
15468.59261
15572.22631
15409.62127
15202.35874
15207.87447
15195.26807
15343.67584
15436.41974
15393.74597
15424.79144
15368.79597
15414.60503
15403.93545
15359.05473
15452.66295
15576.97965
15555.38260
15610.64415
15473.91463
15468.05490
15396.04849
15461.55542
15557.25842
15530.85207
15377.01240
15400.47494
15379.99936
15521.51321
15504.85237
15538.34087
15517.60847
15525.33991
15438.79811
15361.04430
15330.77003
15498.61437
15435.83973
15406.64806
15488.69701
15441.98604
15554.52754
15495.85462
15414.74788
15447.57726
15351.04012
15315.93775
15357.64148
15272.70267
15175.62075
15209.85725
15140.38719
15183.89532
15198.22604
15394.78746
15461.12075
15257.21298
15225.94263
15293.74552
15252.04369
15283.57982
15248.50111
15218.34944
14955.74960
15061.45083
15198.30317
15156.57249
15332.52112
15279.47248
15242.11581
15320.70772
15143.48930
15149.00956
15284.80043
15327.58558
15304.09385
15328.52161
15256.93091
15300.62236
15281.80491
15429.25090
15422.78201
15402.76179
15517.46742
15691.40996
15594.28019
15699.10008
15485.27430
15552.67877
15608.18145
15471.85832
15460.18212
15434.47496
15498.02250
15611.12607
15503.13311
15475.98468
15473.74856
15471.03427
15339.34730
15320.43698
15264.80831
15202.77663
15203.20204
15112.40398
15303.30868
15236.67105
15237.68640
15131.28282
15221.40398
15181.34358
15141.71712
15036.06043
15118.90844
15173.51595
15286.33031
15457.83447
15553.55284
15402.84418
15278.18108
15111.69171
15287.46432
15566.19725
15434.70645
15239.29365
15371.31366
15160.90893
15287.97548
15369.53860
15273.28417
15211.71884
15127.53749
15253.74369
15317.68257
15308.98334
15191.51954
15237.55534
15333.71703
15254.86020
15081.59035
15062.07200
15198.82328
15227.15783
15152.71650
15274.38450
15215.10223
15196.74433
15147.12603
15252.77706
15383.67935
15307.64025
15314.22156
15250.04566
15099.94328
15275.37973
15115.57761
15274.41003
15420.05663
15239.33410
15286.66804
15321.97264
15345.09047
15262.00379
15201.26015
15274.28353
15366.87893
15357.54090
15473.59813
15604.71602
15370.32419
15310.96585
15349.27160
15288.43253
15269.04560
15214.04543
15221.45682
15263.42460
15245.86320
15398.51587
15439.95091
15428.59267
15362.64343
15176.70248
15269.36620
15407.48119
15430.87793
15462.58452
15328.63755
15111.39811
15180.45446
15185.31058
15308.19122
15112.21643
15232.74688
15090.64967
15083.34252
15303.93287
15513.89165
15394.78336
15203.62597
15247.96152
15223.06530
15032.37306
15133.52999
15264.99723
15261.28237
15208.19842
15105.17340
15228.11634
15213.25055
15152.22673
15285.37318
15172.31298
15145.75227
15180.58086
15094.64949
15033.94869
15206.96396
15238.46958
15338.61900
15434.32241
15288.33241
15236.87472
15256.43324
15232.37162
15268.93265
15249.02720
15299.13896
15385.19670
15441.01618
15423.51887
15432.93116
15333.86877
15399.00865
15314.13037
15290.56119
15355.07015
15335.59751
15380.75306
15342.57806
15278.13001
15400.92533
15361.70409
15388.79355
15374.12603
15403.17748
15450.80456
15551.24262
15431.74207
15230.53976
15272.69363
15407.28802
15242.40897
15309.96240
15247.11144
15281.08824
15386.12051
15324.98903
15356.11395
15382.94823
15364.02159
15252.27005
15281.43300
15442.81454
15366.33061
15488.65054
15432.46993
15308.31644
15263.89276
15298.36742
15484.91957
15531.19482
15331.71236
15336.40486
15385.33086
15264.33794
15167.50016
15144.53724
15147.26763
15239.05938
15234.36863
15367.86185
15368.50957
15358.62138
15355.86927
15135.72674
15250.25770
15249.98956
15349.93723
15282.63055
15160.78232
15155.18686
15184.43438
15351.56880
15294.08751
15245.81953
15415.43248
15393.10062
15331.53623
15416.57339
15419.17247
15425.38061
15371.97890
15206.94546
15023.86746
15247.34271
15187.64109
15213.30270
15328.64639
15362.82459
15393.67993
15298.43884
15354.98673
15452.35391
15264.39936
15149.91725
15014.72696
15078.71825
15304.51732
15312.62448
15328.95769
15454.09443
15361.47728
15331.17930
15219.37496
15270.87226
15259.54386
15233.14591
15262.90174
15066.55055
15201.00620
15247.22031
15288.24147
15239.00527
15262.30714
15252.97013
15324.55157
15335.81019
15296.31648
15450.36872
15452.07157
15351.03303
15395.81971
15319.62505
15247.38671
15511.46525
15482.37424
15426.64146
15532.52286
15434.45609
15475.48906
15425.19491
15472.55967
15653.24456
15457.67929
15399.72416
15347.61929
15437.07657
15398.08607
15418.38289
15456.99608
15391.67634
15359.25289
15409.72058
15426.60137
15237.03893
15118.49052
15157.87575
15169.69634
15234.83819
15095.76666
15111.50905
14993.99697
15020.69864
15018.93727
15171.58910
15256.91775
15278.30286
15237.18758
15060.23728
15103.77694
15116.03344
15162.63275
15176.05936
15258.62417
15032.76900
15009.49578
15057.92245
15017.61734
14949.65166
15152.14284
15196.98862
15033.82807
15094.24229
15103.00751
15306.33178
15439.96386
15299.24025
15374.87441
15154.16792
14998.26690
15212.54199
15322.35667
15181.22950
15181.71433
15182.32021
15098.00564
15054.94722
15108.92755
15106.55687
15248.89360
15244.30778
15331.09956
15224.99689
15247.53515
15322.35680
15325.54153
15250.36371
15164.75399
15192.04315
15229.41028
15362.79655
15212.23352
15264.78161
15245.38935
15281.77040
15378.45062
15314.82797
15244.70442
15330.86434
15385.91830
15482.29505
15234.86009
15343.27234
15324.75621
15339.64424
15336.88830
15249.61180
15220.71586
15212.01478
15087.46758
15051.05061
15110.89285
15125.89355
15175.69722
15454.94074
15256.08860
15273.80403
15093.24143
15137.62686
15234.14623
15296.04386
15275.09015
15428.26226
15385.86684
15431.85352
15312.06291
15270.93104
15314.70912
15305.50847
15466.11902
15512.61902
15458.33248
15412.00692
15340.40509
15368.10552
15477.35976
15374.96058
15366.72257
15245.77296
15236.56400
15233.65819
15279.02039
15186.06829
15295.91865
15250.45055
15150.55888
15166.65245
15241.32757
15007.49837
15131.09918
15113.09616
15249.01068
