15335.22663
15181.05180
15294.80683
15400.34268
15310.03580
15245.19834
15289.01796
15313.07453
15520.61039
15452.83212
15543.14122
15531.09898
15466.41469
15226.70511
15233.67428
15424.08973
15393.24777
15316.74479
15192.01862
15530.20235
15524.96199
15335.32869
15255.01567
15466.19425
15533.25877
15583.65392
15726.68124
15598.77600
15600.88139
15638.33404
15634.84491
15784.18459
15784.52570
15383.70978
15294.83714
15421.81270
15361.58183
15216.16130
15158.55992
15204.46084
15288.94467
15435.19889
15491.36821
15262.12282
15400.41353
15463.53886
15380.87820
15542.47777
15446.59536
15259.71270
15285.27140
15379.08601
15192.39623
15137.20400
15237.58884
15295.73693
15120.76415
15270.52050
15211.09801
15344.75309
15315.80954
15430.67171
15624.03192
15465.77565
15409.10734
15471.10201
15291.30555
15496.81893
15440.83819
15512.04508
15469.94089
15407.97727
15410.42309
15378.99326
15467.88969
15423.41397
15269.30294
15456.24153
15401.40482
15347.42852
15437.51015
15514.07640
15482.69335
15408.43213
15290.69535
15542.59427
15249.58565
15213.26363
15263.90795
15190.60758
15381.14082
15273.98191
15351.24453
15322.44262
15573.07111
15567.60210
15416.05467
15433.25060
15318.90922
15305.24125
15141.88490
15200.20441
15373.90077
15347.46411
15289.65717
15116.96116
15168.47123
15182.99450
15107.73961
15248.45867
15404.69600
15426.90047
15289.68007
15432.94147
15248.32053
15240.86215
15443.04518
15450.49565
15535.17689
15602.31888
15513.76047
15515.30214
15358.10747
15410.47039
15324.87406
15180.80592
15298.22899
15261.23857
15171.33074
15143.00800
15290.58388
15304.12412
15387.85950
15378.49204
15121.77042
15260.98941
15272.17449
15378.27900
15728.90611
15641.31742
15411.68926
15251.07432
15223.90260
15468.66825
15508.05227
15268.07417
15256.87930
15235.83342
15305.93134
15298.30728
15361.33155
15429.59034
15376.70351
15452.73383
15445.92665
15374.43205
15261.16080
15530.41633
15374.88217
15086.01602
15331.27250
15184.62860
15288.35737
15142.04611
15172.11694
15175.67789
15210.64710
15359.23051
15602.64475
15327.29653
15308.79409
15235.83097
15269.52660
15392.71578
15423.03494
15502.02596
15360.94244
15149.63712
15249.91947
15282.62579
15170.72335
15295.60541
15213.36531
15225.94384
15388.77660
15408.72702
15514.30910
15378.37628
15454.10796
15480.30394
15371.96167
15300.96385
15347.09183
15376.02144
15462.49960
15390.53054
15185.25889
14970.41183
15193.52424
15326.75502
15514.31000
15381.74214
15500.46540
15218.29788
15211.14967
15360.35128
15366.95901
15538.20878
15477.63438
15634.96636
15643.65087
15574.10475
15429.72572
15529.58488
15563.60876
15395.27033
15379.43637
15303.03208
15379.01704
15400.52873
15359.72713
15353.94837
15499.45685
15323.64856
15362.00573
15465.20327
15378.83369
15415.22194
15594.99352
15526.24103
15377.00785
15179.59553
15085.55685
15272.66913
15262.84650
15115.25320
15299.60597
15228.36448
15171.78928
15293.04075
15373.67042
15327.88371
15286.41547
15376.92552
15347.74010
15334.10706
15221.08622
15129.88767
15003.82878
15225.21589
15264.97034
15429.87628
15557.84475
15484.56476
15613.80174
15718.21236
15407.38013
15351.69929
15323.39786
15588.46763
15486.79646
15261.76757
15325.72659
15424.91322
15362.56498
15407.50403
15586.35131
15663.52426
15594.17321
15485.79141
15307.29923
15324.40348
15162.28945
15351.48583
15404.01664
15465.41478
15345.73733
15507.24103
15406.19737
15546.33042
15577.85988
15495.10106
15579.40945
15277.43453
15343.43093
15316.15848
15343.36315
15445.80719
15400.38221
15526.41931
15535.59208
15425.47299
15447.42589
15503.42882
15412.47157
15200.83447
15208.97547
15362.03201
15179.28327
15389.73240
15250.58503
15206.87558
15392.13176
15418.33706
15449.22757
15371.28013
15569.18087
15572.18717
15520.25557
15474.88545
15365.12661
15357.15869
15419.30883
15470.89746
15222.32088
15498.37910
15627.44411
15441.22098
15511.94886
15487.15317
15617.78075
15569.38217
15328.52610
15466.44242
15353.43301
15418.03984
15352.67484
15334.87938
15343.63253
15478.52754
15429.69181
15471.39605
15363.98144
15426.51406
15453.80069
15384.54972
15330.58997
15317.36129
15448.75697
15516.25623
15577.49332
15619.55398
15491.22221
15605.06482
15479.10308
15453.92837
15348.90067
15442.57064
15425.95867
15380.70037
15529.12735
15534.90679
15547.98560
15548.27950
15449.45505
15449.81713
15373.24841
15448.46377
15689.25564
15567.06510
15551.78613
15305.01315
15162.77768
15327.37569
15312.93663
15257.84187
15400.85994
15409.99222
15414.15624
15507.94209
15324.25117
15276.17138
15415.52691
15364.05212
15436.70183
15282.21042
15442.45629
15328.81059
15170.45571
15019.18874
15406.27012
15635.23498
15521.12058
15618.13017
15503.98952
15422.57925
15458.84237
15243.25795
15109.95749
15060.14917
15095.28270
15149.38706
15240.06787
15305.20368
15574.25944
15329.79368
15305.57092
15455.60454
15426.04324
15259.98661
15155.17107
15193.10542
15329.93492
15429.81071
15420.78766
15335.90915
15314.08829
15258.94094
15262.36648
15484.37298
15375.77357
15542.95143
15445.02804
15323.21862
15522.80670
15620.16018
15266.49269
15332.94268
15457.83701
15482.43141
15328.29829
15359.90348
15267.16135
15255.35233
15438.25824
15300.71103
15370.48155
15317.87848
15397.47307
15524.07837
15439.19556
15353.32320
15306.52790
15319.46555
15225.70687
15150.02291
15425.39697
15377.14257
15548.55839
15561.06912
15463.40835
15360.46667
15290.74009
15395.07518
15358.67461
15342.11185
15390.17348
15532.78619
15559.43415
15610.60538
15458.55919
15251.06196
15211.92414
15510.94824
15313.99482
15489.13582
15359.00058
15501.54626
15241.35795
15397.13784
15429.47543
15412.96571
15477.18196
15420.63544
15599.83291
15502.62189
15506.63948
15375.51717
15592.54777
15432.13642
15566.02360
15414.13333
15335.64190
15341.09649
15402.13026
15539.72355
15407.99362
15502.85308
15491.03428
15508.56090
15538.03098
15503.26628
15532.31904
15586.32139
15604.62831
15541.26837
15319.10191
15204.37623
15314.85285
15289.68809
15340.40395
15330.27654
15311.46862
15458.59570
15445.80960
15089.64176
15342.79211
15301.94641
15357.03401
15388.09650
15353.02258
15330.52367
15270.98496
15353.25563
15400.11462
15565.09645
15428.35396
15269.77623
15286.13995
15359.10082
15214.97905
15273.51301
15434.50552
15378.38735
15220.39690
15060.52612
15111.40280
15241.69134
15352.41796
15472.13952
15689.22240
15573.51043
15495.81547
15365.66791
15364.16812
15370.88026
15339.00728
15388.72146
15491.58371
15359.46582
15351.13516
15470.45019
15393.37568
15604.06713
15391.37210
15334.99550
15217.70958
15411.55828
15221.34411
15338.62986
15203.27873
15417.94927
15285.24272
15273.73600
15301.23805
15168.51295
15241.59456
15402.27062
15262.07312
15367.01694
15516.27574
15575.16354
15272.86043
15577.07415
15695.13874
15637.60312
15379.72863
15513.93357
15584.14628
15523.54194
15616.02643
15342.39960
15427.77736
15430.91396
15420.59627
15387.49092
15258.35115
15148.33561
15021.80332
15207.08282
15351.19698
15384.29077
15421.11841
15421.10887
15249.19908
15216.76433
15332.10509
15440.53795
15480.71059
15346.58483
15718.55722
15541.57118
15354.08279
15281.53042
15268.89182
15366.97713
15364.11606
15312.64391
15142.59049
15253.81071
15372.10424
15510.55752
15268.89668
15300.72629
15256.49990
15346.74072
15430.23397
15527.95620
15524.56635
15589.05683
15517.60189
15371.05200
15371.30750
15600.75696
15452.50563
15485.98949
15444.82765
15367.60361
15485.50107
15381.06792
15414.78609
15428.05562
15175.09790
15218.96884
15275.64211
15284.27835
15262.42709
15412.64890
15227.23107
15157.38898
15177.31666
15295.20771
15381.92389
15304.51981
15278.72889
15516.16662
15358.73208
15128.59206
15165.63334
15275.86848
15448.51897
15369.30474
15198.72311
15216.36094
15247.59510
15448.58793
15420.18631
15416.90470
15418.67911
15495.14281
15571.47234
15685.22646
15531.04070
15410.33359
15223.65658
15268.60520
15182.87954
15278.90402
15236.46267
15316.14514
15254.47674
15292.63789
15425.05995
15333.49408
15289.92244
15407.90660
15395.21137
15467.54986
15336.87584
15354.68077
15105.85317
15207.39805
15196.45855
15462.58970
15455.22081
15445.02074
15427.94349
15465.13408
15322.14676
15333.46561
15501.82851
15258.53582
15164.42385
15236.57755
15264.79587
15252.17635
15309.54087
15528.35002
15459.51525
15380.81193
15605.97528
15528.33715
15388.62383
15520.67442
15518.38849
15274.12420
15308.69279
15361.81009
15190.67064
15196.61461
15157.87682
15259.78268
15403.38549
15218.04530
15345.09477
15302.42742
15237.09144
15056.83020
15132.80282
15321.74302
15359.85899
15251.33323
15345.47682
15568.67925
15551.88862
15593.74115
15552.71935
15470.40015
15580.24395
15553.56486
15533.17923
15688.73185
15419.48983
15347.17951
15521.08215
15335.17442
15327.26650
15297.45802
15335.03702
15428.69974
15416.94217
15673.07681
15666.18809
15669.78845
15510.00275
15310.11233
15210.35267
15294.96479
15342.30962
15363.81925
15452.50216
15294.16942
15193.96019
15251.46544
15213.29676
15345.14075
15271.08365
15482.61574
15341.34114
15338.53155
15531.43800
15717.78344
15691.72047
15495.72274
15249.67368
15280.79430
15364.02396
15343.81841
15222.69085
15264.47772
15202.30174
15350.15147
15312.85102
15271.35784
14985.53174
15141.30366
15217.80137
15413.45564
15333.81203
15382.34763
15471.86746
15563.15752
15390.43400
15696.28223
15727.13687
15510.57815
15499.79102
15457.44603
15247.50741
15408.78435
15377.70456
15513.09858
15288.96859
15244.46226
15349.78753
15336.42594
15321.31254
15343.43644
15178.09982
15359.72716
15507.70583
15464.34418
15361.15907
15244.93994
15017.33427
15251.76136
15341.78382
15294.48857
15243.10686
15291.68191
15409.63197
15279.16639
15609.48727
15433.12658
15611.52105
15482.88131
15446.58237
15492.68028
15484.60350
15500.49297
15429.77721
15403.23862
15529.43796
15352.24328
15320.15439
15418.81339
15361.47609
15214.75995
15214.17486
15018.46808
15284.68546
15212.92540
15303.79869
15432.09364
15390.21830
15331.65874
15459.52825
15353.98753
15297.83309
15745.65123
15701.76075
15598.28793
15704.37007
15648.51000
15587.61385
15446.85536
15407.98649
15296.15832
15290.98745
15258.19639
15316.93900
15490.66004
15395.95698
15343.85716
15378.79299
15483.27663
15492.28383
15411.88535
15473.34964
15520.35870
15495.55396
15431.18624
15184.35485
15456.76519
15349.94793
15311.77098
15431.08250
15454.31266
15328.99130
15486.11570
15384.86570
15396.45254
15440.41183
15412.13034
15272.04197
15226.58487
15295.80709
15280.53040
15269.32815
15527.75810
15586.23666
15382.65101
15306.34400
15431.06913
15416.52032
15482.85676
15664.66830
15478.76534
15377.09832
15324.85115
15378.04067
15555.65490
15400.50413
15570.36403
15538.87694
15651.42426
15454.02251
15457.42907
15220.10284
15335.83586
15435.82366
15359.49025
15461.01662
15457.05665
15374.70172
15499.49434
15401.85465
15259.00439
15040.30719
15184.20781
15456.69835
15333.66807
15385.59722
15332.31599
15240.43201
15423.91512
15454.73924
15501.97217
15717.51630
15628.51930
15570.44616
15475.42067
15305.22740
15251.59028
15343.75651
15447.92280
15572.04481
15588.74857
15621.38816
15493.53800
15332.09772
15409.39669
15590.37559
15625.92317
15695.70330
15435.18268
15303.03837
15270.52609
15340.53876
15435.15875
15590.14246
15499.36883
15411.90921
15395.41803
15577.35026
15445.88536
15329.37902
15321.72721
15438.84158
15366.72136
15498.05665
15481.45639
15566.38908
15419.12548
15171.34373
15176.67986
15143.93829
15320.75343
15396.87812
15446.51866
15465.67453
15409.57902
15375.44484
15240.98296
15315.02763
15521.17405
15459.56541
15276.25677
15439.68906
15338.84725
15365.82112
15287.22999
15341.29099
15338.73375
15348.26947
15305.66100
15172.16489
15268.07327
15326.80704
15352.64039
15416.90675
15349.70027
15434.20733
15481.17549
15591.23551
15368.43051
15457.77028
15665.90041
15682.28162
15424.97331
15514.25327
15471.74407
15591.99781
15607.98197
15492.50316
15450.73391
15303.14715
15333.74843
15168.46135
15313.43315
15276.31577
15479.02723
15663.60684
15613.66879
15570.84946
15386.84826
15521.88861
15366.99608
15371.84150
15427.59579
15388.39304
15311.43915
15028.38852
15231.49607
15253.20834
15472.58427
15576.78410
15589.62875
15371.18741
15513.62516
15354.46198
15298.60724
15301.80594
15152.72608
15127.79647
15236.52816
15320.10393
15302.73923
15209.62081
15356.65690
15394.51774
15346.10418
15338.31097
15280.33149
15271.26631
15551.75608
15513.56030
15493.40741
15503.72833
15540.15443
15571.83243
15363.65853
15387.94948
15318.13988
15465.27516
15514.14801
15518.14402
15718.87675
15711.43687
15332.59160
15392.21494
15310.43309
15241.79375
15268.46255
15416.62898
15428.86485
15302.37421
15161.17912
15225.29677
15312.20203
15067.41022
15103.27384
15254.39227
15391.89931
15333.56366
15069.24160
15019.51579
15300.21450
15396.12978
15514.71809
15351.07984
15433.38277
15491.49921
15313.58334
15560.70661
15470.95093
15642.11429
15479.12044
15506.11397
15541.45716
15541.68351
15435.56894
15359.01795
15300.15001
15318.66625
15235.84427
15189.87102
15571.82996
15531.05899
15482.77290
15524.09207
15501.91500
15597.84094
15483.18994
15187.18104
15488.13560
15263.29435
15409.49589
15365.74744
15392.87894
15516.44934
15395.19019
15354.57607
15277.74689
15304.39148
15591.80837
15427.32014
15509.81766
15391.47842
15516.94276
15430.58854
15483.81565
15771.25712
15569.74061
15451.15548
15363.11974
15489.59783
15763.05477
15546.30554
15425.09833
15413.48932
15305.50600
15340.70797
15239.27478
15375.45072
15483.15917
15396.97005
15174.98783
15069.57887
15207.88555
15281.52546
15337.09741
15341.25664
15210.18173
15374.88240
15339.86159
15323.79863
15399.22390
15429.08728
15322.60973
15306.91647
15588.18930
15475.00834
15515.62360
15614.47258
15444.01149
15294.08596
15339.34938
15110.67264
15396.98560
15273.42477
15266.37413
15317.30922
15554.63721
15371.15272
15386.61062
15538.38503
15530.41606
15380.03550
15548.37709
15487.88822
15579.00456
15476.81757
15582.59962
15501.88026
15540.21002
15294.10797
15416.62355
15466.59806
15406.44076
15276.30057
15460.61463
15339.56168
15344.74049
15146.23605
15333.14430
15513.79118
15478.98393
15391.04395
15400.23100
15419.00473
15333.80088
15241.04896
15370.53849
15478.80237
15493.80716
15427.36916
15269.55600
15230.39371
15241.51220
15229.78580
15398.84536
15393.77611
15370.24382
15383.30297
15513.28902
15356.76165
15363.43163
15198.40863
15256.77940
15450.22679
15520.96367
15303.57913
15204.03476
15273.28846
15134.51434
15264.36895
15245.08954
15387.12776
15373.55391
15458.15186
15632.33913
15762.29423
15644.04936
15504.55121
15296.25021
15374.62901
15362.87429
15396.91475
15364.53173
15326.62704
15074.88865
15269.34687
15368.63577
15563.46471
15470.28676
15507.35506
15470.80344
15654.64519
15551.98568
15457.23728
15295.34561
15356.73794
15428.60706
15227.78130
15315.80158
15529.36632
15491.31595
15503.48365
15315.91375
15390.99068
15426.21740
15304.93428
15222.88722
15407.98491
15502.57078
15510.38857
15392.29457
15334.28934
15360.70729
15397.19269
15363.62130
15353.59402
15430.21624
15438.98763
15128.14287
15410.93206
15269.25382
15292.45532
15410.57459
15615.74011
15667.09565
15379.28051
15413.99159
15436.24743
15311.63897
15557.58069
15442.81483
15422.72055
15359.52868
15223.89825
15293.21789
15301.15390
15435.41957
15356.35983
15324.26053
15434.05706
15271.60943
15331.06887
15402.85421
15519.57716
15217.41049
15105.13306
15189.45444
15421.62975
15436.17858
15477.04484
15457.65749
15572.09980
15666.03247
15688.67664
15738.24515
15723.97167
15356.25597
15569.07667
15502.75929
15649.59680
15735.70554
15608.76582
15624.90036
15469.30724
15427.23350
15342.02971
15415.93007
15595.40558
15656.56921
15502.02611
15471.20928
15406.03528
15553.05174
15499.68122
15460.91346
15448.06788
15538.83661
15549.61934
15461.88423
15380.33233
15458.02779
15399.84946
15355.65774
15551.32931
15304.89945
15441.48627
15431.34847
15508.30246
15548.41029
15528.67699
15501.56344
15441.14931
15463.52330
15259.06453
15253.29183
15243.06701
15297.50040
15200.87387
15204.86754
15229.03632
15289.81085
15351.49826
15222.31094
15190.28492
15146.27611
15291.19944
15207.20280
15385.67093
15315.88745
15138.35190
15181.61800
15121.96863
15073.65556
14942.74333
15304.04581
15473.10093
15336.36348
15295.78175
15279.94994
15217.41362
15250.89437
15406.78939
15251.26315
15205.46112
15330.01832
15125.60606
15065.13869
15174.35521
15335.45212
15283.85894
15317.82215
15256.15924
15251.36615
15355.43430
15399.53027
15257.02102
15345.22628
15174.83100
15049.41922
15096.31874
15011.93317
15091.17992
15366.15007
15292.83076
15440.28473
15304.17446
15448.88914
15462.37911
15366.69905
15611.14284
15530.93082
15621.60616
15547.61771
15410.97423
15482.35316
15550.21568
15552.52633
15418.02287
15264.80911
15102.24436
15281.36823
15255.58145
15217.36802
15375.50066
15478.85766
15683.36483
15649.39148
15727.96647
15479.54129
15389.57630
15265.88281
15297.15878
15161.52702
15370.75868
15393.78083
15513.67101
15511.11729
15434.20029
15534.03371
15744.16188
15580.06282
15410.14755
15363.83798
15376.43465
15386.93158
15347.11032
15441.21168
15477.36286
15374.17613
15286.37922
15272.86001
15288.52410
15360.18870
15314.56613
15398.99376
15419.87717
15163.09536
15060.91630
15162.11277
15198.89268
15203.46317
15569.93148
15565.07874
15490.32803
15582.35273
15318.92273
15522.45199
15497.92057
15584.09762
15484.99739
15377.40077
15545.37815
15476.28417
15493.27778
15590.79239
15720.91117
15417.39843
15389.39445
15317.59993
15329.41336
15274.04284
15582.86347
15241.02887
15199.82893
15138.57522
15213.50202
15290.59846
15397.82522
15463.79130
15599.45582
15520.45745
15470.58469
15635.01368
15319.81301
15266.88568
15338.17480
15292.36907
15494.23231
15440.26220
15326.69992
15515.11786
15445.47143
15397.71132
15322.72859
15403.57897
15425.14855
15578.21327
15779.83193
15568.99942
15524.60996
15546.86689
15540.42554
15693.75424
15518.93822
15270.66525
15195.17506
15416.68257
15498.05170
15198.23518
15129.37311
15200.49169
15254.15472
15279.92983
15339.83554
15326.00696
15592.47849
15546.35119
15370.42090
15418.04045
15368.25027
15598.88616
15467.03869
15404.67298
15291.39929
15358.16677
15293.27008
15194.89818
15251.79107
15294.78963
15168.83631
15234.55379
15459.41184
15518.67264
15544.66751
15532.53979
15555.05358
15511.62581
15390.57183
15483.39785
15444.27628
15466.65357
15379.25143
15419.13302
15557.85986
15657.24759
15707.66598
15644.37173
15394.78295
15354.56680
15297.63697
15343.85258
15247.32679
15382.33206
15343.17175
15446.78498
15619.38186
15551.40153
15534.48744
15666.95619
15523.22952
15460.01902
15532.87752
15534.26346
15423.16189
15431.62288
15430.91638
15361.45237
15368.30022
15431.76475
15697.14217
15601.69427
15395.71008
15541.81462
15472.42167
15277.75573
15315.63291
15262.67355
15434.77782
15328.53768
15403.31295
15566.91869
15445.41583
15322.38025
15392.26284
15494.27928
15709.10462
15671.02717
15773.55464
15745.69071
15403.92209
15437.42110
15453.82390
15380.63647
15420.62156
15325.51023
15394.04002
15101.75738
15064.78494
15017.31538
15254.37233
15165.57938
15339.18269
15224.73999
15280.88942
15521.90582
15679.63361
15561.29615
15361.75441
15533.36781
15637.90067
15536.55367
15530.93516
15530.25706
15457.35883
15636.77584
15549.96654
15541.12530
15286.53821
15233.09746
15278.70186
15371.93097
15417.78415
15383.91285
15395.90783
15466.77206
15592.35433
15656.47895
15483.08755
15430.72384
15273.14645
15168.85027
15221.13347
15258.50935
15255.87362
15398.75566
15279.32565
15402.84281
15391.65904
15525.39587
15529.61427
15656.29874
15543.18410
15544.99446
15611.29486
15625.78516
15794.25667
15434.28241
15409.15202
15439.38202
15525.40122
15629.49474
15358.77585
15246.08532
15107.73342
15214.26017
15570.86124
15546.88691
15587.05862
15089.82556
15126.66189
15162.96386
15273.84502
15093.47034
15214.77531
15231.31596
15180.39396
15280.99456
15357.85056
15340.78843
15592.42293
15418.27342
15399.13784
15447.72334
15423.88528
15328.72361
15492.31464
15470.77120
15493.79771
15525.72809
15460.41475
15480.21563
15293.41995
15618.57549
15435.77103
15362.34777
15368.87062
15229.71616
15291.13719
15303.01443
15308.58778
15234.62152
15229.72916
15426.77203
15494.33682
15510.11016
15388.58650
15277.19719
15344.22018
15216.02991
15368.95307
15413.11528
15530.62132
15438.31674
15471.86057
15434.19092
15352.41005
15270.38547
15327.60134
15209.84489
15392.89376
15512.35555
15531.41087
15523.21118
15490.15632
15386.24131
15526.37341
15373.38420
15055.51630
15237.54812
15222.23051
15425.99458
15481.10459
15545.23874
15514.50726
15295.61453
15170.32678
15326.65815
15327.44844
15250.34525
15441.41772
15415.34824
15528.81022
15529.00471
15465.27336
15496.20240
15460.95920
15186.33663
15283.53679
15369.25290
15324.68333
15497.90616
15566.87618
15518.31577
15455.47424
15237.08609
15465.18564
15410.47259
15428.82428
15444.61607
15537.72470
15606.07987
15692.97477
15475.59956
15528.89640
15629.91159
15572.02276
15500.94411
15333.23203
15496.79871
15489.95438
15316.97993
15414.06518
15465.79097
15312.35789
15213.23079
15229.33518
15353.75937
15390.60978
15284.20369
15237.26021
15331.84375
15399.81077
15486.83846
15240.18975
15273.10474
15368.64591
15404.10880
15416.24306
15575.43155
15475.31722
15426.41543
15356.68688
15296.01133
15497.03986
15265.42670
15359.91851
15583.11053
15540.30616
15443.71504
15478.67403
15530.85329
15624.68971
15391.45784
15506.97840
15497.11277
15636.18221
15418.42697
15326.74439
15235.23552
15459.93963
15163.46492
15113.66353
15063.44316
15127.33910
15225.15390
15442.76284
15481.81239
15343.35571
15248.49593
15371.62875
15278.92684
15446.76931
15554.37654
15572.65971
15470.82492
15431.16934
15704.75324
15583.66750
15520.63344
15473.84436
15413.19554
15333.89995
15427.03436
15511.10646
15285.95731
15222.90548
15330.85270
15486.31588
15279.96344
15712.87705
15694.23443
15639.53540
15656.58837
15781.90322
15365.79501
15368.12315
15280.01354
15178.99321
15145.61203
15128.84550
15172.18016
15281.77803
15555.05179
15345.74607
15325.24737
15432.23688
15506.21729
15310.13425
15186.47481
15265.08494
15334.87615
15641.42450
15505.58181
15595.88414
15763.93378
15725.42589
15643.33067
15532.70196
15510.05977
15404.38813
15490.17257
15509.14475
15366.08526
15114.79500
15228.24683
15414.49101
15424.37034
15346.02719
15320.45585
15144.43754
15294.84110
15332.20189
15446.42059
15417.56341
15331.61676
15265.93389
15418.16057
15355.76128
15359.19490
15160.95925
15400.71276
15532.75999
15334.68239
15551.50299
15438.32157
15340.12637
15327.77964
15310.61949
15583.10817
15350.27441
15356.45476
15381.20272
15625.47115
15519.61712
15268.87514
15125.21294
15336.92571
15594.34888
15702.97402
15671.73832
15596.93474
15677.85311
15508.66728
15424.46761
15443.67605
15389.63716
15346.08311
15516.70612
15443.90727
15485.85614
15488.04751
15477.14931
15362.60988
15408.28291
15444.65095
15276.66711
15164.26683
15284.38511
15422.97302
15255.87143
15209.83284
15497.87937
15441.16458
15238.52364
15327.48662
15392.75144
15381.19313
15429.83162
15359.12233
15211.14633
15411.00290
15324.28095
15569.62735
15553.00682
15320.72960
15467.98324
15539.18374
15203.54734
15340.76602
15411.71911
15536.67610
15453.34495
15307.62283
15449.89841
15306.32874
15391.50096
15453.40232
15395.53589
15351.64782
15330.22495
15350.02840
15567.23581
15520.87960
15402.64835
15360.74601
15381.43402
15371.58128
15548.21732
15381.31684
15426.69646
15372.07246
15326.51168
15222.49342
15244.21775
15322.43326
15303.48775
15401.11093
15457.16354
15453.15805
15245.05203
15470.00195
15404.92884
15346.37318
15533.45974
15441.65878
15412.34427
15298.55020
15471.35990
15629.30377
15621.85374
15879.60540
15477.56111
15358.76522
15479.39508
15415.75702
15217.04204
15211.59801
15433.61507
15466.91075
15602.26279
15531.18611
15304.83406
15405.88797
15432.30168
15429.99326
15222.08420
15445.55960
15540.02272
15495.93801
15261.07942
15478.06786
15541.41514
15534.17690
15295.49329
15279.18280
15516.39744
15526.29589
15431.85199
15353.72436
15148.32161
15295.79420
15203.75273
15304.78029
15132.37662
15334.25329
15427.35487
15329.28853
15349.56927
15506.81956
15590.51719
15505.72830
15425.85049
15352.03167
15320.35679
15486.36109
15636.99032
15505.31130
15500.28323
15370.14780
15223.82689
15261.51943
15377.75138
15364.55172
15233.54676
15343.09240
15316.77857
15319.74802
15269.50918
15324.25747
15315.88752
15272.39199
15228.21057
15153.51422
15177.40665
15339.91843
15446.35249
15582.08247
15523.41668
15708.36521
15631.90835
15699.88937
15435.96540
15627.15038
15816.90325
15650.86562
15600.77202
15269.80040
15148.30989
15181.43077
15247.03089
15478.32460
15452.72942
15311.34032
15313.60673
15222.43278
15322.08750
15289.22618
15405.30291
15234.86084
15339.58346
15386.91341
15418.52223
15723.05243
15615.48042
15292.66817
15257.45492
15345.06644
15199.44664
15190.23258
15332.52376
15275.56228
15355.22455
15243.07088
15418.32137
15478.74562
15288.42584
15522.54722
15380.75045
15245.91299
15199.90808
15213.62505
15346.02667
15283.70119
15403.67326
15447.19824
15463.98101
15386.34711
15451.10214
15459.70188
15529.46093
15502.18112
15490.07816
15164.30091
15331.10272
15441.06062
15615.15215
15524.73965
15623.87540
15500.14820
15491.36242
15402.46234
15404.36562
15363.31550
15083.68208
15208.04676
15408.76703
15502.08283
15502.92171
15112.66545
15277.04243
15438.57241
15233.40855
15338.82430
15279.70917
15233.86586
15341.85620
15146.82604
15283.82546
15108.48460
15165.21244
15292.35941
15487.94641
15338.46447
15091.32157
15076.82075
15335.97323
15452.22321
15267.34297
15495.93845
15539.28280
15402.40053
15342.98365
15468.38016
15536.64362
15584.00113
15476.74848
15551.27310
15445.20965
15489.25027
15492.09960
15484.83946
15411.43897
15249.15388
15212.37771
15380.95681
15325.69328
15224.09018
15113.62086
15319.89259
15174.60788
15340.33706
15486.47590
15667.47336
15423.18208
15303.54258
15335.37190
15190.62489
15287.88825
15328.08505
15269.45364
15339.95192
15513.73648
15529.68500
15581.16863
15520.00952
15529.57495
15554.97909
15675.50523
15576.57259
15282.00725
15424.97067
15436.22027
15405.86567
15241.33490
15236.66874
15371.71661
15575.66989
15421.60793
15330.31165
15423.16112
15416.68660
15614.16373
15626.84699
15600.63821
15363.91794
15322.99699
15246.59895
15324.54781
15129.96787
15371.60778
15415.22527
15266.40486
15405.42972
15556.11912
15602.08981
15467.94452
15368.99373
15426.34188
15517.63784
15546.46238
15668.99616
15635.93755
15345.54791
15397.54270
15335.12108
15381.47860
15315.50722
15398.29749
15161.49998
15333.52299
15411.88175
15369.14793
15310.57893
15371.53370
15457.31566
15429.84449
15406.30349
15582.90399
15429.49130
15505.99990
15383.94440
15524.70719
15707.17729
15628.44933
15693.60466
15543.12744
15474.63251
15407.67098
15504.09569
15436.42206
15605.37969
15615.32234
15573.96303
15250.39745
15258.32076
15583.82226
15453.56487
15418.72314
15491.91223
15237.90832
15221.00831
15170.13266
15445.35905
15420.73102
15329.49064
15429.80495
15398.53493
15506.62086
15445.63517
15486.71289
15461.11472
15544.80335
15410.81810
15603.32002
15568.95069
15615.88107
15702.75226
15704.33123
15822.35646
15704.46608
15596.10814
15577.60201
15605.52171
15353.58480
15551.49809
15489.85605
15477.96724
15347.52232
15381.97607
15615.28481
15488.21163
15535.24814
15513.03376
15396.48660
15354.21269
15326.15704
15611.96464
15455.37624
15391.79754
15246.33558
15285.07474
15442.96290
15340.34447
15467.71137
15416.08300
15235.37749
15335.60861
15433.64005
15506.38800
15500.55360
15494.67477
15553.26288
15606.77437
15494.14574
15243.77273
15351.76473
15438.32134
15331.12868
15493.96505
15377.34036
15132.12529
15425.13237
15434.35130
15189.56451
15223.22090
15315.06674
15538.38773
15351.63367
15232.13592
15275.90132
15515.51097
15354.09386
15177.83230
15322.91423
15436.63765
15581.27905
15359.01932
15606.25762
15448.85590
15454.80639
15204.05991
15363.61928
15292.38828
15295.65462
15327.24642
15533.59474
15133.20395
15051.92391
15010.99459
15199.87589
15265.65385
15186.13328
15326.48738
15452.41325
15429.02417
15433.51251
15365.48120
15462.55559
15337.70103
15295.37776
15251.30790
15458.87744
15453.35462
15350.83127
15250.02944
15293.31393
15279.28452
15392.55196
15376.99066
15353.42246
15429.46368
15384.69520
15533.48497
15625.71805
15533.69369
15630.11143
15303.88248
15198.92779
15264.79041
15285.91318
15459.54888
15455.14902
15525.96732
15395.20409
15303.64000
15369.26388
15439.77769
15485.94009
15308.82326
15256.89194
15270.85412
15205.92264
15326.46815
15333.49841
15379.31071
15141.61916
15294.85864
15584.70068
15495.63525
15441.26192
15238.96898
15232.89709
15270.11359
15368.36102
15353.74402
15614.99793
15584.06329
15477.67383
15389.76470
15381.78815
15538.25558
15472.55063
15347.49623
15279.28332
15286.58067
15318.39832
15324.64584
15208.81969
15169.50215
15343.26580
15346.04568
15470.60309
15472.95576
15345.13071
15433.50730
15373.52331
15418.71082
15351.83820
15230.88417
15156.78764
15284.18518
15432.79560
15587.38512
15574.52253
15567.73203
15399.20942
15247.29266
15397.31736
15495.07815
15410.70065
15427.36109
15516.51598
15554.35909
15433.75957
15394.12136
15446.14013
15439.04285
15461.89793
15388.43647
15310.49989
15624.90554
15577.58546
15571.25744
15553.71535
15646.46565
15631.31495
15605.04118
15540.69711
15502.78727
15497.03912
15474.36074
15711.37061
15352.92948
15154.48425
15414.50756
15451.59464
15445.81389
15359.27312
15585.10420
15550.20997
15498.28534
15391.91614
15403.89511
15192.79614
15372.33543
15351.61732
15274.20585
15361.78468
15450.17144
15139.03817
15281.45652
15325.62913
15477.18203
15317.97940
15480.23124
15465.83241
15509.07359
15477.66705
15545.04747
15624.57333
15512.66544
15304.17938
15531.79683
15419.41652
15600.74059
15393.67075
15355.26468
15114.78854
15163.02483
15004.60029
15211.76788
15486.09202
15486.45278
15496.29330
15708.73792
15604.78917
15546.07541
15317.26314
15383.63065
15252.60467
15439.65123
15304.25110
15359.00925
15570.39186
15301.30253
15190.50587
15181.15239
15126.68958
15030.72099
15283.73073
15372.17852
15037.08318
15153.39214
15295.21847
15315.90437
15446.26526
15426.00799
15241.00971
15390.31196
15598.83539
15520.68815
15433.80188
15414.40242
15450.77324
15378.60344
15463.11598
15453.27499
15459.56292
15401.49044
15357.67783
15442.70166
15400.04262
15630.89445
15389.76734
15339.47824
15476.46424
15554.31856
15379.13528
15213.10521
15244.66841
15240.06117
15350.83484
15238.56066
15308.28633
15400.32395
15189.37706
15438.33528
15432.42094
15431.20502
15375.75376
15366.17975
15500.80829
15515.65712
15368.57307
15309.39089
15333.14268
15358.65134
15409.08622
15612.70902
15423.83378
15196.99200
15237.73059
15289.84582
15295.29249
15396.95594
15493.87968
15472.98868
15566.73754
15700.55794
15230.10858
15310.64221
15242.07567
15468.45376
15366.46129
15152.85635
15165.52236
15287.78062
15319.51397
15526.64299
15482.10692
15445.45197
15328.30515
15426.44588
15444.37805
15544.56775
15451.49995
15469.86685
15481.99258
15352.63501
15322.31656
15302.50356
15451.30315
15550.13662
15316.81180
15183.97499
15315.33840
15189.93270
15469.01503
15274.31029
15438.63814
15605.90573
15446.52669
15333.62162
15552.09836
15615.08238
15354.69685
15369.63113
15285.69873
15504.79853
15228.69608
15280.82339
15358.44175
15302.40185
15343.61772
15389.71715
15176.17276
15277.66590
15429.54090
15548.45206
15455.50543
15313.12526
15138.80187
15075.24521
15188.49648
15096.78116
15282.77846
15234.57633
15263.75091
15339.13204
15333.71679
15295.39672
15410.11500
15438.74518
15653.26595
15444.42563
15650.74688
15533.05108
15581.00865
15593.41104
15574.85592
15496.83988
15443.02272
15485.72452
15495.72344
15485.36457
15434.57722
15482.38846
15557.31443
15477.70884
15320.29625
15170.85865
15063.56617
15446.47121
15584.92859
15474.59470
15648.04471
15402.75789
15292.02192
15420.64433
15371.96927
15444.11560
15350.34458
15372.48195
15311.85692
15320.30777
15391.40524
15432.57252
15449.41915
15384.08625
15451.33175
15474.61777
15537.92375
15458.14833
15429.96405
15497.33150
15180.48933
15252.22064
15326.71235
15270.59864
15110.00939
15247.85609
15215.92569
15274.46375
15348.92742
15433.59920
15317.48666
15208.37658
15190.14220
15393.84330
15377.26875
15303.07816
15499.36861
15555.95592
15426.30430
15498.64185
15449.85405
15408.69547
15437.60471
15438.32399
15414.32971
15422.05085
15336.95434
15440.41568
15344.63227
15443.34775
15524.50550
15445.61305
15239.82269
15281.35295
15305.04193
15289.42286
15195.91483
15334.94183
15478.83850
15783.37699
15575.45593
15362.17720
15402.05461
15333.76804
15613.42136
15724.43555
15372.61225
15278.14609
15423.23998
15330.01403
15255.60114
15222.47263
15302.18077
15428.54722
15609.15456
15631.34363
15317.43928
15500.57741
15406.95089
15302.71393
15317.30589
15149.36954
15173.18505
15458.68724
15463.99216
15303.62696
15366.23857
15532.88562
15514.81149
15484.76381
15466.13106
15340.69188
15353.61517
15251.81603
15248.29487
15410.66033
15592.09616
15542.83636
15518.42785
15578.89497
15595.29813
15536.17736
15428.10036
15518.98926
15522.75705
15158.59420
15257.14771
15279.80811
15198.41076
15173.04818
15174.14184
15202.28937
15388.30246
15283.86344
15356.00820
15466.68287
15307.86230
15246.99240
15292.59028
15510.51789
15326.38957
15533.60193
15433.05661
15446.63652
15454.59205
15464.04278
15570.29880
15310.36650
15490.43042
15408.12257
15439.82196
15310.70920
15390.23914
15466.76683
15683.34124
15423.27680
15353.69915
15305.60535
15431.28104
15347.84419
15265.94706
15310.14130
15445.80571
15573.57960
15379.88961
15320.29707
15268.10209
15269.81808
15384.52193
15478.20050
15620.45108
15539.23021
15633.72047
15503.65719
15454.86122
15614.21340
15568.78975
15440.81623
15428.01798
15394.61733
15462.89247
15326.37508
15333.47950
15458.30781
15552.00455
15453.53379
15446.88167
15405.97888
15422.82935
15605.21913
15682.78217
15322.53636
15328.75848
15430.70308
15407.93220
15462.17211
15385.13231
15346.64788
15434.59817
15554.07615
15628.81057
15699.28665
15469.03141
15397.76432
15533.95849
15579.78650
15491.79342
15317.36201
15514.43585
15348.77398
15228.09610
15284.46916
15204.45037
15267.92702
15337.82179
15319.71733
15306.98006
15254.71774
15323.45286
15301.37852
15285.56907
15306.34887
15470.61128
15490.10706
15590.89658
15488.05245
15445.40966
15474.37580
15548.31930
15572.66047
15496.63700
15458.41157
15556.74533
15438.40532
15349.16477
15329.16091
15487.29944
15482.37588
15515.76636
15542.51754
15322.22311
15301.62843
15322.66246
15267.05250
15239.48603
15292.07462
15563.72985
15437.44779
15516.37888
15441.81286
15410.47472
15203.67661
15152.62723
15305.57748
15307.16982
15391.06910
15477.28398
15495.65080
15735.84337
15561.88992
15245.76515
15432.72009
15424.53616
15483.02710
15445.29425
15411.37574
15409.69591
15428.65532
15428.65909
15421.84518
15400.73140
15337.63219
15197.04410
15077.06235
15182.55877
15308.81037
15586.27846
15676.26554
15521.50325
15502.58518
15359.36723
15385.05088
15428.58465
15451.12955
15591.24738
15446.43867
15445.11162
15523.53666
15495.93075
15591.90268
15497.93910
15417.10397
15372.98624
15333.76396
15266.63145
15469.50181
15486.36293
15615.20699
15471.48497
15184.93530
15446.18259
15470.82063
15457.12099
15341.19337
15392.16384
15161.09862
15334.68689
15334.64178
15235.91676
15253.90257
15386.34372
15593.42574
15593.19239
15689.35882
15639.99633
15533.39169
15758.50369
15467.61071
15578.16122
15596.44775
15537.15923
15393.40667
15300.60961
15370.54426
15293.69835
15176.97330
15206.42192
15224.29583
15107.40570
15245.50493
15243.43134
15102.97364
15137.81828
15332.63453
15336.33935
15303.26835
15470.47171
15385.86837
15245.92701
15223.73504
15368.70727
15432.00533
15572.87691
15415.87983
15270.19251
15507.16355
15379.69996
15391.35750
15206.59721
15213.84561
15363.60027
15408.17232
15310.57696
15332.43778
15371.28227
15414.31223
15468.56788
15600.29631
15745.72667
15721.75984
15534.71145
15600.09558
15475.80829
15240.82241
15360.70927
15470.66471
15385.96854
15295.47948
15389.84606
15509.47656
15451.84676
15430.89089
15552.44435
15425.02244
15239.23064
15277.88676
15393.66084
15461.97639
15360.07163
15290.48333
15295.82961
15353.09381
15396.02376
15393.10032
15485.09514
15361.67217
15459.44696
15445.09400
15457.88850
15336.15700
15413.01452
15493.27634
15503.11923
15372.85983
15255.60976
15406.59146
15278.37866
15354.24593
15509.10657
15494.79054
15446.96186
15345.31542
15504.49831
15423.45785
15282.00240
15374.20926
15293.31387
15230.68908
15187.23909
15316.07380
15402.34811
15399.50553
15271.96149
15463.36984
15348.02773
15184.84153
15204.39004
15283.81978
15282.89878
15423.94018
15355.42197
15436.50685
15284.51283
15408.41071
15680.47097
15786.94093
15606.04496
15693.63429
15568.35298
15710.90591
15721.25873
15502.69246
15424.22666
15475.18673
15425.96782
15331.00974
15433.56010
15331.98753
15227.46492
15340.78885
15227.28726
15449.87959
15390.87400
15370.34700
15242.47600
15246.01443
15221.76729
15300.50958
15527.76215
15394.47211
15479.70865
15385.64181
15295.44146
15226.90574
15348.51765
15311.05597
15183.81552
15163.29456
15004.56758
15236.98769
15382.66481
15347.56901
15414.52084
15409.65183
15371.09152
15261.37624
15335.17156
15239.77175
15263.50974
15136.84097
15108.47539
15185.31006
15391.38546
15360.72733
15325.57192
15420.64419
15446.84491
15435.81076
15536.33419
15539.39218
15541.21673
15587.83797
15609.71627
15405.48905
15426.76448
15607.13342
15475.23693
15523.06857
15593.68782
15483.86731
15475.51235
15583.25909
15329.94354
15515.71092
15409.06863
15243.84946
15252.37149
15186.07128
15269.31410
15251.02030
15515.36044
15324.04839
15327.47001
15230.59681
15298.92477
15312.31615
15249.43240
15316.65663
15072.60028
15392.33495
15366.15950
15295.25904
15467.14785
15415.95381
15327.54839
15422.61565
15231.72917
15599.04297
15460.30588
15390.35483
15246.23324
15364.83765
15416.90060
15484.91115
15464.64784
15506.73165
15681.64471
15683.66267
15438.89285
15380.95629
15246.76418
15385.05796
15378.16766
15446.65066
15339.14242
15109.17427
15104.10754
15109.18718
15194.24682
15438.43813
15340.14180
15381.59187
15429.99138
15386.71206
15516.61504
15301.64668
15227.30533
15253.80095
15226.56534
15366.24522
15316.81846
15161.12185
15270.19465
15285.60403
15498.57131
15350.67452
15692.26635
15526.82966
15689.35356
15480.97220
15448.17157
15429.61431
15260.44462
15223.82930
15229.07385
15364.28611
15395.37868
15506.71126
15585.41104
15473.39927
15345.39137
15385.33206
15323.66123
15382.43051
15198.48933
15454.33317
15496.50152
15334.20397
15468.07241
15384.44776
15254.24044
15286.76998
15358.04046
15343.76286
15458.06419
15423.23623
15251.52281
15164.23043
15408.72493
15309.83558
15255.98254
15374.98008
15481.17213
15235.08547
15350.61819
15519.35126
15553.53633
15582.57730
15605.71599
15485.97624
15547.86317
15381.95252
15313.01654
15159.31948
15107.50049
15225.36287
15269.41520
15325.66615
15245.86061
15207.42802
15408.86486
15457.37497
15303.75854
15409.81525
15414.49253
15282.32875
15389.84370
15327.98271
15282.22040
15211.66937
15392.47145
15166.99530
15242.87952
15274.01749
15386.10770
15218.04670
15274.16147
15219.81978
15090.02929
15119.28682
15302.29985
15263.59703
15357.45507
15212.07960
15480.27399
15304.59683
15338.10698
15329.24741
15330.54164
15292.61046
15263.86116
15269.73124
15437.86725
15511.54131
15461.02224
15472.91119
15621.30117
15458.30986
15517.65113
15516.18674
15560.94578
15590.98748
15259.35237
15277.01794
15233.40332
15410.49485
15583.26586
15567.27343
15466.72985
15358.48106
15387.16081
15691.55085
15597.59213
15616.16631
15430.47052
15442.09090
15430.21443
15549.75746
15463.99122
15188.31264
15023.99498
15274.26348
15301.41132
15522.32901
15550.02656
15383.55473
15455.15447
15414.90710
15516.94904
15567.51252
15533.76867
15439.27138
15683.63414
15571.73397
15361.69063
15446.56240
15566.48840
15687.71103
15463.04883
15140.15172
15222.80991
15299.04339
15434.47268
15409.14064
15360.40274
15401.40365
15366.01028
15416.22824
15470.16052
15475.94981
15486.83027
15545.09332
15694.98800
15401.76918
15242.33348
15235.25525
15163.94724
15289.93071
15349.69662
15501.19881
15639.20932
15654.47134
15636.07007
15539.69405
15417.60723
15285.23800
15381.26521
15638.25529
15388.16992
15478.07058
15267.01627
15382.76390
15395.46917
15477.95114
15273.60384
15337.62083
15262.23432
15482.70095
15333.28638
15474.68876
15348.67109
15352.37997
15241.79550
15236.15009
15304.83989
15302.38953
15406.61545
15327.27645
15497.97358
15275.78846
15270.17421
15185.09127
15146.38296
15286.93737
15339.83613
15361.73769
15373.19014
15371.30220
15359.09014
15342.35661
15498.36963
15667.16514
15557.97063
15412.34631
15469.03974
15521.75733
15392.69403
15322.52252
15580.03940
15605.32673
15468.49986
15268.41687
15377.88785
15427.42332
15559.67373
15485.23296
15352.15130
15508.58320
15522.01114
15443.71675
15505.98252
15578.02997
15536.72234
15496.67148
15305.12389
15418.78974
15260.00139
15326.80089
15275.86305
15418.84300
15413.83796
15365.95092
15281.59933
15149.12262
15338.19507
15385.61903
15502.34747
15361.80746
15367.14931
15370.07196
15436.94540
15366.57100
15298.49921
15617.65856
15550.22769
15542.73452
15386.51681
15335.90552
15423.93220
15285.44502
15352.19169
15200.38449
15263.03463
15337.23762
15508.95434
15430.64912
15467.83528
15465.31409
15437.62448
15331.44737
15331.28051
15304.99016
15287.70463
15358.39666
15470.99389
15364.10380
15431.98460
15488.11501
15603.74400
15656.68013
15655.99224
15628.85800
15814.21011
15635.15788
15506.78348
15279.46422
15260.65180
15353.98729
15254.67350
15230.62624
15230.94247
15276.07632
15189.28585
15192.70716
15345.99423
15386.78806
15356.16292
15394.34229
15444.60674
15422.42729
15369.73737
15461.77470
15368.44501
15481.51616
15432.41782
15463.39930
15402.58149
15276.02483
15364.03876
15419.18510
15417.46905
15489.11828
15308.90009
15341.99149
15433.08780
15289.69384
15244.75333
15238.73947
15244.96153
15435.46643
15570.30698
15375.04563
15562.31154
15404.43799
15411.96547
15302.80492
15252.10624
15208.20570
15275.94959
15205.69588
15298.57891
15233.97971
15356.01690
15435.02593
15453.97491
15334.35437
15381.69279
15408.39097
15468.59768
15313.42087
15260.28947
15301.44446
15301.10281
15122.32624
15366.63166
15399.06939
15404.51160
15373.91496
15227.65191
15083.52721
15151.65443
15305.69713
15479.78949
15299.83958
15298.28315
15467.58540
15470.84199
15508.15889
15461.61221
15508.04149
15557.26663
15554.46377
15450.42248
15429.41646
15393.12347
15348.17218
15369.73963
15353.35707
15254.19444
15477.76495
15241.10928
15200.66686
15140.67217
15228.93314
15396.86200
15224.47602
15263.22630
15373.33430
15368.90495
15479.09666
15389.36827
15488.91439
15398.52826
15426.83896
15362.25718
15541.32569
15562.62677
15570.56771
15436.20486
15397.26748
15390.16301
15465.37401
15686.53001
15620.28632
15484.61867
15526.41421
15349.87962
15355.19594
15471.22024
15500.70900
15674.96859
15757.67790
15454.12598
15359.32451
15426.64453
15377.28061
15245.56579
15280.51496
15269.60283
15309.21033
15334.91309
15599.06489
15594.92442
15521.34702
15567.03770
15716.44418
15359.17770
15442.28934
15285.79562
15435.69674
15523.17476
15308.79674
15359.34280
15296.79602
15254.06920
15112.26670
15180.36362
15118.49028
15388.00622
15383.63653
15491.32691
15376.58240
15398.98440
15215.29544
15313.16301
15458.04680
15448.24713
15466.24357
15463.86279
15429.18822
15453.44565
15305.07104
15509.03733
15662.00115
15743.21620
15613.94211
15423.67610
15361.03378
15690.13016
15682.36164
15449.60872
15653.26872
15507.50072
15538.27487
15277.69967
15481.77358
15500.11317
15612.24490
15740.83604
15741.42572
15683.06789
15678.71746
15539.56080
15648.56872
15293.10837
15365.35532
15268.92852
15286.53598
15445.80295
15387.96568
15514.84567
15540.35828
15311.98866
15288.29647
15436.93571
15480.36395
15459.70853
15584.69878
15624.46771
15609.25491
15577.49566
15569.89799
15519.34457
15426.63493
15320.09945
15242.29035
15377.96718
15102.81106
15160.44907
15279.02238
15322.30924
15301.67775
15302.58245
15205.50185
15068.84052
14930.62608
15204.94744
15301.49442
15300.79705
15461.47696
15676.37487
15443.20795
15381.30200
15448.60119
15706.53054
15727.87309
15424.77403
15466.55508
15281.68776
15362.85077
15576.71093
15372.53778
15439.00693
15535.73761
15638.00205
15608.56477
15491.58803
15415.66012
15606.14806
15551.72719
15512.52200
15450.98477
15360.68363
15426.84767
15485.18147
15482.40452
15428.84608
15426.38203
15168.27396
15261.06126
15210.19284
15277.96653
15212.58608
15224.51878
15342.62062
15431.40307
15366.66045
15435.59996
15341.94101
15440.85207
15384.19143
15391.50709
15478.21708
15489.92157
15535.99026
15354.86844
15339.31299
15244.03643
15535.20538
15242.23680
15116.90703
15266.12117
15334.25885
15212.72690
15264.12982
15274.52003
15251.50679
15324.76345
15311.52756
15356.47015
15187.05641
15240.60570
15288.66446
15219.69543
15176.21500
15385.07574
15366.44363
15488.00475
15598.33871
15561.00007
15358.46435
15120.43560
15266.85530
15294.07956
15242.83703
15443.84113
15460.95465
15320.00100
15310.72931
15188.70499
15234.09814
15277.13738
15383.77852
15389.46118
15673.74924
15456.03063
15216.76927
15277.12661
15279.68316
15207.42025
15312.78462
15267.97000
15362.03540
15367.37502
15327.36529
15368.83931
15363.22313
15612.88541
15564.63332
15447.64200
15265.61834
15272.16619
15258.68987
15282.60171
15255.71591
15502.55612
15216.66793
15174.24101
15275.31408
15492.77618
15484.67420
15614.79680
15489.27793
15321.30888
15266.65290
15377.39387
15408.00254
15412.51058
15297.43566
15622.19190
15454.81384
15299.06467
15399.95781
15422.36551
15515.11419
15624.72635
15427.19765
15355.02880
15542.10010
15505.45734
15452.32254
15393.77006
15287.74714
15283.48712
15371.85740
15515.51900
15388.07113
15220.32211
15229.98545
15214.46085
15242.49711
15315.51774
15210.70429
15378.50948
15720.91513
15587.14520
15442.10496
15447.01752
15362.05974
15412.71960
15507.14236
15286.37059
15347.39713
15050.65393
14935.28140
15027.29559
15162.68577
15117.52082
15262.16379
15240.25822
15370.55848
15330.71458
15412.10686
15700.49202
15468.77219
15389.39293
15357.70385
15373.47924
15322.84507
15225.98992
15338.28498
15389.97310
15298.23875
15430.10592
15423.28226
15381.04286
15511.52955
15500.18770
15410.72917
15553.84423
15526.36886
15497.43919
15580.68372
15593.65086
15407.46930
15376.02391
15504.13862
15484.63973
15499.16842
15499.96594
15496.62860
15484.45924
15426.69924
15445.89444
15468.06377
15363.53923
15130.56568
15146.35068
15302.52061
15385.18046
15226.66937
15260.88741
15509.14268
15510.34032
15531.51108
15500.23776
15609.56960
15472.08884
15411.27387
15322.81573
15403.73029
15510.12658
15427.61661
15443.69519
15470.94330
15516.29149
15352.38795
15365.05726
15415.09681
15408.39411
15314.70424
15321.01900
15339.75012
15300.85297
15370.21646
15397.36032
15401.03095
15448.09191
15480.52781
15452.05896
15325.59022
15487.46878
15452.10536
15517.28733
15422.46214
15336.13688
15494.46704
15525.74784
15546.65577
15334.74320
15392.95492
15420.18372
15615.17603
15446.92654
15378.15926
15458.58945
15370.50109
15493.64268
15365.06204
15324.08651
15231.26888
15178.51948
15238.14068
15314.93869
15436.00396
15598.40322
15567.97657
15477.37719
15568.19434
15499.14801
15386.02546
15296.13329
15212.99016
15360.48556
15353.25349
15306.61249
15241.29669
15165.88670
15003.01434
15113.35843
15252.53481
15514.09370
15675.72899
15732.24030
15523.68169
15375.14617
15588.25151
15465.97993
15480.72699
15367.76487
15542.89264
15645.15693
15611.61027
15462.47011
15479.59616
15377.99338
15366.55255
15396.38691
15503.45196
15612.28013
15616.62702
15511.98826
15402.15523
15375.10973
15401.47396
15522.59020
15427.74871
15325.44391
15398.43714
15441.03718
15375.69958
15435.77500
15538.73686
15490.20853
15538.12675
15686.48394
15364.68687
15401.01251
15312.62314
15311.64569
15163.81675
15227.18963
15165.48624
15242.89089
15337.93798
15445.46373
15316.65823
15363.13817
15452.01135
15263.10620
15262.30435
15239.95685
15173.81934
15179.76590
15425.41836
15376.41788
15320.01421
15327.76082
15349.23801
15447.60773
15383.00587
15383.26953
15534.91242
15529.56511
15500.13396
15630.07606
15600.91492
15363.30799
15282.25264
15150.70887
15531.54419
15325.42277
15573.40574
15431.61813
15403.80732
15447.21714
15572.81000
15735.80973
15610.41806
15392.70986
15423.18932
15401.97728
15458.88069
15320.39633
15473.91179
15462.42341
15487.17191
15351.96843
