15380.92742
15379.92154
15310.45958
15406.31469
15363.35415
15365.34608
15370.57940
15563.96584
15595.87157
15673.05148
15615.66976
15439.71502
15650.37416
15582.23522
15586.65349
15583.52651
15538.08265
15414.55407
15457.34786
15124.93071
15122.11201
15223.88632
15184.20537
15250.48667
15350.05861
15481.19707
15422.36082
15322.08062
15339.02897
15307.92811
15350.21932
15454.13914
15395.41714
15162.45455
15144.81882
15143.07136
15415.25143
15222.14069
15287.78931
15414.68040
15619.89605
15630.49839
15404.76231
15202.45997
15253.21800
15274.88187
15234.58535
15376.01192
15317.26449
15161.52579
15240.30432
15223.39987
15274.33982
15310.34860
15330.12184
15273.98123
15210.77864
15292.48557
15292.29189
15287.27121
15276.08579
15130.62684
15132.52324
15058.84417
15206.94194
15277.40543
15355.72133
15475.27936
15510.62128
15468.03680
15429.52192
15278.09564
15258.74344
15198.75691
15023.63201
15088.28231
15304.16142
15367.66473
15396.21044
15271.52511
15215.20865
15215.72706
15396.39348
15231.01314
15345.03881
15454.21286
15454.47963
15383.95315
15464.34838
15470.24131
15497.78573
15531.24399
15618.02926
15637.07737
15609.57737
15481.83694
15445.91362
15666.86562
15567.40373
15511.33262
15410.34910
15495.70713
15580.69562
15419.22217
15522.53746
15493.85617
15359.84825
15273.62044
15316.54676
15182.69820
15029.76116
15144.55120
15195.35602
15259.60800
15378.58815
15420.98453
15260.57547
15330.24168
15252.51852
15182.16938
15303.36246
15375.32040
15417.23000
15495.22056
15440.01314
15337.63112
15267.27131
15151.63085
15148.91223
15376.64934
15237.63772
15242.36350
15166.40071
15224.72424
15243.59106
15351.05684
15276.00415
15283.63456
15313.84560
15368.98859
15425.38146
15471.01694
15332.96727
15359.07340
15379.34096
15397.17324
15481.38866
15406.28857
15429.29921
15350.70155
15207.59216
15300.46616
15186.79015
15103.15911
15112.32997
15172.54466
15154.14397
15050.76036
15071.45218
15156.30505
15171.54313
15196.26718
15210.41451
15245.41916
15280.63007
15266.92038
15356.13113
15375.09254
15356.60613
15278.72892
15261.68359
15201.54889
15152.41003
15138.80527
15212.13967
15343.20367
15319.66612
15381.17910
15521.79034
15363.91505
15218.86878
15331.99202
15419.66336
15315.06219
15410.43654
15391.43150
15349.65866
15381.45534
15297.79424
15295.73005
15340.20977
15306.58195
15267.67611
15196.30449
15263.49354
15309.33474
15318.34842
15330.87901
15249.09606
15102.56692
15283.87546
15224.20634
15404.34180
15385.79665
15352.90863
15358.86324
15444.87700
15291.78666
15242.24291
15276.55072
15287.91277
15389.02835
15387.30170
15317.52435
15262.59516
15394.21978
15183.24138
15173.25432
15041.81850
15043.99540
15063.67921
15121.86846
15184.28813
15197.22909
15148.48314
15178.37497
15220.05992
15216.96184
15049.72214
15258.80281
15324.26173
15308.98894
15200.45081
15304.85443
15354.65916
15396.86379
15303.55991
15236.72441
15343.23105
15118.06850
15264.23562
15418.15918
15496.13369
15347.73455
15340.80760
15476.96866
15356.09957
15300.87727
15301.18809
15361.26121
15522.42702
15574.01256
15485.56541
15441.04315
15448.80768
15451.01996
15443.82148
15342.07206
15185.46493
15061.40626
15193.18323
15245.60411
15052.75664
15175.74058
15309.00585
15301.50021
15433.08051
15233.08548
15198.73603
15018.91032
15144.53464
15411.69463
15348.57851
15364.53318
15168.34371
15281.14336
15092.71552
14942.37761
15167.74013
15155.60206
15282.45286
15184.81783
15292.24184
15385.73620
15508.84498
15521.29407
15464.24036
15420.36027
15370.31699
15386.14088
15281.20608
15240.77030
15228.88105
15294.44788
15218.61726
15195.86641
15212.78372
15338.26014
15309.28461
15195.19644
15371.46393
15365.73163
15346.04345
15282.81216
15281.81792
15426.99881
15300.60614
15223.21750
15035.03509
15124.00955
15138.37379
15261.51902
15169.87250
15168.51984
15193.34361
15132.79114
15087.48616
15058.55493
15320.10019
15184.67579
15203.21334
15176.57452
15093.50631
15167.81620
15075.40279
15091.59208
15183.98465
15360.83646
15311.44494
15382.03509
15299.01761
15356.69822
15267.01450
15287.34762
15343.21069
15179.92019
15151.25754
15194.93297
15211.37794
15131.93258
15291.02677
15159.72650
15282.44375
15366.41697
15397.19741
15336.69518
15355.12823
15366.76582
15325.43555
15272.52139
15237.47325
15265.00588
15303.49737
15279.69825
15274.16448
15325.42319
15342.97398
15515.25161
15260.71381
15282.95778
15387.27089
15362.73094
15686.33578
15514.89012
15438.75628
15323.77931
15329.22660
15247.39899
15248.66516
15321.58118
15339.82036
15060.05964
15164.65560
15242.14090
15177.21189
15229.12155
15469.37028
15359.15611
15350.55107
15414.58708
15406.88450
15284.64774
15215.89611
15174.21896
15382.03312
15376.92390
15284.00075
15225.89412
15305.91238
15197.90801
15411.78259
15607.55948
15557.93944
15592.56036
15415.46405
15440.96100
15391.45415
15406.62619
15500.63517
15366.34857
15527.81204
15449.10989
15276.50415
15453.01211
15323.31404
15321.63219
15207.55142
15137.21106
15189.55764
15107.81224
15205.73860
15291.07866
15325.90092
15263.64212
15195.66901
15211.54049
15169.15589
15086.97226
15041.13651
15015.86849
15027.12032
15070.29633
15090.72799
15208.11823
15215.95213
15220.16848
15275.00085
15304.73208
15325.38755
15461.77893
15367.81489
15424.98639
15402.89774
15403.13231
15462.48237
15393.46669
15282.93285
15282.33639
15344.36506
15446.50040
15460.47026
15484.27169
15554.08260
15519.66499
15569.96761
15521.87758
15567.40300
15571.56872
15478.74180
15578.04439
15340.92814
15277.51045
15239.50169
15382.66005
15400.70356
15307.00925
15489.06363
15322.32289
15382.15100
15333.25172
15365.13591
15420.99420
15256.66745
15216.50228
15052.34440
15079.93582
15101.21358
15167.93190
15145.61975
15226.58714
15204.40870
15136.55786
15100.39324
15101.39422
15228.99499
15415.35233
15384.86997
15472.70260
15595.38634
15497.46069
15553.03959
15481.18115
15437.52488
15390.11988
15450.25443
15483.55639
15463.79710
15558.85527
15424.20109
15367.20953
15401.71128
15510.76097
15313.03657
15342.24026
15428.19853
15371.57424
15435.60876
15290.24312
15318.30381
15186.48142
15281.95046
15218.85497
15061.83410
15044.13214
15303.00545
15333.70691
15333.19938
15144.89666
15323.12820
15140.14493
15185.52074
15252.53056
15500.34867
15383.87891
15361.62855
15335.09144
15365.15198
15267.42152
15171.96067
15347.85299
15541.02236
15596.01784
15612.59037
15473.02835
15301.99568
15461.48692
15431.77096
15392.71325
15278.51159
15150.42361
15190.71443
15253.70069
15143.57165
15241.28274
15176.44471
15193.60051
15231.63010
15129.21483
15192.22011
15204.73801
15153.76908
15037.51036
15161.49983
15274.66448
15317.00232
15516.43605
15546.79764
15439.95686
15466.57720
15529.56291
15578.34739
15679.07609
15671.82746
15680.28066
15664.60670
15463.35409
15460.56817
15353.14846
15525.47903
15598.07304
15381.27637
15194.10800
15205.47127
15417.29569
15380.33764
15385.00663
15441.90644
15382.88253
15430.39333
15496.54551
15431.63646
15547.94263
15472.51280
15493.34235
15476.29268
15287.61103
15223.98469
15252.22919
15276.77056
15179.46775
15364.87766
15351.92450
15588.81253
15416.22980
15322.14742
15133.50532
15396.13945
15352.95259
15219.40097
15127.62724
15164.74281
15270.17356
15225.45857
15097.08457
15145.08986
15017.09248
15176.58522
15252.22831
15359.81769
15325.08917
15379.79161
15334.57679
15355.84608
15407.20146
15383.59959
15506.73498
15640.71272
15537.92631
15509.78719
15351.04606
15387.36944
15235.21363
15332.89026
15334.42602
15148.39505
15108.00004
15125.99453
15132.21253
15264.19172
15181.61511
15061.25123
15146.16616
15140.58646
15030.85307
14969.70269
14886.12313
14878.38763
14866.07553
14985.54232
15142.11892
15331.38293
15148.19110
15171.68553
15346.00564
15258.15269
15387.29169
15293.74647
15182.60680
15185.72724
15273.08141
15241.99786
15205.49954
15335.07368
14956.54868
14966.72872
15113.31107
15115.44324
15148.11210
15034.21068
15173.47891
15265.71382
15325.62452
15390.96511
15405.51776
15335.91949
15384.42369
15110.79709
15082.69756
15127.41081
15151.78762
15100.49112
15140.14376
15220.60762
15212.51308
15256.51217
15166.41534
15221.08371
15329.41081
15323.32594
15371.88715
15368.17351
15463.35914
15506.28141
15367.26878
15297.80553
15172.83633
15208.18648
15194.72914
15252.75985
15336.04098
15237.35370
15197.50583
15251.08004
15224.08158
15000.86312
15156.99705
15094.96055
15108.94951
15265.22250
15212.59560
15210.19931
15347.30954
15416.83710
15458.16885
15398.74389
15346.91715
15279.58701
15418.85629
15398.42855
15407.94444
15222.50762
15274.42250
15250.35977
15417.50338
15454.18233
15442.32882
15283.79524
15259.40445
15337.42678
15408.67576
15407.28217
15390.53400
15428.41689
15419.67272
15307.20464
15312.24865
15362.28987
15331.54128
15201.74235
15275.15012
15137.64666
15316.81078
15391.18266
15387.17487
15314.80758
15381.48939
15210.39892
15232.19362
15195.83816
15210.51490
15521.87907
15575.96400
15508.18329
15435.54046
15435.75386
15452.29071
15204.27144
15257.21427
15184.04764
15152.69687
15314.91612
15205.30560
15211.85110
15233.75291
15389.76019
15228.15448
15224.26296
15190.50017
15256.06244
15315.25538
15362.86872
15297.73825
15256.92143
15382.39105
15287.14925
15212.01720
15369.08627
15457.96403
15382.30956
15267.09678
15360.90194
15340.48688
15374.82916
15391.71651
15448.35526
15425.34998
15442.64645
15714.43218
15582.17115
15458.18308
15505.20028
15511.15368
15402.98367
15322.68873
15449.66501
15460.88755
15311.63291
15332.24109
15395.91527
15352.87026
15495.57465
15451.76885
15405.87821
15504.28681
15670.01758
15471.69676
15226.24185
15408.38409
15510.08388
15660.19892
15582.79606
15436.41194
15468.80144
15158.24680
15231.32273
15172.79370
15200.63935
15199.38393
15262.59944
15288.23627
15193.85748
15343.62562
15402.65974
15398.32428
15397.56994
15200.95454
15171.08175
15267.46074
15383.83734
15280.51555
15362.83835
15299.25139
15458.90087
15363.66673
15285.78005
15148.67280
15225.94710
15195.80843
15050.56154
15357.90347
15481.93040
15716.40826
15620.36618
15312.60444
15348.08193
15429.11598
15283.53718
15294.55311
15499.08629
15554.62474
15301.51855
15114.22240
15241.37025
15264.76913
15125.23497
15264.82153
15381.02452
15292.58885
15416.80344
15436.18995
15455.32314
15456.09219
15429.72242
15302.58863
15362.34212
15480.38385
15419.94613
15379.24870
15316.46159
15232.86459
15050.46257
15328.77728
15392.82913
15207.58160
15287.65941
15495.21193
15435.55559
15518.28117
15329.31308
15453.31716
15497.44527
15497.08776
15548.74665
15485.93749
15345.52180
15283.32789
15295.49962
15210.44508
15143.06323
15182.93901
14961.15961
15089.23557
15165.79884
15187.07653
15240.09389
15358.55366
15380.42067
15460.47939
15619.03198
15444.87340
15536.10204
15537.80525
15515.31751
15537.20576
15550.68808
15474.97203
15425.87644
15409.68917
15267.20278
15456.49524
15284.14097
15328.76205
15215.69711
15141.43674
15347.61389
15322.35770
15192.34826
15263.72969
15198.65241
15135.93791
15352.71462
15217.48986
15292.49846
15382.36381
15446.23657
15470.17341
15372.35765
15329.91544
15410.98728
15251.42332
15255.72460
15409.52281
15499.06585
15647.32017
15581.72550
15472.65767
15455.32444
15489.27158
15451.36913
15366.23520
15490.56832
15286.74522
15246.01853
15276.74126
15300.26180
15229.37751
15119.11777
15226.32628
15081.19179
14766.14249
14954.01908
15061.03200
15116.66185
15193.49076
15159.20197
15260.59810
15228.45635
15160.93332
15381.74410
15358.44018
15275.85732
15312.98415
15385.40707
15327.15375
15384.81397
15341.77500
15251.11568
15312.46754
15306.72650
15152.15567
15481.73010
15272.27916
15182.30673
15196.42932
15099.05111
15013.25821
15338.20489
15231.47977
15195.13972
15135.22550
15159.57245
15258.29402
15181.21222
15195.73156
15238.60142
15204.93252
15073.87011
15145.36773
15210.77737
15116.51030
15165.57044
15243.67087
15225.08287
15359.56907
15470.94059
15375.26234
15327.00914
15157.72482
15100.79309
15217.66964
15285.11965
15301.27663
15332.17007
15194.57029
15188.06330
15226.01841
15126.87734
15406.47726
15421.25570
15498.72425
15401.77001
15428.76143
15401.51885
15527.67773
15437.52078
15491.56252
15539.29545
15493.23142
15418.13808
15351.71518
15409.44362
15406.75638
15405.79408
15361.30481
15317.00455
15430.77157
15434.62299
15435.20774
15313.51681
15321.49698
15320.98420
15377.30133
15372.01608
15364.34749
15385.95750
15310.10660
15336.97074
15227.03587
15176.41193
15348.02944
15253.77335
15236.48868
15215.83550
15210.85885
15256.70353
15387.22146
15396.00599
15542.61911
15401.26626
15367.84113
15374.64616
15407.61245
15446.13699
15273.40181
15336.60988
15329.53623
15193.88460
15314.50260
15271.68307
15403.96041
15329.51007
15251.67921
15096.54725
15120.58078
15084.62578
15292.00190
15222.46564
15057.08153
14953.50113
15108.53973
15182.22897
15262.04632
15227.38574
15461.62834
15554.90023
15475.74365
15263.49885
15256.78861
15194.31338
15334.14173
15266.32794
15399.24653
15223.03808
15184.16179
14947.11607
14934.72224
15061.93282
15059.70160
14973.05021
15218.40680
15150.92044
15229.35314
15346.76010
15362.37320
15048.28849
15099.20059
15140.51432
15349.07078
15279.43909
15376.75925
15300.47335
15271.27181
15199.85834
15022.20962
15067.57675
15090.76379
15130.23628
15212.79258
15190.12616
15195.22304
15142.84578
15090.25534
15313.48952
15365.34522
15401.65299
15387.05135
15427.92019
15354.88554
15222.98165
15225.43430
15373.68417
15317.06474
15199.23817
15285.04543
15355.71368
15310.74481
15331.55463
15229.56169
15401.28281
15477.34701
15460.77240
15609.43796
15413.52227
15336.97764
15284.41661
15197.15331
15219.98390
15197.00513
15318.52668
15369.65106
15448.31969
15239.09521
15342.14852
15348.77136
15430.72529
15403.53008
15308.45456
15293.13778
15269.26841
15165.61564
15385.52950
15416.36551
15328.57278
15193.64977
15058.88174
14897.48039
14926.94514
14998.61142
15110.56801
15261.17910
15225.36681
15128.57341
15231.24677
15389.93011
15458.64245
15255.28183
15301.30593
15386.44149
15379.56947
15392.76475
15363.54920
15322.09531
15353.54675
15226.99389
15320.69730
15480.24601
15336.22961
15229.14921
15409.72283
15307.97834
15136.53595
15066.83259
15125.69188
15185.52400
15259.27904
15356.85581
15366.94661
15493.68939
15560.68464
15408.19018
15381.61384
15285.61656
15239.76974
15361.39920
15496.80233
15444.30011
15315.02102
15315.94591
15322.17463
15349.61171
15203.09428
15173.87203
15223.45375
15163.23398
15368.86480
15351.31744
15255.35561
15313.43123
15400.74793
15220.01241
15224.12629
15163.25889
15283.56979
15321.99951
15408.16406
15281.86197
15221.58059
15230.59963
15193.26871
15263.42923
15251.04720
15061.09815
15076.15472
15267.39795
15439.78668
15272.31199
15282.03466
15325.70181
15339.00948
15405.21601
15274.43726
15297.58188
15301.70619
15390.45864
15345.72480
15504.72942
15388.89462
15286.76637
15328.05497
15387.47706
15653.77059
15582.96676
15280.80782
15214.43056
15154.89901
15363.51462
15198.95407
15239.62821
15272.06513
15039.02532
15104.21374
15184.55883
15131.69268
15275.46530
15302.70761
15261.08710
15422.08946
15375.72324
15474.18088
15345.85290
15391.94931
15515.82867
15472.67732
15291.85337
15288.40589
15183.77685
15420.36967
15585.27550
15572.42502
15427.98508
15247.93838
15291.60183
15224.22977
15462.20626
15483.13394
15368.91801
15282.72109
15552.86245
15537.85110
15612.22808
15480.92451
15338.00880
15426.09854
15287.69206
15085.08884
15068.45203
15009.52140
15004.12705
14853.96555
14957.50963
15172.24167
15095.91301
15057.97209
15133.88153
15353.60589
15282.31288
15225.94113
15351.29284
15329.70136
15434.91274
15333.61827
15302.44088
15338.15450
15443.90450
15321.92705
15314.46027
15329.17296
15162.47657
15069.87999
15075.98408
15177.40394
15213.88910
15242.40087
15190.95534
15124.29653
15149.97438
15155.04857
15314.97323
15415.20471
15326.16883
15170.83567
15165.02664
15107.43748
15214.77148
15212.12252
15352.14132
15238.13919
15536.01387
15276.27487
15307.31714
15147.14103
15392.01505
15358.99548
15346.35509
15340.13712
15359.47227
15363.31520
15461.20716
15291.05462
15281.96159
15338.86789
15432.10222
15404.75919
15395.56481
15296.62278
15346.43286
15323.27579
15448.12903
15389.71298
15328.01752
15378.71010
15364.66537
15578.66710
15336.25567
15589.30721
15610.08849
15584.62501
15427.24009
15560.63909
15497.17052
15395.18939
15333.37725
15304.51240
15351.74952
15342.54785
15489.06094
15644.41357
15620.53363
15469.10117
15662.60567
15339.42015
15133.64463
15293.24359
15289.85593
15252.22553
15147.72432
15217.20300
15350.08098
15195.99491
15315.98175
15315.42496
15322.07618
15490.57851
15574.45367
15446.63323
15361.29131
15272.70028
15227.62920
15294.24984
15188.87029
15197.81585
15338.04274
15483.87319
15350.64509
15225.08847
15278.05531
15374.28339
15254.71336
15209.92749
15237.01740
15406.92387
15262.74397
15302.73308
15274.78046
15277.72088
15197.48864
15271.31373
15316.75558
15390.63540
15354.43557
15284.96162
15364.10751
15511.01480
15350.89444
15506.49267
15383.45828
15304.16677
15328.28509
15412.48924
15500.98040
15483.57866
15436.84250
15555.26919
15470.27115
15485.65005
15556.24992
15672.97860
15579.96702
15514.86425
15502.57187
15342.93422
15287.97284
15268.43883
15368.47495
15423.63043
15586.68815
15445.07921
15444.19079
15472.87852
15506.77058
15550.19111
15456.75541
15454.09081
15396.33225
15322.01469
15361.58626
15253.07856
15286.98204
15458.09321
15481.12049
15474.81025
15592.39181
15641.45437
15734.85755
15633.44207
15471.09791
15303.74391
15398.06459
15356.07981
15310.73327
15325.52718
15316.43720
15488.01967
15401.81729
15231.73393
15444.81319
15502.18583
15444.33084
15512.67677
15614.38690
15626.83261
15548.98151
15501.43202
15386.36032
15484.53347
15464.35879
15407.31582
15245.62900
15327.61396
15223.00196
15250.43941
15335.47580
15384.32262
15406.80143
15320.89596
15345.83669
15158.78650
15188.77548
15134.39384
15192.40404
15141.11041
14977.27602
15160.68917
15274.05083
15326.29995
15355.04512
15401.92239
15199.82800
15178.34790
15304.32001
15280.59980
15462.29420
15353.36145
15339.98798
15359.30590
15342.81043
15323.41434
15326.33398
15192.24408
15145.19275
15146.76278
15419.21473
15316.29669
15286.53555
15339.37450
15377.44677
15344.99851
15183.54854
15047.95278
15163.42620
15361.35260
15485.03783
15448.22804
15449.28116
15396.59625
15412.29771
15486.32953
15516.98101
15517.30487
15364.91128
15253.75002
15160.96384
15094.45278
15141.65012
15200.49625
15347.49568
15364.44423
15209.41722
15299.05631
15320.40793
15353.04971
15368.51133
15648.13788
15614.79663
15576.56671
15525.28046
15536.49837
15383.08722
15368.16574
15092.84241
15202.04163
15459.67450
15459.44278
15287.39415
15222.82654
15287.64095
15374.50113
15478.48763
15397.08611
15296.45816
15314.37000
15392.15940
15263.98660
15304.48469
15173.35623
15154.45962
15198.46630
15191.44148
15161.71007
15182.76108
15200.75019
15397.09599
15472.25297
15283.71100
15394.53514
15240.44806
15263.30974
15316.22828
15289.64935
15234.39335
15362.44794
15466.33776
15608.54379
15407.51834
15353.08972
15430.82262
15352.61801
15222.97643
15163.78758
15331.40474
15368.02559
15284.06594
15253.50427
15408.45391
15448.68206
15515.77951
15327.76450
15361.81097
15425.05405
15393.98015
15284.33336
15355.80691
15327.57757
15433.07304
15310.26981
15258.90379
15273.55395
15361.12669
15409.96745
15329.79716
15232.81576
15438.52630
15182.98124
15115.05896
15397.16772
15555.25693
15515.13526
15524.08810
15507.32753
15293.25253
15449.93240
15538.42575
15476.47190
15375.23892
15499.53340
15316.10641
15471.51288
15417.68553
15331.47315
15211.20784
15248.54054
15025.66803
15242.01373
15283.87236
15311.28597
15340.21419
15274.33564
15289.60169
15233.90584
15353.12470
15268.24646
15276.87846
15289.72508
15410.99786
15447.98010
15573.49153
15458.20010
15549.77543
15482.91026
15462.37476
15579.56126
15415.11770
15448.95280
15449.91335
15340.77120
15395.77160
15243.56614
15192.03602
15278.72788
15082.76434
15110.02324
15075.21659
14979.13325
15222.78598
15338.62098
15183.22554
15105.78685
14896.85307
14911.44310
14919.75502
15178.61466
15018.95859
14989.61766
15125.14885
15169.82299
15230.94900
15225.92267
15243.61862
15316.38523
15456.52864
15448.73767
15208.84680
15067.96465
15192.63476
15249.82255
15346.22906
15317.30996
15459.90389
15308.16302
15348.18173
15336.67834
15209.84164
15299.29286
15572.77791
15595.50114
15611.60240
15498.33539
15257.29846
15322.46637
15609.02594
15535.06019
15476.76533
15448.52367
15512.02835
15496.31350
15418.93730
15551.30089
15405.14103
15268.31900
15365.74576
15281.75583
15390.54810
15343.84865
15256.79967
15270.62867
15177.77645
15336.80328
15333.37936
15431.44901
15401.48395
15369.72148
15433.12686
15242.24101
15200.03402
15309.41273
15314.40835
15291.04100
15324.94617
15351.36081
15554.82366
15529.45151
15466.81027
15454.61059
15511.46100
15550.78999
15471.62162
15248.61696
15336.55915
15292.41341
15202.70869
15111.62290
15198.14772
15166.80567
15153.99302
15055.65933
15120.65867
15165.68129
15059.05013
15174.32963
15217.49878
15330.73340
15469.51307
15434.41485
15361.87479
15523.69324
15553.51877
15329.26436
15387.16676
15456.62351
15370.74094
15275.08730
15334.54978
15205.14857
15343.84734
15191.99027
15154.21265
15134.62331
15094.12326
15355.41457
15407.51021
15298.98847
15190.15032
15160.30542
15005.83185
15050.92040
15103.27879
15117.51679
15370.99024
15494.89921
15428.92982
15252.79407
15058.01348
15152.49465
15190.44230
15099.31369
15083.64521
15127.38592
15238.28423
15312.71415
15196.29983
15242.26460
15123.46760
15064.27566
15002.20981
14989.44332
15144.17587
14983.65359
15012.71201
15037.86638
15069.25391
15134.70372
15317.37355
15437.94065
15457.08439
15345.44952
15380.91627
15363.42947
15365.75169
15488.70562
15518.64921
15324.68096
15296.27633
15360.74555
15476.19439
15386.54814
15241.10582
15028.72488
15059.24594
14988.22615
15080.78010
15278.14111
15508.60498
15410.78261
15265.43795
15315.27199
15364.09981
15459.11257
15426.55368
15584.42450
15595.93819
15461.26734
15543.26927
15506.00604
15489.97213
15243.94886
15210.63009
15162.97089
15282.14049
15227.18744
15093.45504
15282.91975
15248.90321
15100.72745
15321.07032
15255.70330
15378.48905
15347.11359
15141.04810
15239.12430
15261.13389
15221.21434
15247.96123
15222.71574
15213.57459
15390.11938
15609.46763
15622.98465
15484.84251
15347.32584
15264.61592
15297.18942
15202.31791
15127.88753
15256.13976
15288.32085
15394.31551
15391.77377
15289.10035
15430.81970
15590.04555
15615.85456
15659.56831
15615.01747
15581.75657
15454.98638
15366.56532
15409.86883
15459.95088
15362.10712
15389.54968
15304.88629
15346.49521
15499.04820
15461.56522
15367.64053
15241.04018
15241.41594
15229.05643
15106.74456
15355.92624
15100.59046
15019.04483
15121.29739
15051.94550
15165.82248
15288.17536
15384.09246
15238.55528
15310.33059
15343.87126
15218.62976
15284.83006
15268.44103
15296.89737
15220.72009
15175.01658
15234.26795
15270.20798
15216.20623
15121.92369
15208.25137
15120.81769
15201.05089
15201.46468
15076.40265
15180.65928
15181.29766
15229.15659
15193.25911
15188.34208
15343.44635
15241.27436
15328.82292
15363.46119
15234.85203
15239.40955
15218.74130
15266.55074
15303.22173
15225.00184
15382.82313
15462.61915
15451.13545
15377.22186
15583.16182
15592.12332
15448.17904
15433.25139
15298.84986
15181.76640
15400.04181
15341.05051
15270.80126
15413.40203
15362.66076
15136.35074
15293.91339
15263.31809
15414.09593
15369.37172
15335.15633
15216.28485
15298.47463
15344.03539
15230.32533
15374.05654
15413.39938
15545.84718
15524.46214
15593.43544
15682.88404
15561.62379
15427.92372
15534.02597
15413.93555
15357.01494
15268.66814
15175.22938
15131.29506
15135.37475
15277.68430
15250.57029
15235.99933
15157.09475
15371.65403
15415.61168
15273.90711
15246.59920
15164.22480
15007.64572
14875.50720
15074.50099
15138.49376
15179.54096
15211.44053
15011.00548
15040.74506
15046.54699
15106.06333
15294.14084
15173.34799
15294.17063
15451.75604
15626.79107
15516.66819
15491.81161
15342.42863
15319.40519
15371.59557
15384.41897
15356.75218
15348.77061
15366.76542
15428.06888
15357.34347
15478.52598
15465.32489
15273.47189
15359.56019
15381.10946
15293.21559
15213.85242
15204.11061
15321.05416
15465.08840
15372.66245
15608.02371
15683.20080
15659.45607
15718.46204
15628.79556
15604.81451
15622.08865
15439.04522
15475.06543
15457.58610
15324.66806
15211.54867
15316.20172
15252.35728
15298.39028
15439.86019
15318.21231
15349.80458
15339.88239
15310.95802
15476.92274
15374.70784
15472.71249
15594.09014
15470.34727
15474.58077
15426.65431
15248.41883
15295.00238
15266.38289
15228.41102
15193.67514
15108.04458
15207.47799
15414.81768
15214.77885
15247.95159
15200.61095
15166.81216
15072.17745
15254.16094
15383.48906
15243.56764
15194.09405
15219.03968
15205.97352
15304.75907
15287.83637
15321.50106
15299.23329
15202.28718
15229.66749
15277.55775
15310.12357
15237.43501
15179.99853
15331.84022
15317.23942
15284.63390
15201.06234
15230.44059
15222.83082
15230.38052
15258.54774
15256.87099
15123.15118
15074.34126
15283.05801
15217.24249
15080.51710
15098.64985
15033.01740
14995.16577
15062.40435
15033.23272
15135.97931
15158.00620
15201.12442
15302.96889
15434.35400
15659.45923
15446.03994
15375.77534
15489.80429
15324.77601
15355.88106
15350.93678
15355.12582
15235.23143
15219.47390
15227.43368
15306.51766
15386.63578
15441.24653
15476.07730
15360.85738
15360.46632
15171.97088
15457.59872
15567.98044
15445.73089
15480.20438
15344.98467
15401.39891
15541.61855
15395.58799
15425.73788
15425.32976
15481.33027
15589.68401
15501.03381
15473.10036
15482.93278
15344.98971
15210.32795
15405.38819
15512.87375
15618.98795
15405.95155
15631.18817
15513.97804
15383.58589
15428.85174
15195.41799
15322.05754
15458.52202
15478.91756
15491.17222
15478.31586
15334.42386
15326.58705
15353.29317
15358.54304
15383.21046
15401.96680
15288.82456
15190.65323
15216.05642
15325.24477
15387.16979
15438.77796
15354.72547
15362.58309
15211.62757
15149.23733
15080.48930
15043.65637
14890.92663
14866.52136
15125.81577
15203.25693
15333.08676
15203.38313
15146.62397
15268.75742
15325.51243
15145.19973
15338.92576
15371.04303
15373.27641
15241.87577
15322.46796
15359.44391
15501.63172
15375.08417
15234.79462
15232.90671
15233.89294
15309.57918
15462.81819
15413.48756
15334.61120
15368.30622
15303.79614
15326.71549
15317.89560
15290.00242
15264.03268
15187.16695
15195.57515
15128.86807
15181.96606
15062.79148
15059.99930
15195.28773
15374.01475
15231.17848
15372.76659
15402.16999
15234.77802
15261.92535
15236.83290
15261.80441
15370.73078
15261.98638
15460.00762
15316.57678
15359.15173
15420.00502
15384.14829
15215.60703
15192.18588
15331.31292
15273.34957
15304.07546
15265.94167
15206.27625
15293.71484
15283.60070
15441.13131
15409.05442
15342.13676
15381.49649
15307.53968
15248.66095
15190.88584
15245.30537
15397.78861
15267.88049
15151.52396
15289.12530
15286.52424
15133.16219
15399.42245
15138.62895
15242.84313
15390.31460
15346.37132
15241.23632
15341.11374
15174.42647
15158.56732
15152.29474
15024.38381
14981.32615
14969.60771
15096.28504
15170.25595
15154.04933
15247.68385
15339.44142
15392.83080
15502.50920
15653.69276
15641.51765
15460.43569
15437.47478
15483.98690
15491.66192
15662.34742
15483.07301
15379.45564
15428.40268
15269.52526
15278.47429
15229.92313
15099.62267
15242.22634
15254.62973
15239.89532
15377.12233
15399.84023
15201.49744
15361.46872
15498.48890
15405.62487
15590.38192
15566.46902
15381.70799
15559.70410
15377.59365
15390.60110
15346.82729
15343.96673
15206.26888
15107.51129
15322.99751
15246.51353
15096.72286
15302.52846
15239.45761
15341.50025
15313.03472
15102.78793
15136.37059
15244.45367
15206.09344
15249.01557
15252.49374
15244.21349
15493.12128
15544.17843
15366.13806
15348.20558
15374.96462
15424.06063
15567.39542
15642.46425
15637.50918
15807.44250
15910.50461
15731.55561
15656.35184
15534.99766
15368.33978
15469.16331
15260.93439
15303.51852
15480.06433
15414.20853
15319.43799
15259.84023
15307.98503
15589.41303
15756.98395
15630.24520
15478.52507
15479.23239
15444.42493
15440.46398
15218.14418
15219.57723
15186.17711
15229.07206
15175.77529
15134.77464
15042.57076
15048.93904
15212.27891
15176.07280
15254.76902
15292.38863
15260.47061
15148.04231
15320.98663
15110.04565
15248.31851
15217.99524
15317.04349
15270.83556
15300.49231
15225.57292
15238.10194
15355.07043
15193.95238
15299.37541
15151.58830
15233.28692
15084.02243
15074.08200
15068.32659
15014.89946
15137.96679
15196.61097
15104.74477
15096.78118
15118.13291
15085.91197
15200.78856
15212.38577
15425.91343
15600.56279
15629.35379
15517.70693
15604.71219
15740.32028
15684.70679
15665.74655
15458.41812
15354.04362
15482.41372
15460.47340
15457.13205
15423.64681
15381.42066
15431.10643
15502.08819
15426.92411
15370.83676
15401.27544
15399.36790
15212.10875
15286.44177
15488.05789
15460.60094
15458.38762
15425.50515
15369.57681
15436.99790
15410.72726
15415.58358
15513.52323
15536.84730
15447.32941
15322.76114
15271.98209
15388.00135
15398.41264
15458.74993
15346.26459
15320.56637
15238.76398
15313.67824
15423.44604
15211.77198
15181.64679
15181.49446
15170.22847
15154.89303
15280.21091
15269.16564
15249.12714
15292.31845
15297.49926
15443.51104
15326.95053
15286.85414
15294.65478
15290.95791
15339.97938
15361.15731
15495.60448
15369.28259
15274.84506
15264.75067
15298.05128
15329.42441
15385.05187
15478.31017
15277.91551
15064.17919
15142.26454
15080.47238
15148.30863
15107.47775
15148.11102
15165.29399
15159.06176
15248.50317
15199.51841
15052.62852
15194.29253
15232.27030
15235.06787
15447.24877
15317.33410
15134.91828
15029.44554
15220.29535
15404.75480
15224.26653
15313.09455
15298.76910
15444.89970
15181.17948
15343.89631
15210.55031
15185.13806
15269.72808
15244.29384
15282.94420
15254.69343
15312.38670
15385.19973
15211.65295
15516.72713
15544.29968
15463.90483
15435.58768
15558.32681
15419.12476
15451.56993
15555.14355
15412.07923
15476.42574
15369.07264
15490.08883
15517.00029
15605.57679
15688.32853
15511.23029
15347.00494
15492.32425
15608.23216
15659.66878
15433.99956
15333.56149
15145.00003
15141.90588
15290.67637
15552.98929
15575.88294
15517.72447
15522.91732
15459.53817
15325.38670
15290.39019
15346.76979
15213.84332
15219.58283
15330.34279
15191.83740
15058.57739
15163.45576
15152.05601
15024.93094
15295.23466
15497.79678
15505.84725
15539.55178
15428.93574
15461.90688
15305.56251
15312.50639
15134.20782
15313.47839
15362.64142
15433.79294
15350.07283
15344.43614
15402.96160
15461.71535
15294.48489
15325.42990
15467.69885
15393.50507
15427.95457
15421.03787
15262.15540
15163.68796
15070.13842
15162.43257
15274.59797
15377.77494
15258.02547
15292.34299
15259.01342
15197.26454
15294.43616
15301.24369
15245.47585
15171.78632
15248.71826
15391.62500
15273.26653
15294.71578
15301.45753
15276.53393
15465.75420
15413.47006
15309.67094
15349.23297
15457.67931
15568.70930
15457.49347
15546.41812
15385.93717
15367.41371
15240.61781
15184.28452
15115.47619
15112.81998
14963.49857
14969.01798
14964.30177
15085.17792
15076.38028
15023.31133
15122.74040
15244.36287
15132.39196
14963.36555
15188.46393
15316.06265
15124.08632
15065.26825
15194.11649
15188.79367
15244.05070
15273.26276
15288.61664
15125.18089
15206.35166
15161.04400
15278.78424
15191.93986
14975.82128
15185.13958
15121.11912
15144.64559
15088.18671
15129.38126
15240.68022
15193.82251
15211.63578
15356.50588
15310.61107
15373.70986
15272.72302
15389.68307
15309.63415
15300.25379
15238.20161
15341.66793
15243.22894
15273.58766
15295.63280
15504.72882
15396.91740
15476.89878
15534.11666
15411.31073
15428.74985
15432.08947
15397.97298
15291.39556
15211.69060
15215.43547
15060.48112
15243.17880
15238.63402
15310.50302
15273.39069
15258.32608
15288.41837
15368.89705
15379.60399
15412.11226
15338.64805
15415.54004
15361.85777
15173.27553
15230.19594
15426.80164
15485.69993
15483.16003
15540.25706
15507.49615
15460.45263
15456.05968
15295.51828
15234.24401
15080.71395
15051.94033
15182.79936
15069.32472
15071.30872
15257.59991
15149.10440
15054.15031
15087.69144
15401.10803
15518.65062
15443.71152
15504.69015
15275.76347
15516.87045
15607.90317
15386.39546
15477.97274
15400.80497
15378.07072
15238.34398
15295.53754
15146.12746
15152.49423
14983.29867
15081.27341
15103.70160
15348.03283
15422.56247
15707.62703
15477.69225
15211.32577
15117.01131
15059.84451
15218.32023
15278.74235
15228.30830
15230.25917
15124.20659
14981.84768
15030.70044
15098.67627
15036.80647
15243.33612
15446.33547
15396.37185
15436.07921
15632.17396
15590.69739
15692.31619
15581.62878
15434.42406
15385.13386
15355.85441
15305.85985
15409.91818
15301.17198
15162.24214
15319.47315
15245.26755
15286.02877
15413.80421
15395.04841
15388.47062
15265.45047
15113.85173
15320.18421
15457.55499
15373.59718
15337.36572
15357.13508
15555.85121
15456.23071
15434.63743
15274.36472
15302.41622
15267.02325
15326.13935
15407.55290
15450.57176
15264.55237
15295.14381
15376.94636
15332.28961
15376.64092
15405.20450
15316.12729
15358.54069
15214.42823
15115.59442
15144.74593
15350.23341
15279.26168
15353.26856
15517.15833
15536.75135
15684.38630
15609.08683
15664.43703
15538.44901
15642.71584
15510.50485
15515.71935
15324.28918
15282.09316
15407.11888
15319.94932
15210.68409
15144.34734
15090.75862
15240.53604
15177.24760
15110.66606
15137.07891
15230.13631
15305.79718
15368.34122
15277.50085
15300.58072
15387.07973
15184.60688
15240.97035
15370.00508
15289.36454
15391.03582
15197.61947
15039.07697
15150.53946
15484.27517
15493.72046
15378.64184
15086.80863
15183.63649
15260.97725
15173.60302
15206.43098
15436.58685
15221.60440
15393.33181
15215.11237
15192.16922
15139.63720
15167.73535
15218.06368
15114.15939
15095.85497
14992.60144
15097.31570
15125.65352
15232.07025
15380.05071
15391.59158
15333.69426
15217.11050
15260.89385
15200.50633
15264.19284
15128.77185
15136.34558
15120.06994
15263.73352
15340.69538
15376.57851
15396.96500
15272.38371
15328.20060
15201.98422
15090.48873
14983.76415
15097.82153
15210.35088
15377.88255
15559.85577
15490.54425
15503.20944
15378.93293
15372.85083
15234.40599
15231.88145
15441.67957
15198.39575
15378.54431
15550.82158
15292.00285
15291.34554
15250.71576
15225.59910
15260.92722
15450.60148
15309.31714
15140.53481
15091.14883
15092.81491
15348.34230
15364.80840
15338.39089
15316.44167
15145.62480
15227.60856
15344.49961
15187.95259
15215.52424
15387.27529
15400.25137
15271.94793
15159.01471
15335.55417
15297.63095
15267.75931
15447.83643
15413.22288
15276.59650
15301.15116
15340.64980
15419.02707
15261.34347
15162.28320
15289.16074
15416.83382
15475.76561
15370.33951
15300.29359
15311.42665
15244.69332
15469.95500
15369.13746
15290.84463
15296.48911
15302.07055
15211.76843
15353.64950
15314.90183
15541.14000
15500.13092
15586.00476
15378.37888
15548.75457
15653.63838
15790.89565
15713.49675
15822.67696
15767.85812
15785.95105
15579.61283
15560.87473
15472.75853
15259.47723
15172.85383
15022.01146
15242.56878
15240.62422
15299.89631
15449.83431
15469.87339
15479.28360
15463.76975
15503.10017
15383.58705
15404.64146
15274.72871
15481.84297
15468.78160
15345.36236
15335.96018
15374.01280
15377.23233
15302.88107
15295.45535
15298.53095
15318.35907
15235.41231
15091.68219
15116.50039
14953.00143
15061.90190
15182.41683
15335.83572
15266.75177
15300.52920
15303.77367
15252.12279
15249.47293
15339.67538
15233.37863
15107.68001
15216.82954
15334.79585
15356.87699
15307.61011
15312.55609
15126.03890
15145.72890
15029.94647
15232.62092
15210.33852
15228.42489
15267.79627
15370.84764
15346.72402
15341.51136
15445.26964
15504.20548
15337.80746
15162.62336
15250.14832
15201.01343
15224.76031
15163.53181
15313.83345
15426.76929
15362.81290
15373.13562
15471.99071
15533.51696
15416.29129
15300.51589
15262.27485
15305.45521
15203.71717
15436.72864
15456.88122
15395.60482
15266.89120
15138.20957
15285.67859
15394.37546
15356.75252
15548.43663
15649.53553
15651.17484
15615.22633
15676.91753
15608.18677
15476.14580
15547.90481
15723.77832
15562.58354
15430.17479
15320.89628
15063.44754
14944.67589
15030.17940
15102.85984
15304.54712
15348.49663
15472.08635
15282.91042
15316.06830
15405.50815
15269.65694
15267.88775
15165.84195
15230.04201
15255.19169
15392.67007
15514.21867
15365.23715
15370.29515
15352.46836
15327.93181
15339.34779
15319.53530
15212.20778
15203.41454
15240.56834
15068.88928
15138.07506
15289.94129
15341.97884
15236.56679
15266.51861
15110.89039
15202.18398
15160.31544
15255.65896
15310.24375
15211.18498
15141.64968
15217.33342
15356.59030
15360.98995
15238.04878
15286.24377
15104.87153
15210.88333
15164.74512
15294.27545
15104.54996
15179.09694
15308.82604
15350.01374
15142.53990
15192.89405
15140.43539
15297.86742
15179.16370
15214.77539
15187.81525
15231.09427
15151.93359
15045.61400
15180.25423
15291.03005
15320.10965
15360.12234
15374.26999
15412.13234
15277.89500
15428.34670
15529.94810
15467.83285
15582.69982
15467.31041
15466.72551
15345.53170
15522.53508
15419.04681
15461.37932
15594.80431
15527.88845
15410.02496
15227.43473
15316.23818
15510.36201
15496.57055
15495.10534
15406.63369
15326.03901
15124.85870
15287.02868
15207.53331
15363.20416
15543.48026
15426.41465
15286.51282
15357.33985
15440.38250
15504.18670
15187.79259
15141.14545
15179.54619
15242.21393
15262.89823
15568.82151
15587.41344
15242.70722
15311.38320
15103.99704
15256.62331
15254.51038
15179.02568
15048.52513
15069.17145
15168.16561
15346.70574
15346.67613
15367.49450
15247.21054
15280.02251
15244.29187
15199.67296
15198.21125
15120.42081
15192.37348
15207.09435
15298.72431
15301.83069
15325.25562
15306.91798
15428.30194
15445.82117
15462.93502
15520.65961
15402.61755
15225.38494
15381.44691
15190.13376
15194.30900
15172.72268
14991.58494
15241.83543
15365.08265
15377.31852
15402.84324
15381.12243
15257.28736
15271.91820
15329.48037
15277.00067
15353.14850
15319.20924
15491.03493
15579.34445
15521.56390
15516.72252
15577.73810
15668.25856
15781.38310
15728.44906
15669.74612
15542.63186
15373.88032
15384.52706
15296.34880
15334.24918
15173.18592
15188.78272
15334.55496
15314.92745
15416.33481
15433.89581
15415.67857
15298.31091
15276.73692
15346.66174
15334.33480
15494.03964
15369.50353
15265.69777
15326.75880
15404.72008
15475.58672
15265.71896
15256.53544
15184.59309
15300.52996
15340.41290
15484.67020
15159.27539
15179.43860
15127.82863
15269.05959
15008.86299
15077.53708
15062.15735
15117.27165
15185.60619
15034.13221
15111.32669
15184.97915
15218.08065
15220.26559
15393.48384
15577.20174
15396.62857
15365.64186
15381.53826
15297.07841
15349.76535
15165.67879
15136.03951
15129.87079
15093.32180
15117.70905
15246.84109
15172.36127
15091.74896
15186.84463
15284.52836
15273.77811
15231.38729
15274.43878
15282.72899
15191.04983
15183.23285
15339.07353
15348.94597
15349.22522
15355.07007
15188.59464
15295.79404
15182.31960
15333.92827
15585.25327
15713.97391
15585.36959
15510.53012
15399.26709
15599.20628
15638.07629
15290.19152
15466.67382
15670.61778
15492.73560
15369.16455
15362.10502
15451.76908
15454.57563
15397.89352
15367.02959
15371.47988
15489.59196
15292.99935
15302.36473
15290.97059
15330.88014
15497.66950
15301.37406
15237.66645
15311.97337
15620.83130
15543.14124
15307.52757
15231.54311
15301.12247
15333.12047
15351.67197
15170.04139
15200.16506
15150.49473
15128.04992
15338.50373
15372.67944
15248.08185
15206.08220
15161.52981
15306.05850
15268.20327
15213.36592
15508.75279
15391.61076
15289.25614
15252.42395
15431.72283
15499.78358
15301.95274
15425.55662
15354.24237
15491.46015
15432.74655
15408.40555
15262.43258
15202.29663
15203.63816
15350.96236
15364.27330
15238.31316
15197.57947
15273.06862
15187.27765
15348.63902
15199.74015
15303.35078
15349.54816
15424.80700
15654.10427
15542.22263
15362.71159
15562.79987
15459.12812
15436.46841
15337.16322
15202.70589
15223.12871
15316.07540
15334.43177
15387.13021
15321.55642
15157.46646
15024.30552
14879.83366
14857.14872
14963.83326
15236.04806
15314.18499
15316.60957
15288.71044
15138.93914
14974.39688
15036.56136
15091.45559
15214.51855
15171.75620
15175.94796
15267.04931
15191.96318
15160.54606
15136.40080
15202.92920
15087.58226
14983.28172
15205.49720
15218.05867
15342.80622
15391.28081
15245.23338
15214.61498
15367.08146
15326.51337
15452.37710
15514.07973
15448.12854
15473.49315
15358.63952
15419.45482
15340.03492
15314.15395
15336.05375
15279.10361
15470.48055
15467.58304
15369.17385
15379.93211
15342.52171
15397.39255
15404.16616
15450.41281
15479.68228
15509.60863
15539.40820
15320.87157
15144.04796
15273.30169
15224.97982
15222.23028
15212.45721
15397.45200
15260.37656
15268.33418
15331.86042
15290.19425
15274.04085
15284.31687
15388.80258
15507.25346
15466.63955
15385.16567
15393.93543
15371.83531
15235.20680
15305.59169
15397.82580
15431.84530
15212.26769
15207.47405
15381.29612
15408.05322
15409.96219
15407.94621
15347.64957
15239.77105
15394.25854
15412.22610
15465.99338
15316.98556
15351.99798
15235.52901
15361.35537
15469.68004
15380.04893
15296.99937
15279.40210
15282.62567
15419.29151
15297.96499
15390.44452
15387.25084
15309.33875
15383.95116
15355.59179
15424.07591
15513.89764
15370.89059
15383.24695
15455.92084
15385.43581
15336.62149
15492.70807
15395.61111
15317.07322
15122.51002
15166.77479
15242.61738
15210.90525
15301.66075
15320.50101
15373.91263
15354.41253
15373.88333
15360.37445
15207.33074
15180.21737
15380.19439
15328.87135
15199.67123
15183.43034
15201.97681
15092.37026
15129.02260
14962.60834
15096.45865
15277.26111
15261.72112
15223.37858
15383.12905
15512.03176
15225.01553
15020.99684
15312.20345
15292.68630
15387.25682
15306.90240
15282.23987
15070.17486
15316.66111
15248.34219
15163.21603
15057.47571
14979.56718
15192.09246
15283.52791
15365.00090
15450.64380
15308.83522
15222.82068
15272.60010
15212.51326
15225.35016
15296.48404
15327.45511
15139.91188
15139.89389
15215.64678
15029.95087
14987.84793
15055.26576
15202.08623
15095.87051
15242.89390
15335.59768
15317.63933
15325.83215
15318.96658
15196.13344
15296.11439
15215.33687
15422.12849
15427.73814
15358.31855
15358.06501
15247.02093
15243.13763
15271.13099
15151.03992
15057.27051
15124.09285
15269.55772
15221.00051
15167.72133
15337.68120
15305.48228
15260.96490
15380.25220
15303.23020
15449.63773
15359.61043
15377.73831
15369.36436
15208.60429
15323.65681
15493.49537
15623.04318
15639.70273
15573.47670
15511.67300
15411.83737
15325.29780
15431.16824
15472.20586
15580.24202
15510.86357
15511.07003
15530.33273
15451.33043
15410.86479
15249.73859
15319.34897
15324.13056
15341.63690
15379.69972
15481.35087
15363.19315
15232.59973
15225.82770
15221.54563
15309.44694
15306.63001
15258.33702
15326.22806
15252.28142
15153.87211
15254.36052
15314.41412
15175.95634
15051.63889
15144.07206
15197.89560
15295.50812
15291.89378
15358.11748
15495.91632
15570.99214
15514.23014
15469.71774
15445.13727
15417.49522
15448.55562
15376.09277
15324.53348
15260.97550
15329.27877
15239.38006
15213.51096
15323.42600
15277.25644
15230.07476
15184.34817
15359.48972
15263.22710
15265.80984
15264.98147
15238.72043
15243.48002
15093.60644
15228.10186
15190.87693
15300.23320
15385.35038
15223.39263
15197.79866
15116.80097
15213.86614
15318.20404
15536.14918
15378.28567
15390.98016
15275.96923
15187.27026
15420.77885
15477.04674
15458.61051
15291.14992
15221.65955
15455.52716
15465.96393
15610.17216
15667.13094
15719.78888
15817.86780
15708.80710
15586.04738
15405.74989
15220.60482
15250.96491
15245.74183
15206.86937
15120.60176
15009.15691
15101.68121
15042.61885
15173.12060
15187.80051
15217.83095
15315.09513
15398.30475
15226.90132
15463.25191
15336.33613
15390.89250
15376.45455
15297.15489
15310.37568
15311.40681
15399.53696
15417.71331
15547.65386
15458.59545
15437.56789
15335.71788
15276.68686
15449.94773
15562.48653
15353.93681
15507.46077
15402.52102
15473.13975
15342.98909
15315.27313
15231.72999
15219.43803
15246.28905
15313.09472
15395.55398
15496.60035
15540.95771
15537.39996
15236.65833
15342.19156
15462.49226
15499.08307
15453.40171
15492.30003
15494.14726
15294.98352
15289.97258
15330.38616
15346.33560
15351.97553
15432.48086
15479.58688
15582.09586
15478.68094
15508.64211
15685.81652
15568.43772
15481.63301
15437.73853
15455.84469
15349.14061
15277.97253
15295.92413
15211.12219
15272.24888
15185.86047
15175.35835
15259.15745
15288.00222
15144.08568
15222.62603
15088.14791
15015.39380
15066.43100
14999.22997
15003.44204
15116.81404
15294.41423
15314.82319
15361.52573
15433.90827
15366.93441
15470.59958
15596.42990
15484.08166
15557.66347
15475.78066
15303.59247
15394.08575
15351.78478
15226.75059
15351.95016
15326.00116
15226.40803
15236.39296
15220.65834
15187.72417
15428.57565
15429.93117
15496.90043
15348.27128
15312.59619
15133.15392
15300.31252
15205.64484
15193.74028
15370.86551
15485.10376
15414.21285
15462.68163
15413.79345
15223.68163
15028.00517
15030.38807
15109.62912
15131.34383
15096.30460
14981.32873
15269.14684
15293.53145
15486.28958
15499.36268
15484.29285
15459.77164
15520.72853
15424.43806
15570.80758
15373.81404
15292.98552
15421.53786
15822.12800
15638.29327
15447.33340
15554.86716
15454.35011
15232.22849
15101.35120
15130.89319
15160.03171
15136.48941
15226.21894
15172.26735
15150.06347
15145.38063
15163.85080
14928.54936
15141.60700
15124.69818
15188.92185
15375.66812
15350.61608
15336.34547
15541.09377
15546.94423
15475.48758
15348.41335
15270.92273
15339.92122
15157.74662
15136.94859
15087.65293
15005.44307
15092.30372
15285.69476
15161.13152
15477.20791
15467.09730
15501.85397
15387.65301
15569.45267
15503.54549
15335.09502
15261.70279
15129.56768
15146.59580
14994.72707
15158.77704
15205.92086
15241.35212
15264.94044
15149.02940
15064.08648
15168.25341
15178.77736
15201.79321
15282.90597
15155.41359
15082.42560
15115.53456
15260.16760
15191.96850
15239.23309
15318.61440
15378.73674
15407.29556
15291.81032
15173.73715
15169.91778
15104.99382
15189.85970
15243.93120
15188.28353
15143.89319
15212.60884
15198.61371
15138.43722
15266.83815
15347.28267
15426.06770
15442.54302
15464.08903
15456.93182
15452.28242
15262.69781
15371.38896
15441.62344
15363.08472
15296.38249
15606.51332
15521.62241
15661.32044
15469.46389
15301.09254
15283.78276
15328.50460
15349.75298
15313.12387
15336.48134
15371.75435
15439.24217
15384.50744
15186.32585
15249.31624
15331.92794
15344.99116
15425.51719
15388.10224
15452.84453
15378.58716
15381.41199
15184.48430
15093.39634
14950.78384
14964.29304
15096.29380
15102.24631
15361.71373
15441.40950
15410.39053
15411.61225
15503.16147
15470.65255
15629.09626
15520.10925
15428.95842
15850.19966
15676.44468
15630.99134
15621.79963
15516.12868
15528.50721
15376.68451
15340.84055
15244.43066
15161.50386
15389.47801
15405.34791
15497.84510
15483.70382
15178.53412
15192.24719
15108.31073
15271.46085
15445.87206
15448.25256
15454.49665
15446.54073
15467.90641
15218.15197
15159.90250
15341.70685
15509.05685
15425.50754
15596.99231
15505.42387
15411.26515
15503.71021
15584.28979
15548.87264
15611.36900
15463.71387
15369.89035
15280.09976
15294.95640
15190.41848
15153.83038
14916.72362
15010.86303
15042.87587
15120.91173
15015.18372
15121.38596
15244.65521
15006.88501
15133.91247
15059.27870
15206.91658
15174.34597
15326.65997
15376.20115
15244.15848
15457.46419
15567.56218
15411.32807
15201.51417
15161.24874
15208.71637
15142.37797
15341.58058
15288.75565
15310.81696
15337.56049
15268.86097
15404.35668
15259.63548
15073.69032
15134.08310
15238.74211
15241.41332
15308.47999
15439.26754
15706.72437
15536.77812
15602.23485
15730.94904
15639.98436
15653.56315
15533.33809
15586.21993
15526.71659
15514.71700
15465.45805
15523.37814
15581.49751
15550.90963
15623.28254
15384.71927
15363.86536
15409.11887
15443.51419
15499.97538
15314.31730
15287.67292
15249.80909
15487.84228
15445.78518
15357.65319
15322.61963
15379.56395
15302.50357
15424.74181
15259.27237
15259.11902
15170.85464
15287.86410
15151.39624
15145.56933
15228.91700
14929.10469
14925.57255
15209.69414
15249.81587
15290.33963
15208.53531
15305.57065
15310.11414
15508.76716
15337.13806
15364.18526
15260.04610
15276.35071
15403.96392
15379.48531
15398.11100
15263.28024
15344.29891
15228.80885
15246.20867
15267.94343
15143.72066
15152.95102
15267.86880
15400.16219
15384.20740
15476.79493
15434.10451
15361.09330
15305.50604
15480.49583
15430.52753
15470.37872
15580.48371
15497.63636
15413.26148
