15804.90953
15744.27401
15759.25355
15706.03476
15773.23625
15732.18598
15818.59663
15737.47188
15659.94799
15756.49154
15754.41685
15714.20946
15699.44135
15790.59938
15761.76394
15768.64502
15754.19792
15720.53801
15781.98022
15753.38279
15784.20989
15781.01017
15744.25538
15714.40141
15744.28746
15771.22939
15762.66305
15765.82269
15748.97998
15734.68301
15669.45798
15732.71916
15745.73003
15800.41042
15828.20752
15827.59319
15841.77517
15855.53835
15834.07540
15888.77181
15841.06766
15866.81478
15891.23692
15867.43566
15746.00328
15770.32316
15815.16041
15779.83229
15784.60345
15809.98750
15763.18040
15808.62898
15744.32202
15830.19964
15844.99263
15817.93236
15814.33273
15802.23615
15862.61492
15856.59037
15828.47770
15895.91725
15923.34177
15908.29298
15928.09054
15952.59599
15867.21489
15927.19745
15890.07328
15912.86328
15899.28864
15847.59538
15870.94417
15845.45006
15798.84302
15825.32702
15898.89783
15833.97724
15724.06203
15800.03000
15787.67005
15823.57393
15795.61149
15688.57613
15699.16178
15780.77577
15744.10582
15747.42973
15788.06360
15776.33466
15805.09704
15785.52041
15800.07040
15759.70528
15787.38925
15840.12455
15779.62440
15784.40815
15777.18525
15732.42980
15791.81542
15841.20706
15770.59560
15756.88982
15800.79588
15865.63805
15914.83592
15845.23220
15857.90451
15773.35103
15822.26120
15875.02599
15876.85978
15814.97999
15935.02409
15882.21902
15770.15884
15734.15498
15768.68427
15811.09141
15714.07225
15750.79743
15673.65694
15752.98880
15733.58723
15737.95773
15831.78576
15781.83721
15694.36343
15752.79241
15636.14140
15718.16282
15726.81219
15699.83711
15594.32477
15693.65184
15679.27776
15664.26177
15586.45875
15690.77688
15725.00737
15648.87100
15656.99647
15592.82336
15691.98201
15628.53626
15577.68539
15662.66455
15652.24513
15679.68218
15701.46414
15731.35770
15694.33350
15657.74333
15660.84957
15647.94872
15669.92307
15687.92819
15708.62030
15700.23835
15690.77927
15750.38035
15726.02874
15721.97140
15741.02262
15750.00991
15729.76204
15755.91993
15718.72770
15655.15748
15744.65348
15863.31754
15782.26470
15741.10922
15742.48731
15716.76215
15718.25960
15739.96587
15717.90571
15713.85982
15711.28738
15650.27940
15681.30232
15668.30221
15612.76260
15606.18608
15623.84092
15625.60482
15585.76394
15556.42513
15572.08957
15617.03589
15603.85649
15517.48238
15546.28035
15549.58190
15510.88216
15618.32868
15509.36506
15489.40873
15466.57405
15515.67332
15494.74233
15575.88743
15489.52676
15453.06806
15489.47188
15510.09560
15489.86644
15545.68099
15586.92289
15537.68338
15547.15628
15564.08047
15607.05048
15588.25466
15652.41112
15540.46451
15613.58861
15506.87551
15583.35519
15570.52032
15637.78913
15584.85265
15728.73812
15648.90075
15646.09541
15598.11203
15564.11445
15572.61431
15553.75046
15640.01420
15674.15240
15635.79948
15727.63707
15777.74122
15787.43204
15709.30236
15698.84494
15727.37134
15691.61245
15741.91283
15692.19036
15606.47520
15575.01696
15613.04065
15596.91817
15630.85693
15584.32844
15665.52403
15649.99669
15570.64898
15634.59062
15666.40753
15718.41515
15671.66985
15604.06297
15566.95126
15413.39331
15448.25226
15462.88555
15540.87441
15457.19116
15507.44398
15505.64579
15579.28284
15644.98354
15635.00022
15515.80980
15568.55831
15510.98571
15565.33968
15664.24504
15664.41892
15663.73619
15605.81497
15660.68413
15552.62445
15668.41700
15679.78996
15696.09415
15651.74727
15729.67362
15677.77334
15630.88723
15648.62812
15628.06040
15623.71032
15564.69285
15644.84074
15603.10232
15549.08307
15467.24912
15550.09006
15527.85252
15514.93286
15514.31990
15494.00208
15511.00665
15552.15522
15607.96790
15578.57917
15677.29513
15507.72226
15598.40662
15527.46376
15465.78524
15512.43405
15562.55562
15665.28943
15561.22055
15572.57330
15666.33133
15646.06949
15669.07620
15640.74293
15652.90478
15605.58210
15651.87092
15541.39171
15530.34177
15549.18244
15630.59198
15605.70306
15691.32996
15609.09433
15640.01805
15610.70910
15720.99826
15690.10669
15738.74805
15721.80298
15710.22207
15603.47831
15589.67160
15524.17397
15643.52639
15603.30174
15583.63135
15513.19761
15473.90785
15452.21608
15364.75119
15521.87452
15531.84780
15480.76755
15525.11984
15472.33286
15579.78829
15616.05956
15597.90323
15707.67948
15631.23372
15717.16451
15655.95738
15572.52919
15520.19450
15636.93313
15554.52229
15565.70266
15517.99266
15554.76374
15627.31598
15717.34777
15719.21390
15708.16704
15678.57499
15732.00607
15742.76953
15692.22008
15735.95896
15715.64157
15633.44269
15566.49572
15564.74795
15545.46686
15600.69144
15753.29932
15763.15640
15707.73228
15732.23400
15639.41616
15612.83185
15655.59533
15560.58100
15645.19690
15660.30408
15658.04244
15754.96634
15735.70330
15738.36381
15719.06112
15751.97207
15709.63945
15704.00946
15725.03828
15720.28929
15672.17437
15722.48052
15694.34154
15642.34302
15597.33804
15555.07802
15579.72725
15577.25620
15533.00432
15457.04065
15518.69984
15562.07054
15623.07486
15562.26683
15610.27546
15541.20437
15521.96115
15537.31810
15529.74555
15624.37414
15515.50047
15495.22452
15451.25578
15472.39000
15381.01546
15452.65597
15470.09095
15541.50314
15501.27714
15518.12940
15436.22714
15490.71092
15567.77251
15472.17202
15500.74584
15572.73963
15611.94715
15584.41400
15636.51285
15491.80896
15418.71683
15574.17144
15552.63220
15485.02684
15544.33556
15628.50019
15491.00604
15591.51596
15639.28094
15635.62780
15657.39894
15590.54225
15524.11905
15681.64141
15680.13216
15631.77455
15581.90338
15693.02631
15595.01265
15630.14520
15650.33226
15588.46544
15657.54035
15538.50266
15521.46160
15575.66247
15629.21425
15479.07353
15553.87192
15614.48518
15715.68894
15731.69627
15684.98987
15728.42703
15732.63539
15679.78956
15625.02071
15696.67552
15629.63932
15691.27360
15669.88261
15555.53986
15466.25401
15430.74804
15477.38464
15533.82032
15450.53581
15458.20371
15480.69364
15546.50238
15455.78473
15399.46667
15541.05495
15508.29970
15525.16636
15556.41284
15561.15323
15549.58640
15474.00687
15544.34932
15640.76397
15515.81255
15454.69821
15584.81832
15689.06625
15569.83545
15560.91696
15600.30224
15603.67896
15556.22241
15747.44633
15707.76569
15640.96624
15691.23662
15647.89828
15697.54357
15643.25597
15647.38612
15575.04391
15751.68385
15814.57257
15757.12953
15746.52489
15810.59883
15789.27519
15833.90860
15737.52046
15711.36608
15772.58142
15755.44031
15738.19063
15712.40526
15741.43692
15773.13844
15857.84287
15870.21098
15828.15431
15894.09068
15928.80934
15891.96260
15811.35016
15825.39453
15788.30563
15847.82276
15754.22819
15802.80784
15792.90687
15695.12621
15775.29391
15732.47812
15716.43914
15665.18904
15670.92153
15781.92737
15838.69506
15862.58260
15837.32288
15874.85196
15871.91296
15787.52293
15771.82518
15722.91001
15778.47037
15861.08458
15847.69896
15829.02102
15865.66770
15852.59800
15851.46697
15820.77033
15872.35277
15758.03904
15801.97228
15770.47661
15807.51754
15832.36992
15728.60301
15744.95779
15837.22982
15906.71980
15890.46006
15898.78157
15966.17029
15935.94425
15887.61128
15830.24265
15794.88031
15785.71366
15796.64250
15770.60502
15729.90585
15718.29852
15736.09850
15674.69882
15722.84641
15693.78119
15733.54061
15777.92109
15790.85462
15769.62518
15796.03741
15844.75076
15906.95341
15899.07294
15793.19335
15818.53655
15897.79205
15844.03264
15876.66476
15807.86970
15817.27095
15737.72355
15756.64942
15768.95456
15753.43588
15807.64000
15808.35854
15766.73866
15764.98072
15834.50255
15880.90122
15897.72945
15918.38245
15867.60120
15740.52527
15789.26977
15749.04579
15829.90737
15751.88488
15695.68592
15746.76569
15696.89005
15721.92482
15696.25095
15711.71597
15738.61369
15645.56550
15550.82715
15552.40607
15623.84870
15668.67308
15751.91357
15787.76041
15840.59820
15831.99891
15817.24315
15905.78535
15866.64247
15842.52412
15813.22095
15729.17385
15816.65129
15811.95160
15791.10665
15891.27644
15884.80466
15815.44063
15918.19718
15857.74338
15793.70350
15844.39551
15830.93373
15934.99526
15806.59144
15856.57332
15880.49014
15897.83684
15852.47976
15881.26609
15894.11098
15922.49734
15872.38369
15843.73147
15812.99543
15808.64341
15842.11451
15782.33022
15827.80156
15862.81548
15772.17738
15911.02444
16000.84324
15892.38382
15799.57118
15764.58349
15801.50183
15731.80514
15774.22724
15798.89049
15780.73643
15829.01170
15756.49588
15755.12759
15836.26733
15824.64439
15759.56480
15715.65100
15758.25910
15819.57209
15853.98675
15872.18679
15904.04537
15838.75892
15844.23212
15890.63089
15813.32280
15686.15685
15674.38383
15739.99729
15701.72151
15730.64552
15793.56943
15642.74115
15663.71707
15721.63704
15694.06545
15713.37915
15742.73460
15768.71576
15771.68532
15677.30485
15773.90746
15755.87196
15803.09563
15794.37291
15823.93344
15810.17655
15798.64234
15825.08159
15885.79099
15935.73544
15923.56155
15874.01258
15886.58638
15896.17171
15861.04491
15821.48854
15807.93231
15673.02007
15683.56782
15721.24174
15753.21130
15789.67743
15784.10648
15783.74171
15845.13130
15901.91257
15766.52420
15773.75357
15709.69671
15743.85670
15797.68454
15896.71390
15810.47567
15799.52325
15756.48832
15863.10715
15872.18190
15913.15221
15866.37728
15877.56295
15846.63968
15801.54231
15872.12185
15919.20057
15913.45949
15890.15485
15873.90091
15886.00695
15812.03860
15832.12611
15819.14531
15893.66236
15877.20542
15847.95594
15829.64255
15878.44766
15865.32359
15813.82218
15834.94298
15821.32139
15833.09446
15741.12604
15854.50785
15758.66774
15761.67965
15817.01648
15767.65430
15763.24744
15756.11118
15717.22062
15811.44930
15759.08237
15802.32387
15759.94271
15829.11893
15782.69569
15784.94092
15807.49248
15901.79558
15898.95924
15907.15148
15923.88218
15815.05837
15815.82575
15828.25611
15774.88743
15767.93296
15760.28516
15749.31420
15779.67947
15770.32355
15702.45669
15739.49473
15755.67047
15766.25513
15725.58093
15699.34999
15679.51485
15723.63847
15729.27449
15641.42183
15747.68364
15647.92931
15654.71479
15671.90246
15684.88418
15741.33165
15710.22135
15793.77393
15816.12350
15715.95925
15688.68445
15760.01750
15687.80430
15761.20307
15707.22302
15723.31662
15569.92217
15646.18932
15592.52857
15656.21836
15684.71204
15589.65928
15475.23685
15553.81261
15626.26379
15519.22924
15604.28997
15615.47955
15579.50956
15670.60931
15740.83748
15699.97019
15641.75786
15689.33567
15703.48593
15699.86923
15713.68671
15726.83401
15668.67466
15652.15193
15585.87378
15624.63286
15634.87493
15616.34443
15631.22847
15699.02079
15637.81309
15734.98290
15753.76026
15725.54821
15745.90637
15841.52125
15828.82317
15848.00267
15815.73309
15740.22283
15697.83834
15777.43226
15787.32547
15844.11021
15828.24401
15826.72333
15861.14469
15812.24980
15822.10171
15812.59032
15859.73758
15819.53201
15870.58310
15823.33760
15866.46091
15834.12008
15726.95353
15684.40807
15696.89530
15676.96790
15801.68174
15760.70625
15831.11443
15789.62770
15802.84382
15775.60106
15857.61047
15861.64211
15933.64132
15887.38221
15861.87830
15842.58525
15892.59293
15894.14108
15777.47479
15808.04459
15843.27641
15867.63094
15903.14869
15784.45759
15880.96464
15859.86869
15840.93167
15755.97302
15799.44258
15854.26136
15801.53797
15748.07891
15791.70102
15857.98563
15947.83286
15905.82655
15864.15529
15793.79657
15792.97751
15827.67181
15742.20291
15708.70305
15724.83109
15711.41062
15819.35808
15773.03848
15823.36332
15784.48191
15799.66050
15821.73377
15839.24072
15806.52064
15737.38958
15777.83673
15748.36631
15706.03148
15645.09216
15678.77876
15674.17245
15722.56309
15760.83883
15639.49752
15659.41791
15591.18094
15715.06770
15707.00979
15676.50885
15636.24563
15636.89333
15686.34877
15648.20098
15730.97099
15700.31084
15667.99695
15854.80059
15854.92055
15835.07047
15879.91669
15822.80074
15744.18861
15743.58324
15751.83908
15801.32124
15830.30661
15810.91204
15794.54689
15696.20950
15749.46239
15664.35888
15607.44815
15685.26305
15707.22306
15656.14009
15704.47449
15693.52883
15752.22607
15721.46840
15678.15297
15783.46732
15787.72438
15779.36117
15784.90008
15815.77865
15749.14471
15809.16804
15842.74493
15836.22834
15811.86474
15772.42475
15781.89008
15787.63252
15856.13180
15813.13964
15883.07812
15878.11239
15900.75156
15820.15269
15888.23974
15874.92956
15763.80664
15849.72997
15779.56183
15624.20770
15677.74943
15672.14838
15712.25373
15731.09256
15728.89897
15786.65970
15841.67954
15784.13611
15753.45016
15706.16356
15761.38962
15770.58597
15767.95814
15803.14318
15790.01351
15747.44152
15692.99562
15766.45148
15760.81587
15760.55461
15821.86110
15748.26059
15766.87407
15785.41773
15735.44125
15731.24127
15796.21081
15816.24557
15758.44603
15736.46440
15721.68523
15720.50602
15745.95532
15796.12808
15692.50622
15740.59045
15679.40820
15766.69131
15783.18931
15693.39243
15763.82471
15823.50543
15706.78187
15808.64882
15822.10306
15806.08257
15859.76835
15808.20463
15706.03979
15765.52821
15690.26393
15692.54759
15738.06242
15626.82028
15600.76327
15591.48471
15598.65500
15661.59257
15610.83383
15648.16056
15634.44945
15607.61135
15733.53319
15729.13708
15656.95631
15656.79825
15572.51887
15578.04917
15619.51487
15639.42247
15688.28024
15648.09850
15713.06531
15671.58970
15684.22014
15727.56151
15675.68042
15741.10546
15728.05951
15658.69431
15599.97150
15635.22923
15660.30094
15694.24372
15701.31652
15678.42731
15700.09933
15672.44708
15685.59155
15659.78100
15689.67287
15700.83058
15649.45326
15653.43636
15653.35812
15596.75034
15619.24775
15606.50091
15560.49462
15666.32656
15586.05737
15578.17834
15617.56378
15706.11682
15795.00189
15733.13744
15716.22237
15675.14261
15635.32755
15663.62828
15700.05909
15644.37982
15652.07168
15662.12869
15678.46108
15674.34909
15574.61796
15685.39462
15724.26590
15659.65417
15722.49074
15712.79108
15664.57810
15634.75471
15712.68878
15654.34047
15614.21618
15723.36057
15667.78671
15689.48133
15715.96401
15653.46815
15619.20190
15665.79654
15729.41357
15741.23217
15702.10812
15742.21805
15747.29069
15652.24275
15667.00808
15782.73614
15802.43166
15797.89214
15728.53898
15806.31386
15623.69688
15574.91755
15504.29695
15516.21703
15582.80408
15588.63195
15599.79117
15537.40139
15540.91819
15651.46854
15646.21002
15613.11050
15569.55011
15589.42882
15553.84457
15637.76848
15704.98874
15669.65547
15653.16019
15661.41314
15761.60934
15765.07719
15670.76119
15677.00959
15752.03746
15832.80749
15710.20461
15736.57452
15654.31788
15628.84240
15541.61775
15499.15815
15585.03786
15614.54592
15600.61879
15620.43773
15586.46408
15651.58446
15646.07808
15678.06916
15599.03694
15601.11975
15424.69683
15533.40766
15485.87172
15484.86059
15545.36021
15573.50986
15590.19810
15621.83422
15517.60070
15463.08925
15491.57692
15540.31248
15597.97261
15442.39235
15451.66736
15437.88793
15494.86548
15446.27916
15402.42217
15488.77232
15420.66611
15503.39647
15337.71676
15312.86894
15387.32711
15449.09201
15460.54123
15524.33118
15545.99029
15563.47879
15641.21153
15606.17918
15660.68973
15664.97426
15631.78211
15685.24268
15627.38451
15628.02636
15558.88779
15613.67657
15566.63018
15658.90044
15656.61024
15652.86162
15574.95947
15596.50725
15568.70911
15599.02518
15543.87661
15513.06536
15595.07876
15565.76549
15606.08027
15547.65555
15595.43585
15580.53588
15569.99405
15651.56016
15628.68165
15593.80084
15752.58062
15698.43577
15728.16157
15665.50951
15691.17461
15726.39575
15735.94765
15711.14248
15655.08320
15613.41898
15623.49900
15611.49476
15645.73150
15683.24320
15655.16026
15707.56978
15676.26059
15754.74679
15703.79148
15606.43207
15591.94283
15570.09701
15570.32724
15613.87274
15652.38756
15578.24609
15694.27669
15678.09085
15694.86267
15651.18396
15506.85698
15589.22648
15625.97814
15538.81282
15558.15128
15625.81877
15654.45369
15663.77701
15704.71741
15627.10645
15594.34094
15604.42315
15492.61078
15683.00716
15701.02834
15527.89376
15533.73542
15547.90911
15651.88537
15531.11512
15484.58276
15530.80875
15539.27354
15539.98866
15596.17751
15545.45617
15578.66279
15460.36923
15587.24435
15599.89868
15563.87074
15609.39655
15680.90583
15688.75831
15613.19611
15580.81153
15711.12138
15573.68887
15603.82757
15705.75125
15720.57293
15717.46336
15670.39945
15598.92116
15572.22986
15546.71806
15605.12526
15567.19008
15581.73915
15651.84232
15643.86488
15688.97980
15691.71715
15645.15410
15654.95957
15584.05757
15657.33571
15655.51584
15666.28070
15639.19469
15599.64622
15589.75746
15598.26954
15559.27530
15594.21912
15560.46816
15641.89834
15650.64404
15625.35409
15609.24628
15608.52868
15694.07545
15597.45491
15719.02441
15751.06720
15620.39869
15544.19116
15542.24150
15558.17574
15539.87577
15575.48461
15642.02839
15686.01957
15581.50594
15585.07640
15632.38279
15640.68674
15678.13987
15653.30840
15687.54126
15693.52150
15737.05498
15753.83084
15749.37316
15764.39678
15780.84047
15655.81184
15630.49708
15683.09546
15685.91439
15710.26399
15667.35652
15640.85720
15701.69992
15703.28641
15716.77966
15668.32200
15702.89906
15691.39606
15730.00649
15730.67110
15827.86968
15745.54262
15703.83737
15696.15638
15680.50563
15658.47382
15753.02163
15710.14571
15708.85246
15660.83804
15666.83048
15635.15246
15706.71024
15741.00993
15685.41679
15676.52863
15611.08306
15641.75147
15636.85606
15586.12115
15561.51390
15660.96333
15618.60355
15590.54851
15697.56598
15815.32064
15660.39473
15552.92876
15548.82360
15616.84781
15640.69275
15672.02486
15753.62734
15746.84035
15665.27648
15648.43622
15688.83201
15701.73174
15722.67603
15666.53767
15646.47866
15637.39306
15592.45668
15677.06898
15637.47048
15630.24413
15755.90968
15572.21823
15609.47140
15503.42432
15464.86035
15510.17492
15604.07503
15577.42298
15615.90987
15618.81446
15630.03982
15570.30503
15610.28121
15567.96599
15636.29333
15625.26212
15585.25706
15563.61758
15586.01473
15614.31225
15616.88862
15667.60467
15663.29860
15670.35936
15729.08514
15786.67151
15766.44688
15690.98580
15680.75524
15676.57389
15668.67600
15645.78077
15701.68860
15761.45465
15698.40774
15628.31426
15719.94860
15736.51659
15699.37062
15635.59059
15665.22966
15665.47837
15749.70279
15714.59047
15653.17863
15621.31383
15606.12018
15579.21249
15635.27202
15762.78231
15713.02745
15628.00824
15627.17434
15562.72558
15665.19918
15622.13256
15636.42401
15657.97053
15685.30497
15742.95809
15749.03028
15771.76458
15618.72063
15754.63176
15690.02851
15832.97889
15903.20417
15893.28382
15815.16314
15771.34910
15703.86031
15716.77293
15839.26150
15796.92062
15859.45127
15856.62305
15820.21163
15740.04592
15720.59295
15803.82736
15783.38836
15776.25478
15838.25399
15854.73016
15900.41464
15918.78277
15896.02680
15851.93049
15837.91624
15805.15739
15811.91595
15865.71217
15889.75332
15919.52815
15759.04224
15755.53102
15884.82165
15958.63250
15914.56329
15933.91897
15958.02289
15880.52509
15963.03535
16016.72796
15990.93271
16033.52641
16104.73641
16008.95555
15949.30771
15970.00459
16006.48993
16031.36089
15932.05841
15916.65514
15844.54464
15864.87346
15799.24608
15834.92270
15857.90828
15946.85466
15888.84830
15885.52760
15714.23968
15754.89317
15745.23324
15735.83389
15822.77365
15856.78430
15811.15231
15775.96440
15811.46439
15883.99005
15914.08474
15934.19395
15905.54403
15956.04388
15929.18019
15994.15356
16074.97648
16028.35383
15996.99668
16025.17288
16056.84311
16071.88044
16060.97467
16088.77683
16095.36075
16136.74961
16081.65151
16066.39285
16013.62625
16012.65427
16088.31623
16043.33903
16098.54240
16119.37083
16124.62486
16113.98514
16092.01100
16085.89054
16118.66045
16061.12042
15937.36318
15936.31748
15920.25213
15936.13872
15871.27253
15954.70469
15994.65805
15969.55867
15962.58723
15902.90571
15897.44566
15780.34157
15871.19381
15862.15498
15716.49533
15736.97138
15758.27067
15812.19096
15763.50836
15770.31878
15678.59936
15761.59674
15701.10003
15820.58224
15742.62812
15806.61425
15804.43636
15886.35292
15964.73655
15908.58061
15897.61033
16001.28280
16026.13000
15982.67723
16120.41844
16001.65350
16068.09247
16040.50939
16055.44448
15993.47658
16060.76395
16101.99120
16103.09968
16011.47717
16033.69076
16048.03182
16027.06949
15979.11216
15923.43242
15936.94235
16048.76722
16018.15424
16029.01884
15884.73656
15900.31970
15872.65409
16013.40268
15963.77627
15878.50023
15926.47231
15890.89385
15952.41331
15930.65297
15961.40864
15988.75103
16048.89013
16085.33185
16046.74477
15958.84996
15956.93224
15990.35544
15925.48596
16010.58904
15994.86198
15929.32534
16005.27990
15917.17111
15968.86675
16081.94956
15934.58993
15870.35284
15785.69934
15675.56381
15656.52283
15585.69785
15651.02753
15640.29664
15736.60780
15643.14852
15692.78590
15703.94469
15778.72681
15797.97982
15806.88679
15751.46550
15837.84557
15814.26514
15788.38453
15643.42950
15640.89186
15659.68993
15681.98795
15674.60967
15683.93033
15603.47273
15752.90408
15744.51200
15752.31070
15794.80178
15691.32796
15703.44780
15715.21109
15749.52090
15745.50007
15793.76690
15686.48020
15687.26195
15654.31463
15660.60284
15763.10391
15738.84063
15724.29976
15624.05246
15645.62208
15700.95566
15638.13997
15577.38324
15488.86370
15444.24171
15533.90445
15512.46471
15536.73449
15475.33693
15606.25089
15579.73965
15580.28642
15620.97720
15656.22964
15595.19327
15630.23528
15539.72271
15558.80476
15569.73486
15655.01471
15574.23777
15632.87923
15710.01912
15584.74267
15572.95578
15588.18805
15647.26009
15700.24158
15749.45369
15768.57232
15726.10338
15742.32128
15754.04548
15762.27739
15786.94280
15830.80499
15817.82644
15668.83375
15660.44954
15656.19375
15677.69322
15595.41703
15630.86232
15597.05698
15755.84153
15709.87280
15672.78256
15767.19208
15696.25914
15735.66431
15685.31744
15706.91348
15767.12658
15788.68892
15859.57471
15824.66410
15821.41081
15767.40361
15831.58015
15728.78887
15709.32874
15643.99559
15654.12114
15585.34899
15630.34367
15666.55412
15680.81963
15698.06691
15752.00017
15811.08366
15822.42555
15780.86668
15769.08202
15779.29969
15708.95344
15603.41254
15607.44665
15613.25479
15633.18801
15608.28905
15561.58801
15599.78973
15574.05078
15627.55368
15697.16344
15706.14239
15723.87658
15737.39159
15636.63859
15566.65051
15499.46290
15506.88652
15488.61129
15610.28804
15511.71779
15580.32673
15607.44797
15635.40158
15603.35150
15573.00511
15717.24600
15687.72665
15738.01964
15776.67227
15770.81402
15714.99439
15723.53177
15693.41304
15725.72753
15779.20679
15806.26305
15812.37734
15771.35801
15854.10555
15816.35900
15763.51463
15758.96406
15750.37440
15782.70982
15734.72269
15770.31432
15745.05957
15782.73941
15780.67908
15817.50184
15824.44284
15859.23709
15813.37346
15901.86230
15738.46317
15787.47125
15792.75136
15760.07767
15766.82500
15762.11962
15731.41227
15847.25929
15852.52660
15791.66859
15863.61234
15753.03136
15714.48009
15760.96064
15769.16675
15842.04466
15821.73907
15911.54511
15856.89978
15821.67278
15788.72630
15735.48724
15770.52471
15704.52819
15690.56294
15579.49654
15520.02814
15629.29119
15560.62588
15533.87340
15608.82875
15582.45106
15522.28943
15470.48392
15473.45099
15504.09915
15512.60729
15523.19713
15505.78563
15529.54921
15543.36858
15582.95943
15658.15109
15683.37792
15579.64663
15680.83261
15629.87530
15660.23423
15650.19117
15664.17198
15683.43939
15554.69792
15573.02377
15575.40255
15615.39349
15689.60487
15636.76561
15582.52638
15625.20130
15620.78811
15612.88126
15614.38676
15553.50472
15631.26150
15597.16042
15624.16142
15651.44661
15645.29360
15640.28504
15583.19209
15637.18719
15556.58522
15494.89002
15559.40699
15478.11620
15594.28173
15684.78697
15653.47960
15713.28586
15576.77509
15621.44502
15732.54766
15687.71495
15782.71932
15838.95253
15809.25706
15856.21799
15809.76145
15761.08957
15641.06917
15635.83521
15640.21563
15642.87824
15681.96153
15736.04785
15719.31034
15708.34427
15715.75075
15763.98331
15671.56482
15727.96050
15740.98270
15757.17834
15778.26333
15691.20021
15694.08458
15738.32598
15682.09961
15751.19188
15795.53492
15755.61864
15812.73154
15773.82141
15711.62891
15778.35463
15746.52782
15744.95124
15811.58643
15753.21375
15860.74458
15869.56385
15833.59191
15949.86534
15875.21190
15806.93244
15858.22850
15877.59534
15836.15597
15825.09619
15807.71362
15917.93563
15883.83877
15764.73170
15909.73292
15936.37087
15964.57305
15939.61231
15838.24984
15876.21599
15864.59008
15811.38992
15822.34388
15837.37869
15796.04323
15805.37573
15727.47908
15765.62398
15792.08884
15752.96678
15750.77120
15762.21025
15767.85382
15809.26571
15735.86401
15840.61946
15706.17582
15861.74556
15817.68403
15752.12404
15791.77665
15843.39049
15881.73492
15885.82056
15923.58333
15867.76632
15915.33926
15873.10453
15900.57380
15861.02071
15796.84097
15864.44248
15846.62953
15817.62265
15819.43794
15793.03092
15819.18751
15831.87227
15859.71364
15886.31561
15865.80559
15887.49448
15840.09618
15818.86741
15780.66325
15766.47072
15743.88656
15779.82825
15690.87085
15743.45166
15823.50804
15783.01620
15809.74134
15795.78471
15863.02774
15842.12903
15877.24642
15891.94749
15818.18110
15742.97628
15771.19310
15834.93990
15861.23504
15905.12168
15922.69384
15934.06229
16001.12908
15912.27395
15942.94570
15973.71375
15975.29984
15931.31724
15941.55687
15858.88083
15862.90069
15910.69989
15915.06319
15969.20354
15884.68588
15902.32270
15857.88188
15892.61015
15891.76792
15877.38549
15825.75110
15818.63248
15725.10414
15736.98410
15807.10361
15856.49769
15911.45115
15828.29221
15840.30832
15825.82543
15830.45394
15815.01499
15863.69424
15899.00888
15922.27728
15902.58179
15974.06006
15967.63797
15956.09374
15922.46732
15907.20771
15897.14854
15967.92640
15969.18312
15939.17165
15960.71468
15901.93527
15941.06897
15967.27759
15904.85813
15923.77264
15929.82560
16062.91897
16057.03395
15993.94191
15958.51421
15954.04838
15954.77912
15909.54387
15983.81695
15935.94332
15987.86941
15900.92203
15889.19185
15938.68332
15999.28913
15997.73354
16005.85189
15998.20475
15973.68430
15904.71654
15999.24870
15971.20143
16012.66743
16024.11994
15982.60106
16016.38468
15956.32077
15886.20031
15946.58854
15991.13122
16015.00214
15905.97394
15969.66680
15959.80545
15936.99727
15948.79454
15946.87801
15972.53603
15999.86200
15968.56694
15938.80157
16035.25121
16060.29156
16109.82716
16105.22565
16054.01052
15944.16522
16004.51429
16010.37106
15994.46441
15977.38820
15955.27959
15920.17603
15886.83315
15928.36567
15932.20365
15880.69422
15889.63632
15888.24963
15936.55872
15961.38004
16027.21891
15984.99145
16064.40503
16012.77778
16073.05759
16104.39821
16040.93683
16029.27381
15992.04406
16032.05042
16081.12004
16105.02498
16049.18022
16048.12135
16026.11633
15999.77437
15971.21326
15981.47534
16002.73411
16031.52075
15982.99128
16024.45520
16005.65304
16014.16162
15985.64156
16011.57567
15957.06939
16044.42059
16020.70109
16031.55853
15998.46958
15978.45796
15966.26714
16032.70038
16028.94773
16013.72586
16121.32722
16115.45984
16014.94482
15925.15231
15948.51773
15966.59715
16018.28489
15990.83473
16013.49083
16033.36760
15950.46295
15933.84466
15939.16430
15948.13862
15971.82004
15956.15359
15960.38717
15962.66159
16009.84276
15981.78913
15918.76809
15874.75735
15892.44187
15893.20505
15966.73646
15926.31978
15934.55084
15916.80269
15867.84938
15901.46711
15937.12467
15854.03497
15861.50890
15894.22856
15926.85827
15849.22627
15865.48898
15939.42560
16005.63667
16055.73592
16025.51689
15941.10860
16012.22140
15906.73081
15971.88795
15994.29603
15971.07373
16028.03721
15997.25185
15908.15227
15942.88297
15974.27764
15957.47522
15993.42604
16051.26149
16080.97977
16001.17878
15991.36771
15958.17413
16012.84589
15970.94847
15986.84126
15961.39605
15902.32542
15868.23826
15941.18819
15889.82031
15927.65635
15885.46500
15925.57303
15959.49299
15991.68930
15982.80504
15980.04733
15953.82063
15947.17522
15912.25952
15936.92590
15941.46549
15917.05051
15950.82124
15953.07188
15895.66771
15953.81877
15898.26607
15799.26832
15774.90305
15895.41819
15900.46544
16012.95328
15963.06939
15891.86739
15892.35229
15944.51044
15950.67934
15945.04710
15909.20163
15922.44277
15950.76676
15977.17051
15934.79963
15997.94090
15947.36647
16003.33797
15974.80978
15988.55739
16047.23379
16064.94791
16177.51761
16129.87987
16110.66810
16101.01409
16074.80915
15986.76157
16029.28592
16019.59405
15996.10177
15895.67005
15911.77794
16011.93229
15977.52172
15960.21646
16029.33786
16065.78426
16052.26778
16014.40603
16017.56146
16031.81897
15971.64072
15905.46958
15950.83628
15902.98082
15861.91084
15787.67927
15824.12500
15840.16970
15795.57107
15833.36674
15887.44457
15967.77231
15899.68844
15985.92125
15954.29525
15936.57515
15968.13075
15938.21797
15925.61036
15866.46406
15922.96494
15906.04704
16016.58599
16025.33914
16065.00637
15997.36947
15991.48345
15926.22126
15966.12202
15968.08515
15925.83532
15955.49270
15932.51086
15939.78294
15886.68173
15919.74676
15958.67594
15965.69334
15983.23426
16019.50303
16019.36799
15973.95642
15989.56100
15998.02142
15922.89401
15959.06887
15930.41077
15932.83901
15881.19056
15834.37888
15860.29491
15807.68800
15846.15636
15745.89875
15782.89414
15755.79900
15781.66562
15791.09338
15782.23182
15825.49522
15739.70752
15775.37918
15729.60285
15774.96556
15788.38215
15770.30193
15712.32746
15840.87897
15799.52044
15802.53493
15764.59636
15768.27050
15794.74730
15698.02792
15762.65622
15848.37265
15784.41556
15816.19969
15899.68997
15756.24941
15818.14257
15864.32067
15806.87514
15858.44807
15798.34526
15828.83093
15834.36429
15827.00347
15844.08816
15839.00848
15825.10096
15792.85578
15775.74148
15806.28243
15744.47575
15755.43213
15801.36126
15720.10593
15776.11232
15757.25315
15707.80896
15680.84493
15704.80970
15709.30839
15673.83405
15697.11462
15755.86310
15755.07873
15748.64324
15775.06371
15659.17769
15598.38327
15686.04422
15705.22202
15677.57351
15706.17537
15622.41134
15629.35043
15633.11035
15591.76357
15656.86925
15653.38194
15643.06304
15615.77268
15599.40135
15585.98811
15649.73034
15656.82927
15717.82318
15657.34158
15664.26312
15745.86254
15689.63038
15673.57817
15689.36693
15712.59174
15679.03717
15627.28081
15707.65294
15719.81643
15703.10804
15688.12780
15708.20537
15679.64732
15608.19223
15613.02421
15641.90076
15765.08651
15728.71353
15744.32646
15654.19532
15634.78655
15540.41232
15565.48299
15689.89269
15722.26225
15710.54626
15721.65184
15647.49074
15726.51092
15664.71077
15656.95372
15648.08511
15619.48820
15696.93410
15743.15442
15738.00022
15730.91850
15704.52176
15754.10532
15668.76384
15723.58836
15679.31409
15693.96179
15689.54320
15709.70649
15710.72605
15617.97413
15636.24074
15727.66426
15638.47746
15684.20939
15748.29953
15789.94271
15701.23794
15697.80236
15752.73125
15764.10577
15774.85096
15733.60468
15683.95802
15741.32181
15694.33723
15822.24947
15769.42786
15822.34196
15889.13551
15763.33509
15798.51616
15830.30524
15899.43750
15940.21133
15941.34176
15960.08915
15910.32590
15956.73345
15871.87117
15854.76334
15874.67505
15851.36658
15903.85939
15797.78974
15855.69414
15853.96945
15910.28946
15934.13309
15814.58922
15858.74254
15836.58512
15839.58683
15840.21557
15818.12571
15853.90929
15748.83161
15861.43063
15918.48724
15951.05940
15897.13924
15885.05914
15800.54674
15819.51006
15824.15418
15780.65339
15745.80303
15897.75246
15916.22317
15872.74251
15940.58501
15873.14617
15841.64726
15932.93868
15874.93762
15793.45967
15686.32650
15699.80309
15673.12647
15728.89477
15815.10825
15839.11097
15743.45927
15762.76601
15670.93005
15751.21971
15848.01332
15873.07047
15867.10995
15856.03267
15808.56465
15705.34464
15739.51600
15772.90034
15789.52841
15728.63495
15759.47543
15780.62617
15731.38072
15740.00086
15686.30027
15662.46513
15710.02178
15685.41299
15636.78614
15657.64039
15769.69380
15682.37092
15671.59209
15685.75830
15697.63340
15711.39037
15679.21740
15699.89405
15659.74303
15729.40847
15703.45992
15665.00778
15704.48450
15735.85786
15706.87311
15664.12215
15621.17684
15584.65285
15615.47008
15618.47984
15655.05956
15691.72534
15696.17841
15762.09053
15778.27149
15792.99679
15914.53111
15878.69679
15890.96806
15889.38157
15806.84784
15781.50544
15798.10952
15835.29011
15858.35631
15838.17800
15885.91766
15870.73243
15821.87857
15847.22451
15866.15050
15802.33006
15822.97799
15765.79044
15788.61083
15823.29075
15794.15742
15730.08942
15678.19283
15850.27335
15882.85149
15876.26287
15878.84721
15797.02496
15838.13803
15762.24651
15680.71040
15777.23184
15699.81405
15767.41922
15695.82406
15763.40028
15684.70045
15687.89665
15820.79328
15781.60779
15794.31784
15740.61586
15721.03981
15741.34259
15839.24396
15811.89973
15848.22538
15828.23241
15867.88497
15918.13090
15908.00744
15899.80607
15839.05684
15939.64264
15962.91707
15988.43453
15921.24318
15981.99434
15960.51622
15960.77639
15918.30070
15935.49139
15903.32949
15857.11791
15881.02043
15889.27954
15877.87649
15844.85042
15862.68799
15894.47153
15816.28848
15865.40750
15844.05991
15785.28703
15757.89385
15786.56080
15774.27366
15827.03065
15847.43888
15844.19894
15821.33962
15817.44420
15807.83569
15744.93864
15915.50135
15959.68520
15965.40309
15902.30723
15885.21851
15864.63186
15764.65551
15899.22895
15798.23599
15801.46916
15857.65457
15814.83052
15838.42288
15786.72781
15823.85781
15809.91824
15806.24890
15799.57419
15790.95389
15825.79301
15847.30283
15859.51625
15883.17394
15925.62735
15892.58780
15912.07640
15775.73513
15896.05618
15928.39367
15839.21143
15828.76781
15822.13201
15749.00597
15835.53181
15837.11524
15868.75287
15917.64685
15814.85668
15812.56731
15791.44062
15821.14924
15782.43961
15828.76541
15779.84187
15775.63679
15696.12802
15732.06299
15781.02985
15788.93026
15790.90641
15777.15339
15694.61828
15791.86789
15733.44803
15730.15445
15745.99195
15724.71592
15721.14842
15736.59497
15716.35457
15798.58514
15707.48441
15765.06369
15847.75336
15886.23181
15854.66741
15788.79397
15833.56396
15833.95142
15907.51696
15908.19040
15865.00800
15838.46933
15839.64511
15891.50038
15868.85864
15893.66711
15858.59621
15891.06053
15876.09181
15896.44000
15888.00757
15861.00127
15973.14247
15936.07119
15937.55061
15912.99179
15875.34276
15955.51501
16053.40423
16003.84643
15990.73103
15927.75280
15900.60239
15886.05120
15862.07875
15825.08295
15872.68040
15905.05808
16023.00221
15936.26088
15919.09749
15909.69921
15862.65916
15926.84415
16033.77779
15985.20870
15992.98687
16030.23863
15949.82462
15954.86001
15961.35910
15972.64067
15930.37672
15901.75125
15901.02751
15851.84798
15826.41413
15832.76314
15772.25932
15782.98409
15826.75452
15803.48368
15817.01714
15708.00848
15826.23917
15871.42247
15869.65750
15871.14806
15969.25467
16005.65822
15987.25091
16025.92972
15989.30262
16038.68481
16083.59879
16080.81979
16100.46848
16059.96842
16045.62815
16062.85342
16029.49661
16048.56585
15977.06766
16037.11247
15946.40955
16026.94343
15992.81404
15910.87806
15979.06475
16060.98042
16087.36950
16035.84106
16013.36405
15917.88701
15938.24711
15964.99957
15904.15685
15921.17854
15977.22933
15979.51082
15978.46580
15969.99330
16089.47763
16004.03805
15993.78761
16009.64795
15943.95654
15970.69370
15905.92796
15941.58902
15925.07809
15965.40463
15959.55818
15877.12130
15871.56568
15869.17899
15939.10798
15765.10563
15802.12531
15929.30865
15897.93668
15987.18517
15956.14806
16036.59436
15975.14204
15975.15897
16046.15450
15972.92214
16031.34916
15987.63562
16019.73144
16037.37104
15895.85468
15977.50787
16009.83778
15947.64583
15943.06040
15946.06847
15985.22373
15994.92395
16044.30094
16048.43345
16006.77161
16066.36565
16081.81957
16068.00968
16031.71224
16133.69280
16118.73224
16132.35084
16135.02831
16132.66031
16103.37414
16174.85303
16145.09307
16174.74781
16200.72154
16171.91268
16164.95159
16210.68046
16240.06076
16219.47340
16275.16137
16125.65045
16157.16836
16146.87042
16090.59376
16141.15713
16075.41718
16106.67065
16062.83766
16057.27767
16086.82450
16092.12316
16129.15008
16136.64277
16170.99299
16157.83889
16156.89868
16191.06966
16170.31608
16119.81672
16080.62514
16181.99381
16106.26322
16103.86645
16139.62011
16075.81420
16110.98930
16164.88137
16158.50125
16092.73473
16069.80602
16081.01044
16053.19417
16048.20373
15993.95842
15977.44581
15925.87856
15950.07344
15949.74782
15901.67541
15859.00124
15865.39729
15900.70682
15927.41025
15891.23638
15852.75258
15901.33379
15892.54948
15915.01248
15966.45421
15876.61861
15867.58532
15882.58157
15885.45572
15773.85832
15814.82005
15857.51468
15850.68330
15846.03261
15823.62509
15847.70738
15812.84010
15848.92066
15850.89809
15925.12196
15897.43385
15923.90266
15902.52455
15880.41181
15901.09856
15875.06434
16003.48998
15913.03283
15904.02275
16024.88666
15897.83548
15867.80597
15874.84590
15964.53044
15937.71046
15961.40243
15988.24112
15983.12579
15922.32225
15953.19807
15915.01272
15842.57279
15862.14530
15873.43549
15896.11738
15846.30601
15862.93737
15878.02715
15884.44184
15915.85296
15926.93992
15886.68729
15932.02669
15902.15461
15894.64507
15933.93763
15922.37621
15909.77636
15851.77612
15818.73917
15869.09216
15875.68343
15871.44509
15923.63053
15906.53849
15850.83636
15855.41815
15962.64919
15822.14235
15888.35643
15874.33019
15916.83756
15991.65524
15928.81227
15979.34882
15987.44077
15945.33084
15859.02818
15897.39213
15947.76802
15923.59066
15996.01884
16059.49727
16098.97717
16025.86679
16050.41837
15976.29854
15986.40403
16001.59599
15994.77405
16012.37313
15982.98992
15995.80627
15980.15879
15964.39905
15909.59963
15977.91525
15916.24291
15983.59272
15954.89328
16015.92205
15968.65706
15935.97827
15929.95258
15944.58961
15895.82710
15918.62398
15853.38459
15991.05284
15963.44479
15974.89899
15960.81703
15960.38629
15923.53076
15999.37246
16018.64231
16058.07420
15970.01451
15935.71988
15946.84004
15897.46823
15967.04076
16022.65425
16036.49792
15971.25560
16068.38502
16021.45433
16003.71184
16055.46911
16045.82858
15991.88350
16017.88412
16007.87343
15981.36586
15962.23974
15952.38150
15942.25558
15919.21806
15829.27227
15882.01058
15822.39236
15814.84605
15779.83512
15859.08825
15817.14952
15906.42693
15792.60505
15780.06991
15770.05977
15749.63736
15731.08889
15817.28287
15757.55267
15805.78158
15837.50118
15851.53600
15887.18796
15856.28578
15811.55302
15881.99685
15847.50471
15902.11595
15909.24288
15957.29269
15939.04724
16018.33748
15980.91840
15994.87029
15975.59695
15930.24943
15966.47279
15939.01176
15999.11204
15961.10423
15929.59169
15927.57372
15958.85218
15855.35200
15855.66565
15860.46013
15763.54291
15766.84177
15734.94087
15793.11531
15811.34335
15877.44276
15948.66384
15907.69493
15855.23866
15822.20218
15918.42120
15858.58658
15923.48227
15888.09058
15841.18266
15881.71799
15912.75575
15856.47621
15852.50451
15818.71892
15776.77470
15846.58339
15816.58185
15786.51050
15772.26905
15747.62288
15774.83389
15816.91385
15766.09767
15771.32049
15755.06313
15794.66058
15755.08643
15763.30842
15738.86548
15725.36866
15720.75851
15765.21559
15673.71051
15706.79813
15718.19985
15763.99647
15759.81053
15733.99362
15800.04016
15766.01482
15793.64278
15797.91733
15750.90086
15852.37732
15771.27259
15809.84700
15820.12117
15838.86667
15840.24032
15863.12188
15842.26475
15892.28622
15839.24241
15861.43454
15867.72275
15878.57965
15876.30732
15869.90083
15889.43543
15925.18553
15899.58150
15898.74340
15953.84452
15897.23434
15946.56791
15983.01814
16011.82816
15856.49782
15820.79064
15815.73219
15886.64585
15975.69924
15965.78860
15898.25829
15870.30786
15831.36022
15822.31831
15862.00494
15762.60059
15836.99310
15773.05499
15808.93560
15852.61422
15932.26343
15999.46651
15973.84723
15914.42284
15958.66816
15975.57031
15947.97986
15887.96200
15901.71182
15950.61575
15997.93367
15902.87231
15961.89114
15967.87338
15928.57225
15945.47254
15897.68389
15888.07458
15927.17942
15983.37671
15955.78493
15896.71746
15957.26787
15912.65856
15863.75201
15847.78247
15929.94848
15828.62575
15857.87490
15871.51680
15862.78237
15830.05524
15843.58497
15858.08975
15885.55464
15923.26820
15863.46358
15925.59802
15974.66773
15923.83215
15956.97280
15982.91807
16101.21426
16019.33939
16081.95194
16015.56740
15962.38199
16021.31312
16041.79287
16100.20897
16103.44047
16050.06233
15984.58012
16019.42371
16069.97945
15990.79019
16009.26257
15953.71194
16033.31978
15943.77772
15903.08277
15862.64207
15880.24669
15869.95454
15875.93499
15811.69009
15762.41852
15703.99696
15773.70956
15779.67954
15781.41945
15845.00832
15793.92205
15790.70009
15948.90992
15804.24275
15834.87987
15877.80310
15905.18112
15884.26421
15932.50044
15834.24088
15901.10649
15832.06747
15817.32245
15813.71337
15752.25628
15743.04385
15812.01715
15784.24173
15761.97957
15762.38437
15740.28661
15684.01105
15798.64249
15823.27878
15738.82159
15754.29633
15742.92017
15735.89782
15698.40589
15775.23944
15822.94961
15834.74101
15950.22071
15867.15337
15884.34765
15879.69057
15844.10539
15856.13400
15794.04517
15878.26125
15873.03795
15774.63545
15720.88548
15783.99488
15862.99068
15939.71908
15889.07810
15914.18582
15879.87066
15872.76985
15833.94138
15905.66882
15807.62723
15862.59735
15780.52764
15802.76879
15807.34188
15817.06927
15905.28273
15893.99020
15836.05704
15788.11291
15853.30465
15917.64947
15813.53051
15811.97228
15838.87106
15844.24628
15778.97383
15771.01324
15765.63127
15791.30637
15815.09047
15828.76838
15776.12165
15859.73848
15812.90382
15820.70405
15808.60179
15812.33596
15798.78482
15850.27554
15846.80393
15887.14492
15798.54328
15764.05612
15890.56434
15778.45524
15840.59650
15825.26433
15798.34477
15898.32166
15870.52700
15841.60624
15885.21583
15882.74032
15891.15237
15930.33217
15937.66457
15899.00544
15845.27954
15773.28804
15825.33184
15839.54280
15837.72668
15893.23321
15844.92476
15804.72899
15781.10000
15744.21875
15639.69922
15689.19439
15720.07772
15748.74048
15763.66793
15774.90716
15860.15338
15804.61109
15866.16113
15798.93267
15730.63033
15725.69090
15798.22891
15828.64236
15739.53951
15763.63759
15787.17005
15722.91968
15764.31859
15792.01029
15822.57653
15765.27005
15796.19283
15804.10502
15729.55052
15647.56645
15642.49824
15665.55225
15698.04224
15652.33720
15712.62599
15759.10028
15799.69737
15731.51046
15732.95260
15729.99366
15812.36529
15745.28291
15768.81456
15720.84029
15749.70329
15773.96327
15716.92500
15723.99365
15725.31871
15734.73155
15767.09149
15773.25787
15786.27125
15760.55215
15688.44588
15806.93317
15858.53220
15754.94027
15763.01568
15731.73765
15791.39877
15789.40547
15747.91500
15784.81477
15829.24735
15748.45042
15863.57987
15890.85866
15820.14357
15794.41267
15826.92435
15777.48913
15811.32744
15853.93299
15786.93082
15839.28890
15890.87305
15812.56558
15770.07535
15755.14254
15773.37932
15692.04680
15709.89592
15743.86820
15830.17806
15753.12047
15783.01465
15829.39968
15814.14186
15725.51465
15855.85834
15786.90521
15733.12144
15744.04183
15728.99064
15703.97070
15725.24349
15690.05423
15746.63813
15647.68663
15646.30037
15704.02575
15622.39516
15744.41143
15749.26721
15778.84713
15727.93800
15720.57027
15643.27932
15683.43792
15766.54142
15838.62883
15758.88345
15804.90077
15894.96470
15889.07506
15829.01596
15835.70671
15773.68005
15834.78649
15845.44646
15781.42585
15778.09357
15748.33633
15763.52951
15691.70929
15747.33427
15770.80593
15718.21992
15788.80218
15818.84463
15768.62401
15767.46557
15781.93793
15768.14109
15709.39428
15792.58947
15632.73605
15680.33975
15687.54733
15747.69137
15710.54953
15664.20227
15756.78902
15679.71135
15794.39430
15800.72633
15741.27644
15707.39139
15731.67300
15701.15886
15695.57563
15718.79360
15709.83707
15742.13241
15707.37055
15767.88880
15823.09195
15791.53028
15890.51086
15827.46670
15852.25042
15806.41792
15841.75255
15814.19588
15783.20003
15771.26584
15789.01092
15800.96762
15838.48743
15771.70371
15842.90922
15800.19184
15796.51654
15861.09146
15859.22215
15814.37173
15756.15470
15857.46152
15871.92266
15892.96239
15916.41960
15854.31455
15861.91698
15871.81786
15823.82343
15795.96978
15810.93117
15756.00749
15733.39817
15746.17028
15748.12190
15757.47890
15801.03730
15829.89652
15821.32203
15903.99942
15886.70590
15961.99533
15876.13596
15942.16086
15837.77077
15895.69472
15871.79967
15884.10183
15913.03766
15843.02548
15886.92716
15875.49844
15914.89463
15889.14244
15812.17164
15827.13467
15811.48372
15824.22957
15828.98922
15857.15887
15836.63846
15807.59901
15871.58966
15864.34257
15905.83415
15887.35788
15887.78119
15860.73789
15916.74033
15710.35186
15716.91197
15710.45488
15807.11799
15863.19882
15758.38917
15911.87049
15832.80563
15846.39837
15766.85979
15700.96330
15628.84438
15571.42926
15699.51489
15671.42056
15604.34603
15622.32703
15626.59771
15544.02977
15520.00782
15642.72040
15648.09092
15663.41613
15707.25123
15696.92581
15583.41773
15604.41032
15688.85362
15674.60298
15552.20384
15638.96872
15546.89854
15599.59742
15601.66600
15696.27888
15613.63435
15563.74471
15617.17838
15629.90209
15716.34011
15704.90819
15739.21446
15671.77176
15698.03377
15694.33634
15682.70414
15741.46935
15824.83203
15787.87365
15836.76503
15676.62185
15779.89105
15827.92445
15800.92409
15860.04706
15822.98779
15850.95646
15862.70705
15862.89061
15833.95342
15847.47846
15882.50851
15844.60430
15878.52332
15789.42507
15784.17153
15815.69917
15766.28625
15718.06184
15716.22393
15693.94983
15637.43821
15687.86066
15623.69584
15720.69172
15619.60337
15605.90178
15646.48466
15550.73274
15665.16545
15609.01108
15715.49621
15654.85114
15668.06823
15575.43050
15556.06626
15566.05834
15602.18892
15512.16821
15620.66834
15576.76011
15627.75066
15697.74756
15622.93382
15674.39732
15703.02018
15656.15984
15673.16419
15668.74175
15669.92488
15739.62805
15693.71476
15605.80065
15671.05933
15667.64388
15642.33910
15694.41005
15667.79624
15605.23592
15620.84223
15621.49735
15621.98162
15644.98706
15786.00679
15732.18677
15698.98799
15712.08322
15750.83884
15811.45056
15819.48122
15778.50209
15710.65066
15756.83837
15715.62938
15780.70675
15725.36005
15649.98478
15652.42072
15599.83661
15692.30564
15661.86443
15648.60434
15690.29616
15657.82255
15674.44338
15706.63111
15624.19871
15655.01157
15676.91563
15713.04116
15703.21591
15745.17605
15722.74877
15564.80072
15592.48946
15581.70452
15626.84107
15580.19889
15617.60579
15655.60116
15724.27579
15587.92755
15556.65863
15679.75172
15694.50935
15672.35684
15623.60282
15553.94096
15634.93787
15679.24585
15586.81251
15793.87806
15768.44184
15751.22937
15784.60096
15793.92687
15822.84002
15817.59680
15850.66239
15834.44769
15884.81125
15840.54093
15863.46754
15859.80265
15795.40413
15778.18575
15694.32739
15699.22396
15604.23415
15545.46862
15558.05793
15550.10239
15499.32106
15602.46208
15602.99638
15650.82671
15577.30286
15591.88256
15645.20095
15589.20752
15579.45386
15586.41160
15654.85093
15675.84151
15707.94977
15700.16084
15699.65662
15553.06421
15633.86728
15680.39231
15609.88983
15694.18144
15667.04510
15586.91567
15685.54349
15689.70605
15611.22801
15658.74872
15691.20153
15701.24050
15679.98888
15553.64761
15647.00469
15611.54687
15630.74485
15555.03250
15695.67525
15631.84685
15643.53593
15628.08301
15682.81815
15704.78171
15659.39283
15699.21223
15699.40565
15586.70736
15666.22922
15652.17726
15627.73820
15694.55382
15695.38843
15739.45848
15763.96581
15675.90150
15783.25355
15758.33829
15720.60455
15725.89530
15707.51151
15778.83150
15731.43920
15695.65132
15731.01609
15736.51352
15795.44790
15705.23632
15664.92989
15768.26877
15745.84540
15677.32951
15702.64372
15661.82563
15683.71605
15684.74685
15618.71840
15664.04778
15631.83303
15724.82658
15709.24957
15744.06161
15808.95274
15748.60423
15753.60804
15770.28351
15736.31680
15786.39899
15760.62136
15754.66423
15798.02193
15741.34073
15736.88133
15720.87368
15767.10238
15803.52595
15713.99648
15768.83868
15704.28294
15739.69767
15688.72028
15679.44395
15652.69294
15658.62488
15707.19517
15680.86184
15646.51808
15673.38222
15672.06610
15725.92074
15766.50075
15683.28421
15731.42728
15711.26967
15655.11392
15598.82452
15579.89758
15667.12881
15640.30988
15639.63281
15664.57592
15655.27412
15633.65016
15573.83333
15631.65990
15708.49077
15697.86045
15697.06762
15651.59451
15623.71633
15590.90947
15618.11274
15605.77946
15713.95099
15567.49713
15544.90892
15628.31875
15545.06028
15559.85306
15566.16453
15644.51423
15627.99748
15558.33122
15596.33120
15581.20203
15506.58041
15584.01238
15599.55933
15633.82529
15566.66061
15562.14157
15568.84848
15621.24069
15628.43597
15587.37448
