15318.37988
15480.07164
15375.46399
15401.04184
15318.50244
15385.82972
15367.79999
15252.30158
15352.30242
15338.60278
15414.69837
15491.54962
15436.70675
15349.84827
15319.63916
15526.73075
15477.75335
15329.45760
15173.60416
15188.81950
15108.24123
15286.44338
15263.57172
15265.41575
15265.13276
15245.71368
15222.21363
15341.29600
15424.41936
15364.91070
15152.61564
15338.42320
15285.05605
15265.06856
15308.52078
15315.89181
15359.89672
15227.99017
15285.91867
15390.78339
15355.57083
15475.08724
15377.12039
15354.38437
15175.83758
15056.10530
15035.28304
15106.41185
15100.20019
15302.85560
15403.08616
15435.00896
15188.25859
15201.28544
15082.43945
15190.34109
15186.42833
15255.09819
15197.36110
15223.91864
15338.29688
15518.65553
15433.80293
15536.23942
15707.71005
15717.77634
15614.67980
15451.23565
15542.49911
15414.64831
15436.87691
15429.41230
15429.80701
15389.59975
15202.04096
15209.68917
15488.30422
15416.78792
15340.01801
15357.43173
15337.93631
15483.95133
15636.68685
15585.64869
15413.89078
15410.96222
15375.59460
15487.37929
15418.31087
15585.76522
15437.29493
15427.43824
15317.99090
15371.75160
15351.32056
15518.78006
15548.19443
15437.45106
15398.12547
15498.10916
15436.75785
15219.39652
15404.33131
15157.14431
15104.23755
15098.50103
15143.77120
15394.72929
15157.58457
15164.84208
15147.03105
15169.71500
15076.84555
14954.43951
15196.56736
15035.70382
15198.01590
15137.39547
15138.17733
15103.57138
15094.43074
15145.46036
15263.53220
15140.14527
15267.05083
15238.12395
15261.53584
15173.84158
15233.27175
15105.80338
15075.56408
15434.48882
15514.34239
15684.90557
15448.56968
15730.64287
15510.75317
15594.41274
15677.54220
15522.85895
15551.48327
15373.72064
15228.39238
15334.69567
15317.13627
15416.45180
15457.40226
15422.11716
15214.49780
15168.58175
15344.22019
15179.81456
15286.97022
15292.29533
15278.66947
15492.80646
15394.38598
15336.99901
15252.78749
15351.98224
15504.58204
15459.28601
15365.13286
15228.69490
15242.60594
15210.02673
14998.79309
15251.69950
15205.08345
15072.53607
15200.45953
15198.54938
15332.60289
15456.49770
15406.47838
15379.39975
15481.23003
15485.53457
15495.45067
15511.07506
15369.87059
15282.98453
15180.25561
15193.23137
15364.14496
15308.00385
15212.69447
15496.51432
15410.12957
15160.09485
15177.18479
15209.63291
15325.93397
15329.75863
15287.10266
15236.02238
15328.55399
15373.55703
15314.05433
15357.43097
15275.01736
15454.76751
15459.10294
15492.44539
15431.68522
15459.05399
15420.43134
15138.59849
15216.43522
15336.69424
15402.55639
15442.93216
15680.23257
15546.58504
15339.26859
15343.58971
15261.68328
15192.25569
15331.97774
15377.21776
15484.58937
15350.42250
15203.42586
15362.44726
15344.56282
15458.93205
15548.17657
15461.35640
15500.54549
15533.93194
15571.01333
15610.18110
15673.58301
15546.53783
15624.63998
15538.90920
15465.64553
15436.16200
15473.44603
15512.58144
15498.99933
15250.87144
15193.11572
15476.59415
15532.30191
15454.91678
15316.52279
15222.67432
15255.64070
15142.11174
15210.48911
15458.77662
15365.48845
15391.09884
15394.21112
15225.79270
15211.58653
15291.72681
15380.23775
15214.65794
15170.66323
15205.03533
15200.27475
15028.52902
15090.18005
15127.25102
15390.64945
15328.79243
15327.97344
15336.43549
15060.57816
15078.02759
15075.47251
15254.13063
15214.85116
15102.34641
15094.58478
15140.87823
15317.24273
15174.81749
15114.34604
15117.95389
14949.74768
15144.22735
15229.47465
15216.61026
15109.35054
15234.42156
15086.01928
15236.91997
15259.73743
15107.44607
15364.74663
15311.41333
15380.78393
15395.58742
15350.56077
15418.35462
15257.19787
15221.28969
15140.01190
15034.83838
15089.55596
15068.70557
15146.15953
15069.25905
15225.79242
15115.68081
15145.99787
15161.49528
15198.95618
15149.39556
15205.69249
15387.92442
15253.49808
15129.15285
15138.76545
15230.04140
15254.00780
15445.62363
15197.29575
15380.41801
15476.28626
15389.43491
15287.66569
15432.39174
15516.38026
15283.20428
15179.13162
15248.29752
15390.25712
15316.33626
15185.14520
15135.92292
15265.48377
15258.67299
15325.83768
15353.63942
15387.78526
15352.54362
15199.03024
15266.42340
15283.75506
15311.76665
15101.64148
15157.67858
15189.85777
15107.50398
15197.53180
15066.35248
15087.79594
15256.98646
15287.21409
15257.07728
15363.71487
15306.61613
15394.96664
15256.28695
15153.09376
15188.64972
15184.71664
15333.00223
15426.30821
15551.78911
15471.52650
15243.47103
15465.33548
15451.91887
15530.56911
15478.05361
15378.74771
15402.33475
15341.46926
15122.07408
15253.30894
15379.93497
15318.31671
15319.98482
15206.89705
15422.11351
15482.37460
15629.87925
15371.79011
15240.59254
15360.27394
15417.07015
15523.29903
15349.32148
15350.11778
15297.21101
15117.54180
15108.07866
15085.69214
14828.53979
14979.88410
14903.30467
14858.10721
14804.58915
15052.50960
15158.11545
15309.65200
15421.50347
15295.52590
15264.40163
15332.11631
15445.67573
15598.57238
15483.37334
15310.87014
15301.91516
15395.74682
15373.63309
15270.09433
15028.34332
15104.10118
15030.80408
14981.43772
15030.04081
15037.85803
15239.57337
15304.73381
15292.55711
15239.08161
15246.43100
15392.25409
15446.84838
15401.73775
15345.63925
15387.49852
15320.38767
15152.21227
15261.92298
15343.87172
15407.58952
15223.46444
15189.28956
15257.60603
15339.47274
15225.71901
15257.45654
15442.00766
15412.13606
15233.23012
15210.10937
15432.33093
15583.21568
15439.05216
15477.40456
15321.99284
15266.39173
15231.29420
15464.63427
15439.35100
15404.05483
15465.39855
15571.58870
15541.13092
15632.01420
15527.01198
15614.21679
15621.53071
15670.79279
15473.71230
15524.09713
15509.26289
15448.67251
15531.06366
15481.14922
15520.25643
15418.79712
15372.39720
15304.63154
15206.46242
15250.42141
15242.00524
15157.13359
15201.92803
15221.78897
15364.36217
15330.96131
15380.61317
15254.28214
15425.15877
15486.23697
15492.80226
15564.71707
15564.82819
15480.90049
15356.35238
15528.37850
15572.96221
15580.93255
15381.81374
15232.99093
15418.79913
15604.48814
15596.17959
15432.16085
15211.89588
15362.27418
15289.86060
15413.72327
15228.20017
15325.51299
15243.04880
15226.87042
15309.93192
15304.43487
15263.87401
15445.09779
15438.14816
15438.96098
15346.13962
15382.24105
15271.88800
15066.66455
15258.92070
15409.60779
15320.73344
15317.51488
15361.05169
15310.76871
15241.17034
15228.03345
15096.52467
15253.57529
15301.41163
15505.66455
15500.21296
15611.18967
15364.73942
15198.07334
15326.70096
15144.17379
15216.51082
15170.01082
15057.89341
15028.88571
15145.85064
15317.19425
15357.64556
15215.50622
15281.33166
15206.90217
15248.50491
15125.61153
15183.81331
15292.55357
15467.79710
15574.72757
15389.61468
15405.71886
15397.04422
15572.97885
15456.30444
15240.67132
15344.70542
15327.60138
15296.22543
15330.45691
15373.08096
15329.74810
15486.97755
15288.06299
15208.75843
15181.53760
15139.28157
15128.04755
15368.60103
15308.90096
15414.27145
15293.61956
15058.88751
15034.29982
14971.58549
15104.65274
15151.25575
15006.60439
15122.41934
15312.85303
15281.80123
15311.89969
15461.76339
15447.75545
15294.60539
15326.09815
15168.66686
14972.46543
15079.97571
15263.54729
14988.02665
14859.27088
14936.57794
14869.37345
14960.38968
14953.48807
15295.58289
15169.82357
15175.11249
15338.38924
15308.40256
15125.64866
15108.65955
15173.53245
15245.03530
15255.08531
15209.18538
15141.87025
15303.28421
15304.53016
15290.19637
15280.04529
15345.16618
15251.14231
15377.62018
15367.07954
15313.77339
15208.71624
15157.16112
15355.02663
15293.51286
15380.94878
15491.15044
15548.82346
15369.68335
15226.15388
15162.44577
15060.60752
15016.79787
14993.24572
15110.90695
15099.11491
15250.67782
15214.42497
15323.17346
15212.72898
15191.62817
15238.56107
15298.33823
15106.59029
15190.70127
15211.47630
15119.74406
15267.80151
15186.74502
15041.74297
15151.40986
15214.46027
15221.43157
15264.05704
15177.91857
15315.97415
15342.15373
15505.52419
15392.37231
15287.09678
15323.09813
15322.15582
15154.33280
15363.58459
15290.60072
15350.24646
15292.37040
15205.57683
15150.74545
15348.02601
15452.21412
15529.05642
15512.22147
15479.73390
15578.99960
15509.29019
15403.70540
15164.99154
15217.54850
15146.03464
15249.88987
15137.60849
15187.10836
15386.03651
15462.94347
15496.55401
15425.60193
15512.19752
15583.32853
15568.61225
15440.12099
15463.27017
15577.20034
15480.81795
15610.38880
15558.92750
15498.11776
15363.33374
15393.14768
15534.52536
15524.47638
15578.77713
15501.66336
15519.79142
15368.12216
15539.43365
15538.47224
15434.46580
15366.51836
15409.65945
15292.39626
15147.70886
15055.90121
15275.40304
15386.07241
15385.89130
15398.68152
15516.54063
15402.88880
15249.61286
15292.24974
15391.18761
15468.50087
15505.89083
15434.21403
15515.15555
15322.52802
15233.73867
15284.47185
15315.16332
15434.28373
15507.14154
15360.48566
15321.14315
15283.45107
15376.94729
15445.18351
15377.50533
15321.56848
15282.89450
15191.98404
15277.92201
15103.66954
15173.42117
15313.54460
15346.67267
15205.01148
15377.36172
15408.96640
15324.83119
15226.83047
15342.88090
15500.90867
15422.04723
15402.01529
15272.99513
15195.27162
15405.72475
15263.91732
15093.66819
15145.28487
15339.86187
15316.98255
15297.70418
15275.29008
15473.01071
15478.66288
15467.53800
15478.67490
15481.58608
15422.04061
15405.77954
15232.77328
15230.23058
15267.47409
15307.43571
15332.33346
15348.51843
15227.49655
15295.80951
15370.19387
15362.26559
15435.85585
15341.79496
15284.82929
15222.43200
15393.47402
15322.73563
15412.71710
15397.67085
15342.29909
15119.40919
15104.72490
15075.18787
15131.90364
15187.10501
15187.38958
15164.35227
15252.01108
15365.78088
15456.84682
15409.14635
15417.98134
15461.09687
15385.18937
15438.29630
15359.66752
15363.59231
15656.64626
15726.61782
15670.16886
15731.71242
15609.87859
15521.14072
15502.25998
15405.71166
15505.85205
15426.80778
15249.05172
15374.97464
15750.04346
15435.25261
15178.18563
15282.79404
15179.64104
15159.26730
15351.13390
15431.25967
15205.57885
15285.47628
15296.30631
15412.36202
15466.53552
15348.22612
15335.58094
15221.07992
15150.49453
15165.61363
15205.00121
15342.65734
15329.99601
15346.09102
15375.24176
15593.84031
15626.98162
15567.07464
15462.64320
15384.27732
15524.87889
15308.28835
15464.90313
15594.81362
15491.06775
15735.61945
15702.45841
15472.32689
15541.85951
15502.21297
15425.95668
15423.69038
15501.96741
15394.07649
15435.18876
15490.42765
15579.77200
15376.81392
15280.98829
15460.82433
15495.32544
15449.81732
15392.71554
15281.87685
15221.14803
15235.40935
15271.97140
15229.85965
15181.21079
15137.33100
15297.17884
15539.24256
15461.71893
15422.46048
15286.95585
15341.31937
15510.80795
15521.45191
15466.44247
15534.42746
15793.65282
15703.84385
15595.16450
15535.43127
15415.68392
15328.62472
15331.80145
15266.24615
15276.09140
15201.15414
15253.65249
15460.53257
15351.96386
15213.07603
15175.73169
15080.50126
15137.67510
15077.60145
15084.92079
15258.52079
15131.02677
15187.03180
15158.31313
15241.94303
15308.95412
15432.64083
15518.33914
15438.31128
15533.53148
15449.27592
15380.31125
15316.35295
15244.28203
15090.34542
15193.13297
15172.75604
15247.97245
15270.67074
15164.37966
15351.85987
15167.09199
15133.16967
15179.64510
15070.50352
15108.28416
14959.83662
15057.09279
15099.95469
15045.34159
15083.38354
15165.12110
15268.77630
15317.35331
15408.10660
15399.01910
15365.31754
15325.21822
15215.29176
15205.17586
15116.40912
15143.45896
15226.34351
15336.37321
15492.70329
15332.22066
15235.00304
15326.84671
15263.04533
15167.18311
15471.89137
15337.73670
15247.36604
15302.12268
15270.81840
15237.56711
15272.91752
15072.58244
15146.41221
15136.24936
15138.49520
15149.85116
15022.41524
15117.49454
15261.67103
15133.53817
15232.45622
15268.23339
15136.45531
14927.80802
15175.62432
15197.94213
15049.58154
15044.36712
15107.34429
15177.66135
15232.09020
15246.72815
15147.23882
15184.17163
15296.44462
15305.92372
15139.10158
15160.15139
15308.41250
15394.93068
15530.47545
15530.03185
15332.90796
15529.78390
15451.18004
15343.29535
15234.83976
15253.36242
15436.71378
15265.18416
15326.95353
15353.72660
15449.90466
15224.11856
15297.51026
15518.50196
15513.61790
15337.19650
15444.70208
15375.64548
15422.03166
15484.67455
15679.14120
15496.32792
15374.95579
15571.20908
15492.01691
15582.23114
15463.17828
15442.33680
15376.57800
15548.98882
15374.38526
15273.07667
15360.15616
15151.98919
15126.74054
15249.01960
15355.62676
15518.50936
15541.83774
15474.64994
15227.95542
15315.34080
15434.31403
15178.67121
15218.33161
15418.18026
15421.70250
15479.93799
15579.43552
15483.10557
15399.97738
15308.48018
15481.76038
15336.39748
15340.22311
15389.40608
15398.71744
15413.91255
15510.56461
15638.74353
15434.38692
15198.73729
15140.00308
15203.42743
15196.10930
15367.87133
15334.05678
15381.52502
15296.99831
15402.05822
15378.87099
15198.41355
15335.21420
15400.70034
15219.92053
15287.60990
15480.22861
15301.35371
15295.05244
15301.43879
15308.05479
15376.34947
15189.87642
15244.87401
15249.29922
15428.03021
15479.24427
15542.06181
15584.15962
15419.75431
15387.89408
15425.07358
15282.47443
15315.59507
15264.36933
15297.96735
15353.74445
15342.63233
15416.13859
15645.65155
15437.66903
15290.87352
15196.36417
15292.44399
15308.94958
15407.45315
15454.54731
15250.28722
15272.74411
15252.08586
15341.45028
15270.16314
15351.02509
15388.39002
15514.94392
15554.53497
15538.08970
15586.75004
15529.03798
15568.64648
15472.47120
15552.33204
15658.06140
15591.47819
15721.50838
15864.04260
15765.91143
15501.10677
15453.35342
15363.57772
15353.53754
15333.15084
15409.69012
15493.29226
15564.42934
15381.85664
15516.26865
15391.38065
15524.85840
15389.75438
15221.25103
15249.56077
15139.31186
15079.47633
15279.62496
15318.61956
15209.55976
15293.14233
15270.69289
15252.21403
15190.49872
15223.64936
15056.86923
15143.36096
15212.42688
15054.99898
15107.45741
15289.63524
15332.56269
15342.35492
15521.16403
15350.26132
15265.69823
15332.92177
15327.86883
15521.82156
15416.38620
15316.46383
15434.25219
15521.98950
15445.39246
15590.99836
15341.31781
15290.74475
15356.64619
15273.36545
15170.84912
15367.50324
15373.25279
15476.72401
15321.35102
15346.03604
15312.10548
15300.25460
15247.10178
15302.09689
15191.18449
15115.91752
15133.34635
15157.92980
15244.08995
15422.44033
15404.59642
15276.32616
15361.90293
15434.44057
15516.38352
15531.92281
15493.51731
15450.56786
15485.37245
15570.37627
15514.71948
15505.05015
15505.07069
15441.07716
15528.12195
15349.29250
15201.37760
15138.30929
15205.67433
15154.03370
15247.97053
15340.64273
15245.58717
15336.01568
15349.29615
15158.44162
15195.10743
15213.09154
15212.39002
15229.75883
15337.92130
15438.82267
15562.36414
15427.26186
15262.29558
15173.87006
15263.54724
15267.25544
15204.92742
15231.26611
15186.22039
15000.19383
15062.72174
15148.16902
15191.69198
15075.77662
15178.31942
15217.90789
15437.98230
15312.59796
15187.38385
15105.68780
15187.73563
15219.59706
15205.88796
15355.26402
15429.09051
15319.79979
15343.06911
15373.10945
15302.01081
15342.42425
15422.93894
15439.02308
15336.23047
15215.35503
15322.60215
15385.45416
15392.82494
15474.55525
15371.44936
15316.26680
15419.27040
15195.62072
15328.74844
15336.43466
15299.14541
15333.75311
15215.20771
15276.95308
15231.58153
15457.95524
15211.71434
15238.34117
15106.48745
15245.56294
15164.61425
15254.85518
15263.76152
15322.58227
15161.25969
15150.64308
15220.60041
15140.50608
15164.46188
15040.77586
15238.42030
15236.28764
15154.57105
15065.40250
15273.39309
15469.22692
15271.92834
15279.28302
15276.00832
15284.78939
15408.15579
15327.56145
15480.98690
15518.76176
15501.57452
15543.08757
15570.24286
15563.16185
15470.28838
15428.32310
15375.16717
15328.60790
15327.02692
15297.47666
15227.62998
15369.28809
15261.29369
15428.07769
15518.50627
15264.35080
15220.41458
15147.83966
15124.11289
15260.83493
15137.46906
15223.09154
15326.68596
15417.18929
15314.68087
15433.33599
15494.40989
15506.92656
15357.01609
15423.92929
15497.40913
15448.95978
15342.61397
15239.96886
15205.45082
15150.56410
15223.65961
15242.15155
15327.32790
15300.68578
15319.87688
15320.84420
15158.28041
15160.21680
15099.97434
15224.04641
15339.43180
15245.10010
15199.35876
15229.93600
15190.24391
15334.19348
15074.86072
15256.02151
15246.53132
15145.13864
15147.40014
15163.99887
15177.37100
15297.74268
15279.30585
15289.26064
15328.44106
15182.64848
15326.40877
15381.43431
15414.37800
15316.80775
15333.93626
15418.68227
15305.22235
15200.66911
15201.30698
15062.54136
15015.51711
15327.94412
15289.76319
15322.79869
15350.72689
15386.64770
15589.16982
15566.71233
15578.90920
15521.70438
15378.87288
15388.23243
15329.62866
15446.62869
15503.83518
15524.88063
15439.30221
15368.83469
15389.09125
15354.94230
15263.07516
15348.57535
15400.75742
15233.45041
15315.88647
15304.61372
15347.45662
15239.66140
15220.80587
15420.86172
15371.39785
15434.69804
15291.45022
15331.03013
15356.06391
15122.22052
15326.57987
15421.39910
15440.06158
15237.80549
15227.08322
15185.04277
15294.16250
15343.13172
15263.98095
15222.19057
15358.45271
15369.53945
15215.45461
15126.96764
15207.75371
15337.51581
15338.68566
15253.31269
15120.62733
15373.69623
15407.52426
15329.21537
15405.65305
15129.95908
15064.45149
15114.64614
15091.58310
15124.71924
15374.97599
15274.97432
15247.36350
15294.08299
15196.01106
15202.30869
15095.75644
15157.42293
15168.57502
15122.51763
15241.30485
15487.32254
15314.76173
15227.76169
15326.64554
15484.84402
15384.11123
15302.62733
15279.08721
15255.93317
15091.95581
15221.28566
15197.24051
15241.44994
15242.33193
15455.32269
15175.27183
15291.89478
15297.84392
15204.80741
15294.82019
15222.59655
15235.13406
15241.82273
15401.64735
15282.99288
15368.74241
15218.23030
15083.14231
15066.87225
15254.73812
15289.27871
15111.79235
15271.13231
15214.31208
15244.56890
15348.93860
15149.18876
15165.48554
15269.96593
15567.59329
15502.16041
15473.29821
15288.26225
15371.26164
15369.10594
15330.19946
15400.03055
15457.47998
15505.29865
15457.32525
15318.85166
15324.37724
15423.74086
15462.01697
15453.19519
15347.63835
15319.01676
15444.78621
15358.42331
15297.07124
15260.74582
15132.23964
15137.39805
15102.86674
15428.57506
15393.80337
15366.78020
15349.14386
15317.14935
15206.41549
15179.24587
15140.20408
15071.19912
15196.94395
15269.47630
15278.37224
15213.29165
15408.06567
15436.10049
15404.10746
15412.43289
15416.51072
15439.56142
15253.73333
15369.22845
15198.48549
15216.33238
15260.92167
15430.79242
15369.69550
15383.18654
15207.32308
15052.52732
14985.28420
15191.28016
15039.22441
15111.23055
15052.11521
15095.53914
15194.04800
15233.01152
15174.02208
15224.92158
15300.96418
15420.24882
15503.33305
15343.18395
15231.52214
15132.85026
15282.51729
15256.54421
15217.99725
15162.63770
15283.45403
15255.63457
15430.34919
15396.69514
15502.12810
15294.95745
15313.02695
15283.42621
15532.02202
15539.23805
15479.18715
15356.53556
15114.55868
15149.09397
15187.29220
15162.35942
15330.01351
15414.83010
15363.95019
15263.79732
15314.22609
15207.63686
15121.12615
15089.03834
15207.47109
15113.82466
15098.90937
15220.32246
15300.51850
15325.45026
15360.70323
15492.09714
15542.82111
15457.98812
15387.97554
15462.91686
15453.85398
15346.15235
15336.22182
15328.80909
15274.07020
15286.09963
15316.67181
15567.85248
15510.73155
15363.76297
15259.81093
15292.71896
15268.13871
15303.35510
15467.03027
15443.69940
15476.09738
15475.02706
15347.33567
15430.01598
15418.57525
15283.22181
15358.04891
15290.19974
15333.44069
15501.24760
15391.86691
15248.38804
15516.04902
15595.58588
15466.75468
15457.27043
15383.80658
15332.99609
15270.41206
15405.12707
15615.64124
15550.05902
15627.14017
15550.88580
15596.28029
15451.16084
15512.44610
15348.37151
15330.15421
15313.26956
15208.22690
15207.61149
15308.98600
15320.73394
15265.48424
15323.80013
15256.55255
15197.03531
15291.25148
15361.30377
15291.20381
15391.08262
15417.26749
15224.94456
15137.10972
15147.70146
15302.54493
15171.19914
15168.59141
15202.37471
15062.91516
15079.80925
15245.86555
15167.67487
15106.18141
15079.51169
15224.10331
15216.33626
15107.23872
15242.20774
15290.77123
15148.80751
15105.10678
15163.65456
15130.88857
15069.08533
15182.09686
15220.95213
15214.30430
15257.12563
15296.19506
15389.68876
15293.05403
15243.64671
15188.21036
15260.17807
15250.10157
15284.99800
15293.55381
15236.10197
15164.06742
15180.48979
15210.73239
15199.29637
15216.34814
15277.16974
15110.64772
15179.24347
15100.90247
15086.19795
15066.11489
15128.71241
15154.97024
15271.49409
15320.22819
15154.43240
15124.78188
15223.82024
15269.93811
15270.86085
15347.09015
15226.45506
15121.60373
15118.11094
15147.79386
15066.33202
15184.68663
15193.05693
15189.36716
15218.41728
15247.51156
15168.53065
15301.94358
15333.78642
15424.15319
15515.49289
15461.93001
15357.77116
15403.50433
15395.81962
15310.46364
15367.89435
15451.73696
15432.94188
15390.77131
15522.76700
15271.64367
15249.03449
15124.17153
15173.79563
15105.39056
15278.52126
15257.60350
15109.46637
15254.13676
15224.30999
15174.92075
15238.28590
15243.04066
15255.10956
15306.19133
15239.38069
15259.87502
15362.39494
15429.73951
15305.89155
15318.27786
15129.03411
15094.26885
15215.66424
15268.43923
15208.54778
15150.76246
15175.77776
15098.14202
15266.68797
15411.47924
15272.27744
15399.84861
15595.82095
15386.02569
15251.97340
15204.56558
15328.59197
15169.99442
15222.35405
15160.84618
15080.06352
15292.05578
15420.25188
15460.35383
15344.26768
15336.67516
15388.35654
15570.22827
15484.71393
15588.22829
15555.23507
15380.12263
15535.21229
15579.29195
15565.85391
15492.32783
15511.67484
15246.49694
15301.83524
15313.37809
15179.17904
15213.68004
15189.57705
15198.50324
15070.23736
15122.56876
15270.23305
15289.51608
15087.42274
15088.74915
15128.31080
15142.80599
15219.24563
15224.44595
15311.35544
15097.42459
15096.92694
15041.31713
15415.29525
15151.57216
15286.66087
15165.11943
15129.29172
14981.37285
15026.89961
15180.47272
15296.65337
15323.38046
15119.78294
15001.01938
15218.34930
15474.24648
15386.48758
15495.56118
15339.70260
15363.95979
15363.81338
15220.36728
15179.04531
15343.00316
15503.14679
15353.99240
15500.64005
15325.95464
15396.46972
15375.62450
15557.85930
15360.30789
15213.07469
15187.51904
15070.74769
14959.40864
15109.33927
15223.92036
15313.38835
15433.66573
15247.82416
15273.64619
15317.87222
15321.17726
15180.14184
15313.63063
15111.15724
14977.43580
15206.17149
15176.72232
15151.53894
15264.38329
15154.86754
15248.58593
15251.62019
15221.19864
15223.36214
15068.67169
14965.53932
15109.70956
14984.36050
15205.49980
15229.31104
15207.26907
15333.62761
15438.43710
15413.37062
15393.88055
15514.69699
15478.35640
15377.76227
15324.37532
15376.41285
15394.84113
15356.78125
15344.98627
15227.82703
15296.65703
15233.46679
15455.13955
15260.28442
15156.71997
15129.38984
15357.96308
15268.53681
15411.00761
15438.29625
15372.02789
15278.90596
15167.49391
15172.80953
14936.51096
14891.37615
15057.19981
15124.67170
15276.89098
15331.46590
15382.66074
15288.32497
15305.42832
15235.51955
15253.29573
15218.10864
15305.34743
15206.09110
15320.73796
15389.48934
15528.96924
15571.79551
15515.53344
15293.80090
15350.44487
15244.56861
15417.63926
15406.38782
15350.65428
15354.15694
15224.92962
15258.16411
15309.22465
15492.21403
15324.12350
15280.61871
15379.57398
15292.80679
15052.21297
15151.79394
15168.60801
15039.57651
15271.39068
15089.52374
15131.11875
15236.80986
15159.18972
15308.37649
15334.99961
15297.31668
15573.66237
15690.58090
15646.44335
15643.57597
15552.17101
15565.07052
15407.21977
15462.21640
15564.84348
15519.40786
15511.18946
15554.47192
15615.65274
15608.61682
15612.11181
15565.52028
15535.87706
15402.71058
15452.73263
15275.06735
15052.80637
15117.33056
15090.92399
15120.17330
15094.29082
15040.13209
15280.28430
15158.15992
15317.92999
15316.61919
15212.69891
15282.37338
15291.16514
15182.68714
15428.52697
15373.75110
15434.77082
15374.96949
15382.70877
15362.32483
15454.31486
15343.65698
15281.57154
15293.12312
15328.70554
15337.78312
15426.02890
15303.79791
15324.97938
15294.26946
15347.44120
15341.68768
15112.68523
15261.89846
15400.93356
15333.83397
15347.82285
15435.14686
15339.47762
15373.24937
15436.79306
15295.73814
15359.39538
15337.94374
15415.52037
15372.31803
15367.49986
15281.01966
15361.21128
15350.43163
15386.69682
15289.57552
15280.59927
15278.60376
15193.69636
15180.87279
15141.27401
15157.12978
15101.88898
15270.80490
15339.49082
15371.67691
15246.72648
15450.74065
15379.63752
15483.05662
15387.69523
15358.12959
15162.07632
15190.26302
14970.37910
14916.50165
14944.73325
14926.08835
14922.98404
15065.65747
15091.21535
15193.80855
15280.75004
15228.95730
15308.30872
15162.78728
15252.14319
15260.86215
15356.55790
15323.48012
15354.55013
15372.14712
15322.36161
15016.93303
15257.80315
15383.94958
15449.39020
15307.25189
15422.96542
15351.76592
15196.64365
15286.20631
15273.28821
15142.37242
15096.80690
15000.77160
14900.94640
15005.94308
14984.11917
15109.05941
15158.28074
15287.10647
15219.70205
15232.56244
15275.75081
15194.37868
15161.31170
15212.93851
15098.03022
15201.20259
15183.53620
15173.77047
15132.88629
15266.78805
15182.56270
15096.58173
15308.05126
15315.64450
15175.90256
15162.27845
15247.00685
15205.91332
15099.99974
15209.21513
15154.29846
15221.45182
15130.97119
15273.87016
15405.42101
15536.12092
15490.31563
15470.78424
15598.57838
15496.71051
15436.59898
15334.09375
15511.68224
15532.87881
15482.29576
15377.65263
15261.97654
15240.10624
15244.14282
15275.38181
15341.02545
15282.44710
15272.05268
15312.68547
15393.00586
15354.40925
15242.20582
15144.94008
15157.66682
15074.23539
15137.63512
14977.65888
14919.23799
15018.06402
15031.95429
15016.48835
15082.06539
15093.63317
15167.28522
15248.13663
15245.52905
15466.75805
15428.14757
15601.93304
15360.87879
15181.75367
15243.52133
15274.11156
15284.93808
15246.83394
15206.95910
15425.46825
15469.11771
15309.41459
15435.09692
15392.95822
15393.64845
15229.42662
15313.54838
15474.27662
15536.20040
15553.09438
15472.32243
15367.18476
15297.13233
15260.02593
15327.58433
15461.79491
15440.67672
15439.87076
15444.50611
15446.37287
15547.91268
15296.56580
15443.69766
15267.05736
15336.98940
15299.12916
15366.71932
15182.15231
15286.79202
15062.92389
15195.93136
15343.62677
15121.49881
15288.82456
15395.87106
15288.40975
15245.76295
15136.65604
15341.64677
15258.59790
15030.19268
15242.18140
15201.64448
15219.35431
15177.03005
15094.46831
15112.00616
15263.99349
15323.69886
15328.33700
15398.03388
15360.57437
15348.23290
15368.81348
15393.91010
15301.85938
15213.68004
15229.80968
15203.86614
15247.56804
15126.41631
15053.36486
15109.38636
15229.84490
15278.33295
15308.55749
15224.01713
15348.78806
15435.69729
15457.08540
15509.99293
15508.07234
15459.40000
15460.27531
15318.37604
15368.32125
15385.62231
15342.16527
15259.57796
15230.26851
15255.93656
15166.13780
15329.33466
15225.33256
15289.05986
15166.53401
15404.55365
15527.99198
15603.80678
15756.66332
15547.61553
15441.40998
15381.28814
15515.00479
15440.72548
15361.36260
15415.18671
15337.06974
15229.84009
15346.89476
15270.70752
15119.96751
15144.67823
15251.68537
15149.41266
15187.62771
15340.80094
15551.88544
15373.61376
15370.98273
15175.02304
15166.15089
15377.89221
15085.64225
15264.64595
15327.02309
15234.30093
15254.55018
15143.83125
15131.98534
15107.18317
15249.64612
15393.29337
15382.52980
15439.17113
15382.18213
15277.63120
15292.23481
15263.86589
15288.85415
15257.12012
15296.71908
15285.25606
15308.08689
15289.42829
15328.20852
15184.89334
15342.55144
15289.10961
15412.78765
15468.81147
15498.00745
15543.31673
15410.09202
15492.62503
15464.03489
15396.14777
15378.47437
15467.76886
15383.86315
15279.38992
15388.48104
15230.86502
15387.04056
15334.45030
15225.03839
15293.31365
15326.58312
15401.76941
15432.40896
15491.63597
15483.32936
15469.19865
15355.60529
15355.35983
15412.96043
15250.91145
15245.04348
15341.19030
15143.64232
15079.14684
15127.22627
15110.71566
15166.84737
15204.86101
15091.72142
15113.22283
15290.82065
15329.60270
15286.65349
15249.54061
15131.46516
15185.42057
15306.31604
15306.93501
15328.31787
15300.96369
15081.92615
15177.91081
15112.49813
15200.59869
15091.84125
15167.46823
15266.22102
15249.14887
15475.64320
15455.69870
15411.81930
15421.47328
15413.25719
15491.03887
15530.55138
15422.15766
15554.69828
15570.16612
15372.99704
15402.02215
15502.12339
15499.05333
15644.90928
15432.33925
15396.79243
15499.87608
15282.17396
15353.62574
15300.71711
15326.97835
15371.17718
15164.58958
15282.77460
15332.68033
15259.90475
15383.86534
15201.72977
15237.99280
15258.24933
15456.49218
15330.15176
15424.21798
15461.20835
15484.80605
15476.20240
15350.56746
15394.40242
15526.85770
15397.63585
15294.79622
15169.23432
15187.43457
15333.84272
15341.67828
15348.84948
15354.51177
15197.99077
15259.80107
15260.37315
15230.26642
15369.69928
15399.55432
15485.84176
15544.10292
15509.30509
15496.09582
15542.39755
15451.42181
15522.68762
15473.01125
15439.98458
15398.78264
15424.30727
15688.61396
15420.74824
15348.89808
15166.11268
15160.62279
15367.06743
15240.47808
15317.89112
15320.65386
15320.72620
15360.42587
15290.09272
15533.08162
15449.53751
15288.87268
15347.78347
15210.34172
15267.62975
15091.28300
15052.64536
15051.84020
14966.44988
15116.35577
15325.29603
15154.94148
15196.56625
15046.21135
14991.71948
14911.85186
14962.46858
15017.18246
15033.43145
15082.09972
15216.53854
15289.67174
15279.71904
15302.54008
15302.56868
15134.17806
15118.84820
15208.88431
15229.02887
15200.09732
15098.90792
15128.36801
15099.65929
15243.49966
15147.87592
15219.54462
15249.33599
15265.87531
15189.24477
15128.73009
15042.82386
15103.09019
15167.56107
15103.19622
15168.17960
15117.01023
15018.49169
14975.04827
14943.78260
14922.88590
14967.22606
15015.82297
15073.90478
15202.24292
15118.87442
15240.74936
15294.94432
15179.91581
15201.27526
15300.88702
15299.04861
15304.13996
15349.79839
15428.05194
15319.32475
15273.16314
15254.52191
15320.64774
15613.42942
15489.42423
15518.86157
15375.63576
15532.70039
15428.72804
15504.40415
15337.74357
15132.13874
15252.56425
15250.08761
15244.75985
15266.77103
15238.43373
15218.18289
15189.47252
15349.81555
15373.37237
15440.41071
15378.72722
15386.74652
15541.69827
15436.53089
15367.23475
15457.79095
15399.54061
15609.73501
15580.78969
15489.15770
15546.55760
15424.50294
15293.66774
15306.04091
15338.66121
15178.68492
15238.40194
15155.00414
15262.14072
15179.27637
15228.21786
15304.37295
15269.21846
15198.38225
15292.16201
15287.80294
15354.28667
15227.27453
15317.59400
15391.45610
15338.56334
15415.54168
15354.24533
15272.11286
15361.30025
15276.36470
15354.97078
15477.46337
15433.51263
15231.88317
15338.83666
15352.40301
15498.77836
15436.53458
15460.32874
15557.41375
15437.84668
15385.49541
15310.27534
15395.68418
15537.65144
15447.76595
15530.51953
15345.34724
15213.05527
15282.79803
15243.56657
15246.80666
15428.70809
15416.66859
15322.54346
15065.23864
14840.51443
15031.23972
15123.41266
15194.14740
15223.00424
15200.91032
15216.55327
15420.64192
15518.72183
15711.42401
15417.74263
15191.46656
15261.21964
15404.05404
15457.20889
15360.25874
15351.42692
15433.96123
15585.10379
15569.95536
15526.71129
15438.97148
15472.39368
15392.93805
15429.01318
15315.50963
15165.73245
15091.22495
15281.75631
15118.76253
15162.03108
15195.80616
15203.49953
15414.39509
15559.99751
15438.01630
15357.37194
15417.69289
15622.27408
15443.61286
15500.81933
15603.40197
15436.97330
15383.22712
15396.54079
15428.41559
15426.56804
15393.61574
15368.69691
15467.68162
15455.80129
15435.34502
15469.42117
15410.58102
15506.86080
15471.28643
15544.13550
15669.38713
15562.77124
15577.99646
15476.89269
15486.07117
15354.45718
15372.57056
15187.26806
15395.98934
15335.64575
15203.83597
15177.62226
15227.50544
15104.78939
15237.48865
15250.43884
15187.98363
15207.19059
15282.53368
15441.13950
15320.41404
15322.21462
15264.54241
15380.92144
15391.40227
15443.33119
15303.27964
15251.33282
15453.38183
15391.96558
15286.91405
15189.14796
15252.68752
15246.79354
15123.58647
15140.38431
15057.59768
15135.44299
14989.18151
15128.87862
15131.66411
15446.36864
15393.82820
15369.28444
15333.00169
15252.30086
15411.21440
15482.79991
15442.77145
15453.74903
15292.03614
15266.76179
15506.98753
15443.65249
15324.76644
15399.38901
15265.56425
15340.26445
15369.52506
15435.44951
15528.87938
15529.91079
15408.76496
15337.72139
15193.08685
15097.04689
15107.76441
15184.41920
15433.91496
15435.51831
15422.49269
15286.93854
15175.53787
15260.08471
15340.40189
15167.09722
15131.16583
15143.70399
15216.44338
15355.50113
15266.35075
15171.92234
15366.05615
15365.06611
15253.35326
15293.99385
15308.53116
15281.84786
15349.52239
15238.36339
15473.25101
15416.78084
15351.09812
15519.26909
15486.47280
15316.63676
15246.83537
15356.67972
15296.29385
15270.45662
15312.97559
15301.78501
15459.44264
15512.61112
15425.11982
15383.12712
15344.90966
15140.63116
15097.78366
15126.60536
15134.30776
15229.47852
15135.33041
15113.15483
15220.11591
15091.95650
15029.56888
15244.47041
15123.99452
15245.16913
15223.07756
15319.36504
15333.55276
15375.54022
15492.64577
15307.81291
15187.72624
15353.77117
15355.64358
15347.15321
15308.76988
15189.65228
15329.07246
15297.58044
15242.01203
15142.45662
15369.62682
15337.66808
15350.39733
15495.49158
15241.69828
15290.89382
15460.54657
15379.72100
15194.78531
15160.03420
15113.12524
15404.07498
15360.81500
15426.37161
15578.86314
15378.25135
15358.50315
15417.25763
15454.96239
15297.67565
15280.30601
15002.41255
15211.44421
15224.61272
15267.17357
15346.82746
15213.87007
15150.75275
15255.53540
15124.66182
15068.75334
15013.83462
14975.76207
15013.94331
15210.15673
15398.12520
15426.24458
15305.84038
15385.58018
15482.61418
15467.96394
15509.28704
15303.70725
15342.97191
15264.96334
15040.13160
15195.63690
15252.89763
15327.30939
15285.80173
15279.77328
15249.48242
15352.12332
15269.56063
15282.07029
15199.72007
15178.46708
15198.49060
15275.23530
15251.89992
15134.41609
15183.11736
15265.04582
15339.04922
15274.17173
15094.28067
15129.38061
15207.94609
15117.14931
15124.39537
15195.07841
15190.40597
15205.63366
15206.33169
15365.16522
15365.09240
15352.04843
15330.69646
15381.70578
15527.76255
15555.89101
15596.30658
15598.09545
15619.18106
15529.11984
15390.08141
15346.86347
15298.37683
15291.82641
15144.76074
15295.49273
15171.99249
15260.09544
15184.38613
15243.70014
15323.36016
15311.40612
15453.55698
15469.85592
15253.78201
15187.30111
15149.80138
15254.18335
15180.27654
15170.76094
15015.62205
14998.73819
14960.78928
14968.05267
15057.17358
15149.33981
15426.43655
15456.83762
15505.53209
15488.12738
15662.43058
15432.21078
15508.68404
15418.02440
15428.63586
15398.90727
15268.08847
15286.29537
15418.21478
15393.71640
15397.53926
15514.68881
15523.55476
15442.19185
15492.71657
15395.26685
15318.33896
15383.89435
15360.26968
15349.22224
15285.04193
15353.69821
15417.04768
15412.63512
15295.44740
15364.12587
15320.85334
15215.28087
15385.23416
15455.51656
15609.43847
15426.32599
15384.60132
15361.11557
15396.39708
15421.85672
15318.72839
15316.69049
15086.53122
14946.35822
14923.77383
15124.91306
15042.87650
15166.78677
15159.44468
15262.99813
15204.63326
15106.08129
15238.05149
15353.81801
15337.41497
15416.22725
15240.84045
15209.60493
15234.45230
15471.88729
15310.78235
15417.51193
15484.38285
15403.68929
15445.36272
15276.34475
15262.18932
15168.91246
15131.07012
15055.31286
15036.42895
14885.56623
14962.08750
15020.34711
15086.67023
15201.50243
15027.16675
15273.52433
15286.15005
15130.30084
15163.68695
15317.02408
15200.73485
15242.37360
15284.71977
15179.16492
15185.11874
15240.40349
15229.65450
15338.07696
15320.24500
15307.61826
15183.12833
15337.47850
15200.65092
15297.14531
15225.35785
15165.06026
15359.79569
15304.04154
15191.06756
15065.41514
15067.16283
15123.36834
15101.00131
15035.99654
15224.12968
15081.20373
15258.44132
15219.72025
15204.94750
15311.59645
15493.74882
15113.74955
15084.62112
15079.52904
15115.44954
15199.63286
15204.97272
15326.03788
15189.94473
15422.18141
15276.58966
15308.29803
15204.75762
15348.87153
15229.85390
15425.81295
15408.74691
15564.19961
15667.08973
15646.86496
15473.05314
15373.25571
15419.01569
15391.70817
15335.87930
15240.39880
15316.77247
15493.52518
15358.43654
15272.79959
15125.51160
15116.00869
15001.58803
14861.51044
15011.39110
15191.71363
15202.81618
15339.82652
15288.51024
15401.03903
15502.73905
15345.78290
15193.00731
15273.64836
15289.98728
15197.20974
15191.03877
15080.35795
15218.06985
15237.47744
15427.60400
15442.37924
15373.21507
15483.31033
15460.80923
15317.84947
15232.11138
15236.29022
15232.76491
15091.10199
15061.51628
15220.40283
15162.80319
15256.05037
15258.38696
15331.02973
15144.29111
15224.19796
15281.54076
15256.16771
15287.93957
15413.14373
15370.42931
15410.68561
15550.97871
15546.68855
15460.40908
15351.12195
15429.00756
15437.61390
15334.20891
15282.95807
15332.38271
15140.13990
15213.15409
15264.81796
15257.02562
15172.15808
15154.78059
14998.75466
14999.18168
15009.55206
15084.76631
15303.24317
15331.36459
15265.65051
15183.55933
15068.89681
15252.16180
15239.45017
15289.62304
15376.67243
15333.60157
15357.20592
15323.26902
15343.29944
15307.14624
15423.66903
15407.75345
15368.48089
15566.35645
15430.25607
15508.89507
15395.96385
15412.03485
15555.10661
15639.78972
15687.89854
15649.71587
15573.41815
15663.33353
15498.51526
15486.13952
15528.93659
15670.23709
15536.20418
15579.68500
15567.69247
15536.93381
15439.82068
15495.30801
15361.87223
15530.24671
15402.64931
15407.18756
15382.17997
15459.37326
15528.35564
15466.82345
15388.86322
15219.41154
15200.52387
15145.21945
15116.69281
15246.96090
15321.47431
15131.25057
15223.47966
15356.55193
15518.12190
15386.32027
15543.85317
15446.38539
15327.45086
15324.48997
15321.42790
15494.48927
15426.30173
15418.32374
15563.58136
15540.03154
15650.34088
15566.62058
15340.29734
15564.63817
15565.38245
15513.86401
15386.39106
15323.89931
15382.71933
15290.46895
15255.82156
15236.35429
15179.79251
15247.97838
15268.71322
15114.98631
15079.18882
15061.36599
15264.36526
15433.59266
15326.65439
15120.31394
15205.28696
15096.75885
15259.91100
15139.95360
15145.43952
15123.34095
15067.96107
15159.48452
15088.78736
15047.00786
15099.30284
15078.16893
15005.68399
15182.51773
15056.97489
15086.44903
15237.31496
15188.13114
15217.17500
15358.43429
15328.04708
15496.63178
15504.03886
15399.63890
15197.00748
15105.02580
15033.64912
15082.00882
15252.11815
15268.62538
15168.46768
15170.56434
15301.99939
15181.21939
15371.31925
15473.05440
15604.43765
15616.82567
15465.94592
15416.56240
15292.77679
15098.92834
14831.14239
15019.53580
14927.54113
15107.98615
15043.66032
15156.16906
15308.14444
15378.01631
15417.92150
15305.19975
15370.68766
15390.91310
15360.62621
15273.49250
15293.92777
15221.89347
15210.07860
15374.94372
15243.01077
15225.75765
15237.50546
15270.26954
15151.90566
15135.03339
15128.08956
15296.99820
15424.82072
15284.11062
15200.83747
15216.66909
15278.16493
15174.13383
15336.59971
15410.47362
15601.58084
15582.90942
15344.65838
15443.54280
15373.25188
15333.11772
15095.20759
14957.26761
15078.76158
14984.42057
15183.70879
15214.00422
15103.54705
15097.09045
15127.99330
15179.06217
15389.18371
15368.74102
15335.46195
15358.38527
15460.69529
15455.63406
15514.31364
15368.56611
15516.52330
15520.93574
15432.13759
15421.61220
15379.39747
15342.86332
15094.86431
15109.56857
15190.89339
15143.06451
15247.07753
15359.69467
15415.41938
15309.74700
15256.78194
15520.87558
15560.38757
15472.61558
15543.23619
15644.41640
15487.94977
15483.40113
15424.61386
15478.97454
15431.19183
15352.01488
15443.00513
15288.56618
15413.90547
15668.54424
15548.14917
15420.18793
15318.25273
15308.02113
15209.39510
15151.45049
15137.66011
15246.49929
15365.83803
15304.63040
15240.52230
15400.25223
15476.09460
15435.78706
15429.04419
15545.81099
15506.76687
15412.49346
15229.95606
15426.50446
15309.61813
15391.27696
15376.19096
15205.60913
15161.52433
15136.61644
15239.27602
15336.91323
15226.52453
15245.89181
15313.48125
15461.27143
15523.68530
15389.76528
15421.33346
15562.65801
15394.16455
15471.71816
15494.04604
15277.23122
15357.63008
15284.89097
15351.52114
15441.86277
15331.34460
15427.85452
15466.06157
15248.50621
15220.93881
15330.85468
15417.56026
15515.61760
15387.10825
15577.06771
15584.30708
15727.35047
15615.50982
15296.78981
15208.41420
15256.39166
15217.48278
15395.65926
15266.01054
15235.61574
15199.70453
15253.00356
15182.04968
15099.65911
15283.26096
15301.70186
15258.56056
15306.00965
15296.67722
15253.81546
15357.17060
15363.22263
15305.41516
15315.25997
15248.63318
15257.68256
15260.02338
15197.41638
15211.91801
15313.81023
15390.79984
15434.83148
15418.84094
15373.14162
15462.60394
15495.35855
15455.24360
15295.02800
15272.73107
15127.74918
15134.71724
15354.66218
15357.95670
15631.78274
15417.90981
15355.59740
15137.61645
15170.38267
15277.57773
15276.06337
15234.74994
15403.39752
15543.43630
15547.18128
15461.30429
15314.62031
15327.06150
15321.96651
15363.82651
15338.24577
15182.76276
15165.30683
15103.65773
15178.19334
15053.88481
14827.94478
15010.98716
15094.66313
15145.58371
15148.61039
15408.24004
15309.81479
15311.10791
15399.25171
15537.59790
15508.48383
15531.26814
15260.75816
15136.62769
15085.73841
15232.27425
15292.12802
15420.81137
15330.89409
15470.31845
15602.04346
15342.27279
15330.12882
15403.62846
15424.17810
15455.03139
15363.84754
15351.60820
15421.59290
15371.35413
15502.89913
15400.02353
15386.56816
15345.36191
15413.28062
15564.91967
15375.73595
15271.79864
15246.58754
15361.87193
15300.40528
15467.47989
15449.46603
15434.74427
15368.53779
15419.32636
15421.44603
15329.67257
15296.91036
15314.95854
15314.39196
15439.59959
15460.51389
15361.78080
15286.26494
15466.59367
15497.66856
15579.69724
15478.47622
15546.88836
15703.64277
15675.82377
15496.32626
15490.67449
15561.78756
15698.83746
15587.56341
15394.09666
15325.61241
15466.91658
15346.94679
15198.79137
15261.45530
15206.62218
15106.03004
15106.19160
15213.45350
15168.65737
15323.27542
15169.15602
15354.44730
15313.29498
15208.33542
15022.14677
15064.27117
15240.48299
15307.72025
15233.61945
15273.66456
15335.35590
15455.11182
15499.81153
15386.80042
15413.13047
15677.17977
15708.82618
15827.70860
15654.66862
15750.62314
15592.83069
15552.95726
15516.45346
15312.51638
15228.75507
15305.48091
15554.47310
15270.47644
15220.03012
15220.95852
15208.78404
15283.25680
15465.72709
15469.90588
15447.30106
15321.73029
15347.10101
15325.85963
15279.20381
15372.89105
15277.65767
15281.28215
15402.40912
15528.07317
15586.77496
15459.16805
15483.65606
15454.08789
15481.76019
15445.75552
15479.50415
15414.98643
15642.60786
15684.60838
15490.43130
15316.45578
15430.21975
15307.58891
15367.43939
15289.26871
15321.84190
15384.87768
15357.72732
15393.94237
15270.55936
15113.09393
15230.84478
15250.28878
15187.37694
15238.03523
15262.93724
15152.75956
15153.10840
15178.94279
15241.52991
15197.26665
15190.90262
15051.71869
14990.46205
14994.53394
14959.14941
15193.82811
15202.89737
15199.33721
15222.65172
15447.40848
15412.26672
15487.68729
15474.35166
15685.65497
15595.42381
15566.51262
15628.29034
15638.00221
15601.84666
15401.39709
15248.37607
15159.30425
15068.33359
15122.50082
15538.27554
15420.29539
15395.68403
15361.57036
15434.27601
15396.05113
15426.63292
15537.75872
15368.88340
15407.67149
15242.63619
15313.98564
15339.43126
15228.27910
15193.93449
15257.10890
15238.53872
15235.03377
15371.51067
15483.79158
15683.57739
15533.30110
15368.33095
15410.48753
15205.30612
15155.16206
15205.16992
15286.43018
15365.85289
15308.69331
15336.43250
15193.50222
15339.71315
15377.14675
15519.75609
15619.74747
15584.49833
15520.56568
15437.72576
15564.83084
15627.42228
15530.69172
15469.76361
15340.33571
15293.24360
15224.70462
15300.55356
15250.93989
15181.67335
15321.44201
15354.83023
15398.41079
15298.75833
15189.07839
15211.74243
15348.15625
15454.02958
15464.90756
15540.14531
15427.56145
15364.04675
15272.13471
15319.65878
15369.65225
15433.56764
15388.11026
15314.09507
15310.60172
15260.15696
15317.11968
15405.16499
15432.34899
15563.89202
15495.92059
15527.06787
15489.04477
15332.10953
15191.70369
15207.80739
15281.04380
15346.91621
15191.80864
15312.10432
15477.86396
15379.12157
15467.18649
15274.69921
15144.36592
15188.29189
15102.77567
15032.19406
15103.91618
15165.32862
15383.86762
15455.23243
15491.60706
15397.09238
15369.25772
15215.08026
15222.46878
15101.06990
15317.89032
15476.03483
15427.50274
15508.93926
15415.33323
15600.60029
15501.41595
15507.57604
15440.65524
15379.37729
15471.18746
15385.17814
15327.95387
15360.22094
15338.46799
15308.63837
15138.82517
15189.31675
15357.82384
15168.86165
15089.18754
15162.70895
14969.91228
15201.11403
15463.79956
15377.20167
15319.76582
15166.87029
15271.19395
15378.39160
15240.45887
15152.00903
15222.18901
15365.84488
15411.44347
15169.63001
15174.16599
15403.51326
15187.48842
15333.03668
15321.26154
15494.37533
15295.42260
15491.24232
15634.99587
15557.19568
15359.41449
15405.02880
15492.27281
15572.55999
15496.52300
15406.31273
15182.50259
15229.83746
15171.85056
15265.32642
15235.94215
15204.06346
15101.17462
15064.43074
15299.74164
15031.55598
15059.62455
15107.18732
15202.35768
15210.28204
15352.23003
15383.57928
15325.34200
15310.27020
15414.30086
15296.65505
15424.73378
15280.00199
15474.20142
15313.34453
15248.48631
15209.38313
15214.12789
15282.27325
15428.11889
15260.16203
15229.49492
15042.78318
15000.21503
14911.04961
15007.54490
15051.68980
14983.41352
15083.59364
15083.47871
15030.54280
14976.94283
15101.01512
14981.46770
15050.05973
15099.07269
15141.45577
14993.97431
14929.12434
15004.90103
15065.22895
15168.44542
15182.22233
15186.41033
15281.64410
15512.91412
15374.73255
15255.92764
15193.29304
15361.73402
15309.81137
15403.64013
15407.07371
15536.55241
15268.69695
15147.01356
15268.21145
15289.88668
15101.55359
15273.93936
15144.53511
14913.15169
15027.88340
14993.23221
15260.70405
15054.89881
14931.34456
15038.74344
15263.55955
15275.14730
15327.65442
15357.07454
15260.31909
15231.90224
15222.86607
15045.84481
15152.56674
15196.66306
15222.25965
15194.51339
15185.47826
15285.53423
15129.36145
14999.64997
14979.54324
15111.34769
15273.50288
15287.93067
15227.45790
15264.90608
15232.96656
14966.23766
15214.07600
15448.99172
15362.74749
15402.72758
15243.38244
15252.43282
15098.21920
15355.32070
15249.09148
15170.97238
15154.51202
15114.21701
15117.69543
15267.70155
15231.70621
15138.96363
15309.54370
15378.78461
15337.41073
15448.59066
15340.50675
15345.09363
15360.28566
15303.49782
15330.54081
15472.66360
15401.82901
15422.50560
15470.81094
15484.72651
15507.68189
15544.99724
15706.53663
15598.44649
15615.41970
15614.92200
15576.71235
15609.75257
15553.54330
15488.51819
15347.75963
15423.12635
15349.54081
15287.61105
15317.13850
15167.84526
15268.15097
15248.18290
15293.83364
15481.55902
15451.18159
15346.60710
15144.01192
15286.86668
15190.74815
15121.59298
15200.95552
15307.31519
15279.10874
15328.28351
15168.06268
15366.15006
15455.48308
15279.93045
15455.90408
15245.81285
15009.26746
15167.94713
15082.84445
15058.25308
15215.97500
15326.21959
15438.39217
15459.09729
15264.00212
15167.16759
15216.31764
15314.16761
15255.91356
15261.17207
15313.64540
15351.89593
15334.83658
15489.06751
15352.03654
15034.28872
15123.33752
15148.27437
15373.73949
15256.83127
15334.78693
15265.97639
15392.94520
15352.02747
15161.34560
15267.72191
15487.21040
15297.84848
15348.47733
15451.12968
15298.81872
15386.92720
15261.73402
15223.61973
15224.05713
15408.84895
15310.40801
15251.28196
15207.01216
15181.54410
15174.87115
15173.81952
15139.80878
15108.24055
15208.64964
15323.03278
15346.72655
15147.16892
15183.77860
15115.74721
15188.95211
15284.79062
15223.38628
15336.46006
15234.18366
15014.53521
15023.48495
15070.92498
15246.26565
15146.96826
15199.89335
15253.27953
15133.27004
15078.29298
15053.79937
15062.19825
15311.58806
15261.27031
15136.90396
15159.09993
15465.17526
15437.96263
15372.38720
15340.04296
15338.98816
15416.64594
15252.75765
15126.72335
