15800.91515
15637.26490
15429.92256
15532.64447
15631.66336
15477.17881
15605.94560
15646.82225
15473.23923
15500.11938
15521.93278
15626.69931
15367.83285
15688.98064
15712.62975
15405.29763
15377.09759
15486.26258
15438.79675
15408.52063
15505.98115
15883.54590
15668.44258
15321.90207
15388.68670
15386.47100
15446.45845
15270.52121
15471.95319
15428.74100
15701.80376
15761.91902
15861.72953
15705.42979
15424.33276
15323.66420
15571.86575
15540.47520
15494.17125
15451.01926
15840.75249
15722.44535
15766.39554
15766.77562
15634.13092
15578.61357
15430.20481
15585.20371
15831.87724
15682.74324
15537.04929
15579.98424
15833.74688
15671.56910
15731.93487
15596.49306
15386.45474
15607.05186
15522.22195
15559.08680
15674.06797
15577.93932
15579.16440
15547.42269
15493.36064
15568.45645
15719.36794
15775.59482
15735.48543
15669.14709
15656.81564
15474.33480
15440.71599
15682.04868
15612.34248
15800.47455
15752.47147
15617.30187
15471.22803
15456.88782
15398.09480
15532.14421
15434.59885
15595.59603
15504.01903
15339.16704
15469.60764
15781.98794
15375.87461
15676.82668
15758.86371
15812.34846
16040.43968
15617.71002
15711.49142
15457.05312
15454.90325
15305.84943
15432.71492
15556.72579
15561.61944
15631.04340
15668.97603
15524.14778
15254.46274
15463.78572
15568.18691
15579.43932
15597.74219
15567.61171
15550.66650
15526.25817
15454.43025
15474.13271
15678.87556
15205.86212
15192.71668
15450.30332
15409.45612
15663.99685
15739.26041
15597.58966
15530.48589
15499.82622
15350.02004
15517.82342
15503.17135
15605.16673
15473.92521
15373.13235
15394.96899
15593.25125
15689.29885
15298.44755
15649.79506
15586.61529
15455.37128
15637.70966
15407.79614
15561.58810
15664.48810
15687.39535
15723.65106
15692.49749
15657.88683
15588.06213
15499.58442
15401.42154
15474.45389
15324.65000
15395.52566
15673.13648
15485.75886
15463.84597
15652.93418
15424.37119
15331.45175
15484.83069
15456.89047
15493.32344
15632.87437
15680.78870
15425.33946
15346.70402
15408.60224
15558.51875
15402.46799
15510.63201
15459.06621
15444.51393
15538.80136
15861.68219
15816.67543
15569.78343
15615.43276
15581.10700
15568.83829
15443.61670
15709.55770
15548.28474
15618.43872
15737.46349
15517.08764
15471.50180
15544.49202
15472.16685
15555.84832
15650.68913
15480.89884
15509.39487
15352.64377
15533.07378
15681.48102
15776.97939
15714.89865
15388.96210
15435.62536
15417.64475
15599.67352
15621.34762
15526.96530
15573.88553
15760.48589
15816.41823
15696.11651
15513.78487
15525.13769
15563.56040
15554.42337
15366.44922
15580.15470
15778.10827
15747.05729
16055.74778
15690.16299
15731.26362
15574.01038
15716.02153
15735.46429
15666.97404
15539.57371
15621.09696
15622.56346
15467.97324
15534.25635
15646.47393
15563.62732
15522.42333
15524.71600
15638.23732
15764.02495
15806.52379
15666.31923
15512.42807
15455.12557
15358.18075
15620.35333
15645.40049
15530.43593
15639.41504
15577.55898
15409.21130
15380.24639
15645.38339
15604.60506
15469.31661
15354.77576
15338.04279
15387.08094
15459.97922
15494.69655
15556.63773
15732.02550
15512.60771
15563.63512
15571.38600
15521.07471
15282.11661
15306.38812
15493.83984
15568.64384
15609.72405
15318.74537
15174.68877
15532.29799
15572.66066
15691.72781
15548.63145
15463.32288
15615.56503
15704.81321
15741.76719
15855.02832
15570.06854
15584.55444
15538.86432
15349.92693
15352.16506
15400.45862
15587.46918
15416.90331
15158.33197
15225.60051
15550.04508
15722.59510
15766.22291
15809.40277
15829.01646
15629.92077
15488.51274
15486.45128
15630.68357
15879.06527
15873.08001
15631.51216
15532.14525
15530.44688
15608.39255
15659.25951
15521.95061
15366.86468
15328.72910
15418.93653
15423.82826
15701.74949
15798.44906
15668.66707
15831.44110
15762.36623
15697.81530
15605.82061
15525.61093
15669.92659
15759.58978
15824.89272
15517.81921
15789.79866
15662.99338
15550.65799
15327.57427
15132.92828
15502.80658
15516.97697
15580.23775
15621.75010
15676.93794
15357.71140
15550.74143
15654.31270
15709.49868
15609.83726
15897.39771
15691.42549
15502.41397
15559.93227
15835.36308
15810.02279
15737.53749
15667.22143
15561.54211
15568.23594
15640.41384
15632.89195
15518.15611
15715.86003
15590.70098
15577.05730
15505.59222
15496.08614
15487.90584
15317.28398
15422.83297
15254.49718
15479.95151
15601.90202
15649.57841
15706.15732
15818.38195
15651.45083
15667.08786
15729.32314
15802.40271
15709.98486
15468.47068
15503.07587
15737.12040
15632.20048
15613.90842
15610.66684
15307.10348
15468.78626
15657.30127
15568.22586
15629.30376
15603.28389
15311.77462
15777.78730
15759.60117
15725.59341
15361.33902
15226.09501
15372.56217
15536.30077
15565.66359
15700.43370
15815.34859
15615.69058
15612.61169
15588.70816
15362.60683
15546.96720
15508.56073
15649.54943
15589.71784
15727.46786
15595.41929
15774.59132
15569.62120
15586.87865
15640.18390
15649.08210
15562.63244
15577.44133
15538.24471
15465.57086
15478.24102
15535.77352
15435.20939
15585.79724
15526.47743
15548.65032
15430.31022
15597.51239
15690.72631
15500.07334
15448.15100
15533.75817
15574.27646
15517.31840
15572.85224
15775.90586
15712.72967
15635.69780
15612.09248
15721.34262
15698.94945
15585.47227
15629.38514
15460.18232
15722.28104
15548.05754
15474.02739
15539.50840
15613.56844
15618.42251
15739.39438
15664.39527
15871.02353
15803.85826
15738.79468
15757.37309
15860.16511
15860.27719
15410.21725
15436.63989
15554.33900
15620.81817
15632.11922
15697.56299
15655.44488
15505.38786
15527.93730
15602.81812
15691.27908
15539.36884
15526.33503
15648.69003
15604.27897
15596.47160
15497.01066
15627.63852
15634.82989
15541.80708
15374.54060
15458.06781
15593.18908
15305.84606
15375.62744
15405.19687
15558.48276
15765.93955
15710.58365
15748.01716
15756.86811
15719.68783
15586.31832
15556.12829
15741.47287
15673.33694
15606.70856
15536.64710
15653.93059
15712.14750
15707.44998
15637.42603
15602.73928
15800.98620
15676.05388
15557.63683
15652.96747
15490.24388
15376.20897
15318.32675
15671.01648
15661.93058
15339.64984
15429.16481
15325.22918
15605.98022
15597.90439
15619.22978
15361.69876
15384.07686
15563.03919
15507.81458
15550.92756
15469.80061
15408.95661
15329.77730
15339.00272
15372.53892
15375.51267
15456.32921
15285.91804
15403.43603
15828.38862
15536.52430
15390.78574
15431.13131
15439.42825
15520.04580
15528.81886
15673.35931
15814.89241
15862.73396
15778.39738
15886.96044
15617.98218
15503.11715
15353.70435
15317.82585
15548.80689
15502.58348
15383.33077
15302.54119
15470.28053
15728.41035
15484.96876
15562.92013
15771.10271
15718.09688
15364.91767
15322.56007
15359.67524
15445.03702
15386.02529
15507.78180
15570.23158
15645.99730
15614.80655
15410.33048
15197.37907
15332.51748
15301.47408
15509.87245
15412.28774
15702.95356
15858.41584
15847.94399
15768.16194
15428.14779
15390.11111
15649.70281
15620.21508
15491.40002
15376.21820
15353.08775
15417.47950
15426.05506
15329.74236
15484.89353
15781.15038
15724.63561
15497.96181
15490.78719
15586.14658
15624.68006
15312.39135
15277.01318
15436.43452
15404.81378
15640.78043
15627.48896
15576.19176
15551.95971
15493.75692
15594.60701
15463.53557
15858.07649
15765.20563
15814.29962
15861.85035
15836.83087
15741.03937
15532.89330
15345.62134
15392.93279
15416.27306
15438.10421
15533.53459
15491.12334
15478.85044
15306.58508
15516.66684
15554.18404
15409.31090
15477.06707
15564.56680
15768.28125
15465.37448
15361.64855
15332.26678
15519.31680
15671.70489
15842.51405
15664.00264
15449.09494
15613.98034
15608.93730
15486.26671
15415.59787
15536.24391
15499.36382
15534.41028
15222.37447
15149.61581
15307.25438
15414.88255
15747.39115
15543.36587
15609.78319
15436.73254
15520.08906
15793.87661
15792.68669
15715.71470
15557.62152
15470.78040
15472.71664
15688.45242
15513.73464
15664.61138
15581.32968
15480.70479
15420.29661
15715.13896
15663.25558
15744.79407
15681.53201
15795.73991
15747.23719
15772.59991
15829.45800
15721.06690
15821.50567
15781.34156
15410.17261
15469.00970
15643.30300
15644.80754
15585.30768
15611.17397
15595.29443
15821.55426
15926.72138
15751.54340
15574.45081
15463.21307
15449.77769
15456.73601
15472.91853
15494.74405
15436.83536
15509.29762
15470.44365
15545.49309
15326.45240
15519.75082
15749.10623
15558.01264
15549.32780
15452.46731
15390.92898
15353.82930
15240.34039
15453.08967
15547.79414
15377.44013
15458.30675
15330.77448
15413.21076
15412.58748
15766.94697
15476.28267
15673.74040
15863.76560
15763.45824
15793.99264
15812.12094
15684.76198
15532.50735
15376.56193
15311.69992
15364.18552
15439.67108
15370.57920
15536.63765
15485.13592
15738.40908
15643.26380
15735.28009
15768.37471
15832.05320
15701.17378
15798.31005
15580.10924
15586.70021
15449.37053
15696.63172
15567.52329
15777.93928
15722.62016
15613.75035
15743.12289
15606.16508
15629.00054
15613.29482
15503.32342
15486.62095
15616.43305
15692.75904
15694.86264
15719.15308
15503.51880
15411.73000
15352.77594
15622.28626
15499.90072
15567.51229
15421.17706
15450.53682
15749.71949
15771.00701
15532.95091
15736.94941
15462.72781
15559.92623
15683.33158
15412.77059
15296.97949
15658.37437
15638.33566
15593.19079
15763.50559
15725.99109
15626.07459
15591.66313
15434.33204
15463.21772
15601.50133
15574.35978
15542.89195
15455.62935
15450.05094
15406.09118
15673.98789
15555.19166
15528.66210
15457.15635
15314.15364
15461.07110
15556.37400
15443.12071
15447.90579
15347.99027
15629.04250
15632.45313
15382.39654
15362.30651
15575.08877
15719.95242
15535.37537
15558.68351
15411.45153
15460.76570
15497.28257
15588.71715
15450.70867
15365.96834
15443.47789
15533.01989
15501.12040
15615.72679
15577.64958
15311.85091
15495.05251
15541.23336
15606.56544
15671.74228
15515.65148
15624.60169
15779.29425
15934.97879
15507.17478
15558.93184
15405.65431
15328.73228
15505.20002
15549.92235
15708.29497
15560.19645
15721.88917
15784.56843
15647.07177
15583.58985
15405.69128
15402.50661
15516.36568
15477.96809
15382.03682
15432.19609
15369.50279
15410.17838
15562.79154
15582.18158
15541.28861
15790.64312
15680.51186
15572.24991
15685.80295
15892.52505
15604.19597
15738.96544
15514.77284
15637.70755
15708.58074
15604.04582
15600.60508
15547.53847
15560.63404
15593.02547
15573.26281
15376.75091
15674.95180
15645.50150
15387.67817
15297.06233
15652.34392
15490.27971
15314.43537
15689.15086
15521.67939
15633.62852
15680.87531
15755.06212
15598.70031
15548.04788
15504.01184
15333.59820
15459.36536
15498.47569
15583.97141
15556.37453
15490.42322
15405.07159
15519.22374
15554.49388
15547.68989
15304.38785
15571.97341
15656.87824
15674.21068
15760.18650
15403.51188
15580.50621
15664.16283
15594.78188
15722.87992
15466.12737
15568.70906
15482.18751
15633.99938
15723.56850
15692.75040
15562.29332
15427.64971
15329.14532
15412.23727
15480.70311
15583.41680
15553.50788
15374.53496
15686.07077
15512.83152
15394.49074
15440.45880
15481.55450
15547.31698
15674.92584
15480.45009
15465.30186
15464.51191
15491.46478
15523.05477
15406.23078
15512.21928
15402.81997
15773.37317
15649.68961
15465.00141
15483.82441
15550.40508
15427.95292
15372.73688
15662.82902
15430.41144
15645.51692
15635.69954
15581.65215
15449.02486
15497.13995
15607.69957
15687.58084
15556.74682
15536.65840
15260.66368
15405.74788
15595.71639
15749.79570
15741.78510
15546.02365
15616.47178
15561.63821
15706.95386
15548.47563
15439.93524
15473.96141
15418.86213
15396.42561
15456.64448
15520.82125
15747.91593
15864.26670
15643.26251
15787.33314
15726.77020
15999.98755
15974.05196
15846.81681
15755.76998
15638.48848
15679.63314
15755.97229
15313.39186
15248.57080
15384.17836
15604.87230
15441.91122
15415.70627
15716.99580
15553.51944
15429.62062
15521.24021
15581.69527
15524.00798
15250.55016
15463.84630
15404.76515
15675.86203
15736.17561
15667.85295
15685.65446
15532.85064
15718.54898
15804.24864
15702.48929
15355.70088
15571.37924
15546.93786
15631.63502
15543.01405
15761.24854
15556.77119
15710.32511
15677.67984
15508.08387
15436.03174
15535.91279
15644.08158
15901.92855
15806.04895
15631.84890
15551.65475
15566.17794
15792.14411
15739.65177
15683.77544
15601.22267
15718.20810
15511.32816
15500.06640
15361.61598
15370.36370
15364.61897
15417.20996
15596.41894
15538.53013
15503.41021
15444.82463
15685.59822
15525.64933
15416.45600
15421.81830
15455.12643
15595.89442
15690.74818
15630.61812
15549.10724
15770.22640
15718.88078
15552.50397
15673.82230
15708.12499
15497.40125
15461.51098
15450.81568
15533.36748
15333.20252
15426.68756
15596.20643
15506.78211
15307.30062
15681.48994
15546.33812
15276.66815
15583.25742
15447.46313
15307.13352
15539.87198
15654.89154
15473.22985
15570.34794
15486.19759
15443.69335
15326.76917
15390.00790
15388.98593
15451.35390
15538.94563
15544.74767
15494.63826
15353.26657
15473.55618
15498.46786
15467.39307
15548.20639
15474.46707
15427.69531
15422.92394
15333.69569
15356.75269
15436.51972
15498.82101
15520.43430
15661.81690
15700.68776
15700.49917
15479.82181
15557.76639
15365.52623
15248.17239
15547.26662
15521.87797
15495.77254
15368.40261
15322.92081
15347.92962
15347.41093
15514.05107
15467.22278
15553.27767
15552.85892
15706.70958
15473.00472
15661.82076
15726.41544
15653.34073
15449.62353
15510.17619
15582.63867
15683.38075
15576.86308
15500.84108
15407.74165
15454.53098
15462.94481
15442.68431
15662.55590
15803.04973
15686.16933
15598.57831
15597.71843
15553.32923
15698.23355
15759.78854
15566.86873
15691.10279
15541.11789
15555.02355
15502.24776
15513.02579
15740.08013
15700.34535
15679.05562
15517.58715
15741.54465
15488.40392
15587.23821
15722.20347
15812.06653
15778.88886
15677.84455
15727.43391
15522.06147
15406.31643
15359.82692
15643.14305
15514.48398
15439.40717
15366.51530
15536.95200
15527.67741
15493.98155
15513.40218
15594.14416
15606.85468
15529.86593
15494.45609
15639.02245
15732.43472
15589.16575
15579.42923
15842.94615
15814.48184
15634.88009
15631.00527
15615.51917
15548.98092
15620.72946
15571.25227
15599.73850
15615.73103
15626.74780
15720.83383
15482.74416
15614.58948
15595.08353
15679.71134
15662.09630
15497.77708
15736.54433
15631.29780
15422.48623
15457.20982
15483.54742
15622.58593
15546.25169
15504.82056
15537.19829
15675.47579
15624.99119
15380.68936
15374.91404
15522.16288
15550.40361
15360.38001
15402.64483
15577.10540
15606.51497
15726.22446
15716.37051
15657.80169
15499.89070
15485.72480
15529.20804
15501.54466
15700.11337
15623.57956
15569.76478
15718.33278
15673.48386
15598.82525
15467.30698
15395.26427
15406.70666
15753.55225
15729.63725
15733.15670
15761.05361
15701.88202
15514.25031
15649.16466
15491.41345
15354.93220
15774.03774
15700.16908
15642.70365
15563.67669
15650.76833
15593.00291
15472.13496
15437.82489
15676.49940
15511.30581
15776.10902
15795.89611
15540.33377
15611.87091
15671.13973
15905.27083
15667.77272
15458.92232
15830.59119
15922.37879
15849.72390
15467.92991
15673.74260
15572.28739
15502.57193
15426.03898
15663.19400
15616.45141
15524.22502
15526.80196
15341.94770
15224.55783
15495.27828
15571.12533
15445.00205
15529.04107
15530.14452
15546.17338
15623.66173
15624.22974
15571.33706
15484.35515
15547.13786
15767.63376
15664.33349
15544.18031
15669.81260
15625.50287
15700.44112
15661.65836
15540.03477
15449.70578
15368.46189
15503.55120
15700.80472
15488.86265
15463.66290
15528.70090
15463.14162
15657.00902
15497.26611
15664.90128
15811.82974
15656.68999
15533.92946
15518.34360
15437.30045
15528.20536
15512.45238
15599.81702
15961.38680
15819.10884
15770.18409
15624.61507
15616.88570
15522.39129
15466.15207
15443.51795
15287.22795
15221.90100
15599.91143
15738.52317
15666.98079
15396.03941
15503.89255
15462.84628
15422.96268
15485.57897
15424.11919
15518.87336
15619.12240
15608.60883
15774.80636
15810.22509
15582.27497
15676.06245
15555.97895
15502.53794
15509.57156
15576.65436
15472.19328
15575.68711
15507.27552
15556.92293
15589.95773
15600.10368
15748.06255
15736.75647
15571.39608
15770.19764
15533.20396
15340.76390
15496.27124
15383.81402
15379.65865
15385.47721
15507.01309
15486.85676
15584.91174
15351.52504
15565.32450
15643.33469
15641.39441
15596.15910
15562.69345
15702.35789
15486.94150
15339.22718
15557.22122
15503.74387
15558.71753
15498.94140
15616.65028
15818.82984
15777.28324
15634.46778
15604.13855
15745.04524
15712.50679
15575.77936
15442.14521
15472.75049
15734.69490
15608.64849
15721.11516
15555.46043
15556.71282
15726.32247
15562.89179
15535.85865
15317.58653
15356.97466
15638.60038
15801.50649
15699.38318
15620.13007
15587.85466
15440.81477
15515.79224
15486.34381
15491.01364
15425.55874
15388.37492
15489.71080
15523.71106
15291.12095
15501.56443
15493.34896
15499.92877
15569.47606
15584.85915
15480.86443
15624.00202
15424.00017
15539.55617
15788.23639
15725.50478
15663.61185
15732.39702
15381.32183
15519.49310
15531.64493
15735.97927
15642.19183
15637.64316
15603.99759
15634.83977
15724.42094
15652.05587
15646.45148
15818.93416
15649.37286
15638.69329
15779.84176
15679.87120
15508.91045
15847.98356
15800.04189
15777.67072
15790.64109
15781.61175
15690.06840
15569.14338
15402.72644
15301.01746
15248.07894
15470.29415
15455.85137
15489.94684
15332.50178
15450.66475
15550.94710
15610.07841
15578.75097
15692.49080
15779.55286
15741.40796
15589.67745
15667.06019
15626.54709
15628.53014
15618.25461
15554.12306
15661.14075
15438.74444
15506.52354
15619.62781
15203.17554
15387.61434
15489.57314
15499.46093
15560.73658
15608.54135
15528.47161
15568.95793
15711.43106
15501.21708
15497.78837
15493.59366
15557.95950
15489.53293
15520.34929
15556.07268
15578.85933
15492.13755
15483.24338
15453.34241
15627.54584
15646.94244
15656.97265
15691.74360
15664.18934
15642.52084
15590.23329
15641.03016
15493.50702
15507.47427
15341.10099
15151.37081
15100.38142
15407.60332
15498.27179
15845.21450
15838.05977
15804.09423
15729.08407
15700.80811
15502.93179
15439.76308
15379.85070
15562.74681
15780.07439
15561.70744
15481.31706
15368.61447
15433.76362
15607.77244
15319.49760
15432.83082
15372.59895
15701.78380
15909.88576
15854.21739
15459.17403
15522.87106
15650.08639
15761.78660
15689.65245
15726.72966
15824.17750
15548.74089
15713.94875
15426.43285
15454.27536
15477.45086
15509.23457
15520.47159
15607.89672
16025.19856
15697.09944
15724.51777
15788.77046
15552.05449
15692.02095
15618.55111
15398.19103
15259.69485
15416.21799
15480.32784
15279.66012
15653.05119
15474.61434
15325.72247
15691.08824
15248.11793
15536.23881
15639.17039
15506.77466
15757.80580
15618.54854
15519.82284
15620.93993
15558.44594
15504.01667
15459.76747
15646.14887
15630.58824
15662.18846
15735.58615
15615.10710
15679.35554
15615.49764
15429.20625
15407.09359
15547.63850
15542.85302
15619.23671
15539.79521
15587.58755
15443.54026
15533.94091
15455.52060
15520.83977
15553.45514
15409.37525
15585.67874
15713.95815
15560.61451
15691.40645
15647.83410
15520.44291
15729.82475
15706.66934
15672.75666
15727.85343
15739.16781
15733.71498
15638.46990
15532.74439
15446.12003
15685.55410
15645.59668
15466.97254
15491.28818
15520.51403
15561.25495
15693.92914
15941.21710
15734.28250
15778.58525
16000.91288
15765.48393
15710.23899
15721.45599
15675.29371
15481.47038
15392.81876
15471.93311
15279.55585
15453.28814
15394.43182
15506.63113
15623.89703
15307.55840
15402.84378
15579.10315
15517.97425
15429.35971
15383.20815
15329.16889
15557.99891
15598.20709
15479.91193
15587.14936
15763.09876
15522.22883
15476.95044
15877.35555
15899.93382
16004.58285
15743.73695
15522.16009
15632.68460
15450.43898
15549.95071
15500.62402
15392.85345
15632.22371
15654.24963
15773.52613
15489.70781
15367.16622
15483.31441
15442.80105
15449.31510
15529.45002
15550.44534
15580.98700
15678.69061
15640.03838
15620.41889
15458.99733
15480.87208
15459.31422
15451.72434
15383.60049
15793.99599
15486.59680
15544.85433
15642.06485
15567.77892
15717.35476
15512.78395
15736.20439
15678.12353
15854.44475
15710.63560
15509.33396
15554.97855
15542.11633
15571.61080
15729.32441
15833.73774
15869.06744
15880.31328
15670.10335
15566.09849
15538.25563
15417.86424
15248.57376
15294.61799
15545.84854
15652.83332
15443.89110
15467.03046
15479.92325
15470.17043
15618.36289
15393.36431
15348.90977
15617.50881
15782.82410
15469.42000
15612.34255
15533.93620
15588.82133
15637.27367
15659.24980
15495.85563
15252.61767
15459.60428
15654.18032
15775.77642
15724.54110
15482.58704
15446.02073
15388.41493
15380.56635
15466.96738
15646.83338
15648.33955
15760.09116
15605.54423
15692.67654
15500.09910
15438.74772
15553.94313
15523.72217
15270.25997
15461.39308
15618.52869
15497.95038
15631.13687
15764.77268
15621.87616
15525.34833
15593.52772
15422.23270
15522.48894
15705.74018
15600.09997
15564.40267
15416.63933
15414.38727
15622.80719
15599.28901
15510.71902
15798.26481
15544.54985
15601.58320
15809.90186
15691.21469
15597.87320
15538.93441
15662.00418
15625.64091
15581.39633
15486.14870
15729.84352
15787.69091
15599.06851
15588.21762
15475.77003
15771.21433
15800.76786
15845.57111
15745.57307
15563.41452
15295.67472
15417.69001
15600.96693
15620.08989
15737.02496
15585.56340
15551.05262
15689.77677
15437.07774
15838.85808
15792.52550
15714.05618
15902.40176
15672.77850
15818.00625
15661.08591
15707.54381
15630.46224
15580.81472
15472.17534
15607.82038
15691.38820
15733.93277
15776.27571
15674.93188
15516.82744
15491.89206
15436.86682
15467.21697
15521.42084
15403.87697
15529.04107
15390.92148
15630.82868
15259.73353
15451.34509
15447.90979
15696.26134
15449.88041
15523.33372
15471.95676
15631.65809
15707.43957
15293.33741
15163.97208
15581.18665
15422.40678
15443.85370
15214.59375
15481.61888
15526.34258
15559.43396
15622.44022
15758.34741
15899.55596
15803.38231
15570.77234
15607.61366
15971.05297
15805.31651
15509.35975
15504.10484
15440.01071
15471.88663
15466.66401
15384.13264
15347.57629
15415.46258
15350.49250
15430.23211
15751.84361
15832.72357
15652.29130
15512.39116
15531.52104
15557.86368
15688.48377
15644.23484
15646.65603
15542.60135
15522.27460
15666.19448
15652.98334
15416.94179
15411.93222
15469.39624
15313.76692
15300.98820
15297.51509
15417.32897
15394.47505
15509.59881
15736.15321
15635.01022
15413.22632
15472.57391
15594.55399
15540.67466
15539.41412
15351.08582
15402.10148
15309.12641
15369.82916
15699.79481
15763.53864
15465.91599
15762.69975
15661.63963
15470.65837
15660.65404
15583.52852
15576.77170
15864.30241
15554.84247
15436.37266
15572.93135
15497.57436
15722.39876
15844.84057
15683.29510
15646.86445
15463.76398
15434.75000
15446.39338
15488.55159
15478.19295
15619.40454
15609.41998
15744.61210
15862.34696
15586.84581
15580.72834
15437.19557
15285.46945
15481.83242
15264.39368
15623.75315
15583.23248
15703.36074
15672.53502
15538.07846
15366.10390
15601.48831
15821.83706
15609.86031
15510.79588
15455.50337
15523.87417
15745.75674
15782.43714
15518.10466
15691.38736
15624.20609
15539.24550
15624.34326
15448.99517
15535.31149
15486.35424
15512.82818
15683.23362
15460.73080
15559.60932
15615.53299
15678.58934
15459.70533
15633.63472
15699.07157
15774.22037
15808.84101
15682.09025
15773.60621
15469.26788
15641.61895
15673.41955
15929.61805
15631.31885
15644.41518
15632.13126
15653.16263
15611.98633
15469.13433
15501.13471
15456.20007
15448.85585
15642.27721
15479.48712
15409.35984
15433.53831
15469.92398
15563.48812
15407.29248
15597.72338
15547.99201
15557.38768
15325.80797
15362.15839
15487.30396
15513.54474
15459.59981
15521.44163
15722.28408
15791.14602
15874.62388
15531.75099
15360.62463
15592.63335
15692.71712
15744.29980
15647.21815
15776.19220
15583.93363
15581.78368
15621.41314
15641.20015
15617.65632
15686.96291
15688.59101
15679.61510
15565.73430
15669.66851
15521.53783
15620.29294
15742.47749
15338.50997
15383.43605
15521.93457
15408.01341
15612.44607
15534.31210
15353.69288
15576.50403
15680.19828
15592.92450
15672.69421
15577.21769
15490.55264
15640.15051
15583.95370
15687.28391
15444.90444
15427.55063
15551.95999
15590.96351
15636.97886
15634.42900
15612.77971
15736.47546
15640.57364
15652.35292
15394.23433
15540.14572
15549.63930
15561.52813
15532.87479
15547.17398
15622.69774
15570.84083
15699.19441
15650.52523
15657.42243
15655.31460
15610.42878
15808.31209
15786.16954
15607.73778
15637.80689
15633.39324
15594.95248
15397.17005
15449.30493
15606.77157
15673.69775
15893.39169
15811.84676
15695.83532
15520.62638
15425.34749
15443.43141
15536.50303
15692.86044
15520.32258
15625.20870
15740.40277
15689.18528
15272.47581
15356.31396
15315.40653
15670.94449
15493.04511
15679.37357
15557.15434
15385.03497
15334.50443
15555.46426
15415.53497
15445.91747
15595.35278
15561.31047
15685.30832
15691.79794
15701.59105
15637.94544
15718.05602
15850.21194
15760.15166
15784.65665
15523.82582
15437.69710
15633.27910
15652.54272
15694.58570
15679.71994
15650.71797
15606.30852
15557.24914
15562.22431
15567.21544
15748.68878
15617.00450
15451.12273
15566.39839
15696.49026
15782.39555
15612.49516
15446.50839
15721.27953
15644.33533
15603.87298
15475.12063
15508.29844
15658.34636
15679.78573
15771.47552
15762.59087
15771.23453
15482.68515
15575.30174
15615.16989
15507.29813
15599.08866
15720.90157
15509.82144
15436.75843
15494.13114
15690.20922
15585.43367
15564.01099
15728.10404
15543.01698
15455.97266
15407.92320
15392.15840
15494.31690
15475.42327
15578.16491
15633.05574
15626.62166
15808.20550
15748.40644
15583.05765
15437.06909
15530.25089
15608.46070
15687.17205
15794.31410
15718.75282
15454.30573
15341.05220
15289.68559
15746.87967
15776.28463
15737.38534
15684.11802
15409.20248
15590.67167
15765.13735
15792.45944
15617.59487
15725.78613
15588.30094
15707.96599
15614.21306
15397.78133
15545.98074
15376.76416
15272.61347
15538.47887
15709.49325
15504.34117
15321.26561
15470.58852
15615.61408
15435.41753
15487.00039
15602.73962
15426.46724
15486.51863
15484.74283
15441.58183
15487.70635
15466.38334
15561.95661
15361.20393
15292.14715
15387.70659
15542.75907
15872.45519
15829.61668
15716.69486
15507.20047
15464.88005
15386.11121
15812.83469
15770.85766
15366.02532
15660.91511
15603.34932
15549.06586
15695.60979
15654.80035
15421.57178
15479.31797
15583.39024
15649.38312
15718.04501
15750.06307
15515.97342
15726.62432
15632.71435
15774.15007
15677.07460
15622.99845
15882.34236
15555.01584
15380.08354
15706.43210
15673.60666
15451.70227
15566.19352
15431.45350
15390.14519
15499.17485
15373.74226
15398.07827
15474.49952
15490.75372
15264.71252
15477.06649
15485.05858
15360.82200
15425.06095
15326.24432
15359.75029
15477.42441
15526.11111
15473.51935
15529.72712
15457.70912
15458.62427
15539.01440
15616.53384
15726.34194
15653.96016
15562.69461
15371.95563
15483.25916
15581.92642
15705.11184
15668.13195
15547.75535
15622.39987
15507.17876
15362.96122
15564.49168
15570.53914
15473.96773
15412.93130
15752.16384
15471.10072
15578.14164
15642.19691
15745.60782
15687.99388
15432.69745
15604.03814
15654.36788
15484.82996
15268.74791
15354.74834
15689.44527
15579.81178
15626.46645
15665.53726
15683.92060
15666.19478
15488.51019
15584.49845
15486.30335
15640.41647
15812.80284
15537.07260
15378.73205
15590.64715
15690.47330
15590.28593
15588.11214
15710.72491
15648.16641
15678.81717
15748.47950
15661.08363
15635.57428
15675.09598
15464.50058
15577.26228
15445.43306
15506.26963
15737.80055
15730.03801
15657.62560
15578.59471
15647.99283
15488.34716
15587.62449
15627.88328
15682.83760
15733.05382
15468.71951
15485.73460
15516.55179
15634.35534
15442.23168
15565.05982
15704.84239
15805.57863
15621.29140
15454.12229
15460.69793
15583.35717
15533.73926
15431.84487
15608.14837
15473.61648
15178.13600
15394.52642
15309.89606
15581.64165
15503.75279
15498.52956
15533.92029
15735.69245
15483.48666
15528.89590
15627.50262
15477.83854
15416.43811
15472.78658
15611.81713
15532.48245
15432.48835
15603.53658
15640.75219
15551.04342
15330.21342
15455.22541
15623.54342
15651.01695
15707.49901
15530.25628
15637.44663
15726.45736
15744.70100
15624.24047
15397.69323
15505.79955
15540.65409
15648.01593
15605.73216
15528.72611
15528.52817
15953.78848
15524.14781
15748.94003
15497.00450
15560.75663
15476.87782
15471.49252
15404.76512
15597.34686
15628.42591
15682.63631
15795.98638
15695.68689
15619.26489
15313.49345
15369.79975
15377.18031
15405.35897
15293.52504
15446.43447
15555.95393
15637.84109
15531.82466
15340.71339
15600.55994
15557.48756
15401.20161
15479.07537
15641.89523
15611.84433
15550.81487
15692.23471
15618.90518
15437.26424
15421.70589
15421.16922
15503.57553
15613.70235
15590.48386
15678.01547
15525.98103
15277.60009
15448.20897
15547.89868
15298.96308
15296.31935
15353.87931
15599.27479
15565.17709
15732.54320
15709.86518
15583.28800
15460.41006
15529.00626
15655.56889
15663.04625
15727.58822
15759.93967
15640.75163
15669.62400
15695.57537
15357.31032
15492.24106
15631.24752
15475.19362
15384.14469
15598.72662
15603.51823
15679.17834
15606.93178
15562.16494
15402.98261
15425.64235
15468.34987
15467.76002
15526.76625
15601.05673
15730.72084
15747.33934
15407.16221
15283.58206
15556.01993
15601.25417
15785.56527
15706.79193
15734.79933
15590.93292
15580.48192
15507.94744
15394.56137
15497.36693
15668.08626
15703.77504
15604.27469
15497.40232
15626.66936
15510.10020
15799.39339
15597.53144
15812.93241
15683.89566
15528.14102
15733.36191
15601.96822
15628.62988
15676.01183
15568.32542
15836.98722
15693.45152
15692.72989
15406.97576
15337.67793
15439.05710
15442.26926
15366.89146
15383.86727
15579.59650
15556.30074
15597.97453
15563.17428
15389.22282
15449.50387
15470.02275
15516.01835
15548.89808
15762.16444
15718.82227
15531.45779
15716.73756
15638.11021
15393.24478
15204.42520
15258.63015
15471.46166
15339.77398
15341.32517
15376.31204
15694.53295
15622.43824
15572.63526
15558.70877
15374.92020
15521.55239
15701.60017
15546.06476
15520.31624
15742.12258
15717.12447
15689.99078
15525.75002
15187.36821
15479.33301
15559.83424
15601.98077
15581.62398
15417.22516
15365.58132
15521.79105
15328.06819
15436.87031
15565.65812
15595.78125
15435.02755
15532.90092
15519.68876
15535.56620
15458.70552
15616.46072
15625.42073
15694.88662
15603.70961
15563.79133
15517.87231
15490.54121
15660.93878
15529.47198
15562.15463
15465.31580
15625.43351
15992.74389
15841.97920
16154.19486
16026.86790
16022.02989
15648.75566
15476.58191
15575.46852
15557.66016
15503.17238
15611.94838
15676.48692
15591.13299
15539.60666
15500.42415
15430.81144
15609.71618
15748.10278
15833.61520
15676.03990
15314.12223
15258.74732
15502.89967
15453.48253
15581.02865
15659.45070
15720.86041
15703.86741
15637.75320
15635.44249
15584.91589
15683.31163
15648.63239
15521.01014
15342.79301
15446.30143
15646.89595
15702.37819
15655.34585
15585.36550
15554.16468
15793.46833
15670.24316
15409.46168
15655.86499
15553.17029
15814.53827
15565.90781
15581.51308
15556.52846
15478.12882
15465.65454
15426.93859
15308.31677
15184.47404
15577.98356
15585.35412
15452.93961
15628.75322
15485.74896
15695.07638
15731.68441
15555.83915
15461.31609
15418.31137
15510.88372
15419.18029
15394.90023
15605.35221
15544.34559
15636.32187
15563.18546
15623.11961
15506.72214
15644.11877
15584.16272
15740.41425
15723.74072
15615.80643
15534.47681
15777.77406
15709.16593
15792.79025
15697.11083
15546.41597
15675.22962
15553.01840
15696.41479
15436.50850
15488.41193
15395.70747
15549.92057
15827.56998
15717.92289
15777.85015
15760.49755
15662.58554
15341.38076
15274.36262
15306.71147
15361.62259
15448.08063
15632.80507
15605.07088
15409.46444
15544.18484
15644.17777
15584.00429
15586.82607
15508.42987
15638.87984
15659.12151
15598.68820
15459.33613
15471.17422
15765.47537
15618.96290
15689.83474
15768.20273
15720.64699
15686.16238
15645.65226
15767.47312
15640.21620
15601.21636
15443.94774
15364.54231
15487.56715
15665.75066
15639.01421
15731.15593
15724.72644
15719.08719
15633.93657
15438.74511
15272.67951
15509.27365
15675.87898
15635.74190
15668.67768
15610.55539
15595.78770
15465.37685
15502.36122
15454.10472
15478.68103
15394.53499
15377.85360
15574.24631
15649.89673
15487.13866
15593.80224
15740.24376
15623.07810
15497.22576
15247.91057
15629.46882
15502.53296
15685.30512
15604.80531
15703.34722
15520.67586
15600.96164
15665.45653
15650.23146
15634.54345
15465.76161
15299.30084
15486.99299
15470.22969
15432.75132
15487.54932
15535.62113
15525.21020
15450.55180
15803.66841
15688.94975
15636.70114
15318.88240
15296.23894
15442.02455
15458.79912
15530.53865
15519.61728
15660.00109
15678.35106
15675.27066
15610.48546
15528.66517
15557.93341
15636.18874
15589.24464
15662.66370
15623.35346
15584.55406
15528.43368
15305.82099
15521.93558
15789.82946
15796.99573
15646.82013
15589.18901
15506.99631
15319.46941
15547.98406
15532.50357
15621.07303
15583.13394
15719.41503
15726.88293
15772.48248
15516.42881
15491.93523
15584.02715
15480.08493
15683.24725
15845.37778
15605.81555
15465.32688
15519.94395
15467.19371
15451.79279
15407.28039
15482.79156
15324.29307
15296.36380
15413.86526
15474.68382
15406.52990
15489.04331
15666.78597
15677.96341
15829.31337
15794.50414
15650.72668
15699.04779
15604.52845
15512.09137
15619.23346
15492.54744
15473.40876
15563.43427
15316.41317
15529.42242
15537.35561
15613.75066
15524.69808
15460.82738
15621.02591
15598.73206
15517.87402
15659.43174
15771.35317
15675.10732
15509.33077
15520.93529
15713.94717
15672.41508
15789.85416
15752.50132
15674.27972
15513.98028
15423.99172
15490.91590
15267.97878
15384.83246
15494.63576
15777.58595
15573.10177
15389.84296
15572.67700
15601.67814
15455.58219
15557.20915
15593.08987
15724.81009
15601.35079
15526.98645
15623.98258
15517.46114
15497.39349
15258.12309
15466.83632
15474.58268
15470.28543
15484.41619
15603.11450
15477.95276
15440.69306
15466.07827
15473.44582
15672.79165
15728.39450
15682.24288
15691.98173
15427.05286
15337.10984
15565.74938
15641.70448
15739.86876
15673.36375
15670.77082
15494.00633
15799.19916
15721.10768
15759.01293
15716.79956
15564.38368
15398.58588
15354.58301
15414.27682
15381.41267
15439.62512
15434.79222
15457.40991
15427.09910
15547.58046
15567.34105
15646.60331
15723.47155
15638.43464
15667.86368
15645.74822
15665.97028
15889.76052
15940.20241
15557.95014
15585.20847
15475.99983
15454.62730
15451.04087
15492.23681
15653.77719
15543.72169
15374.51912
15484.14704
15570.12074
15626.65297
15460.80559
15435.94569
15467.85907
15686.25271
15379.67043
15346.22128
15489.17759
15472.46571
15348.90367
15373.20661
15785.53389
15744.06004
15668.55987
15689.29456
15595.60142
15639.14750
15579.57136
15691.23929
15557.29533
15691.89853
15764.82729
15670.11522
15688.80560
15638.52286
15692.54809
15570.71540
15490.34731
15411.50146
15472.10502
15408.64926
15493.91750
15558.11461
15634.56828
15632.18212
15588.90298
15689.03302
15567.51727
15535.07656
15663.13493
15530.77833
15335.96102
15265.49545
15353.22060
15545.56097
15515.96393
15620.94734
15640.58069
15555.62985
15318.38936
15529.40985
15537.86355
15399.70251
15516.57120
15511.72896
15589.25421
15693.15263
15548.46825
15670.45012
15596.86139
15526.95054
15590.31849
15723.93072
15736.79977
15585.89938
15709.77763
15794.40106
15884.26655
15674.84139
15567.30369
15910.04376
15761.18178
15462.19810
15496.78084
15480.27110
15691.51476
15512.17492
15513.65950
15583.88208
15531.30673
15607.76097
15415.30100
15380.00453
15422.96047
15450.96065
15685.80120
15605.12963
15621.53575
15344.86435
15527.45053
15447.93455
15371.65822
15302.79200
15415.38847
15422.36888
15661.86808
15863.03658
15684.91737
15853.58018
15909.32609
15634.59762
15511.47122
15663.78389
15839.56576
15782.92545
15714.57364
15784.39671
15666.51057
15540.35362
15663.58828
15637.69118
15470.64068
15521.70819
15512.59793
15500.75440
15689.40917
15695.65264
15681.24944
15699.65418
15788.09113
15735.58908
15529.94683
15652.24265
15451.68806
15493.25723
15573.56973
15599.61347
15655.76335
15466.16078
15513.26688
15616.05076
15483.47473
15338.86563
15572.35399
15681.55306
15474.64848
15285.07568
15317.82167
15535.28344
15671.75387
15517.06350
15450.73778
15739.35737
15466.76286
15593.79511
15496.63333
15327.95846
15559.18167
15819.37984
15748.26733
15943.06073
15750.09829
15752.29063
15543.39405
15563.12180
15361.53644
15622.51539
15897.32925
15799.22587
15623.16387
15617.60310
15625.11212
15670.42871
15649.15083
15556.05568
15564.66454
15588.02744
15504.47529
15634.43070
15512.37848
15669.96757
15475.22444
15758.97524
15529.48569
15591.03937
15537.81711
15579.67942
15680.48528
15541.00578
15660.13360
15496.05781
15532.01539
15622.71311
15573.25954
15526.47903
15671.35209
15571.01222
15682.86953
15647.65923
15586.46620
15433.86630
15477.36537
15557.89412
15343.96604
15463.20785
15387.99443
15273.16883
15581.03840
15524.91914
15544.51340
15534.93682
15728.20934
15709.66605
15505.84973
15565.22977
15383.63587
15790.44322
15476.61681
15261.42367
15269.60159
15260.22908
15176.16033
15427.00665
15734.66848
15755.69507
15566.50321
15634.64572
15492.47715
15710.17654
15886.86491
15860.62845
15641.01380
15664.48478
15409.66117
15537.55043
15604.02156
15623.17348
15752.41531
15598.02110
15390.34335
15547.31582
15837.21394
15673.39850
15359.90103
15618.98326
15662.89991
15691.52295
15684.04045
15602.57474
15528.32758
15485.80724
15485.31892
15531.72417
15251.60091
15435.21233
15578.42179
15524.69084
15307.41320
15352.58345
15462.92662
15491.01287
15622.87699
15704.23812
15747.69977
15653.14218
15754.74542
15716.24372
15470.35160
15481.11810
15606.31566
15326.00723
15537.16910
15812.38058
15614.14834
15528.32674
15556.15199
15461.02124
15616.12041
15776.16733
15876.03643
15668.29903
15426.49897
15620.23378
15612.53525
15567.01840
15349.39712
15379.68024
15671.79489
15477.08753
15592.16389
15613.45674
15639.68497
15445.97717
15486.54639
15688.33548
15612.85046
15502.94914
15583.52633
15683.63231
15655.42365
15453.43715
15351.14621
15507.93778
15512.42468
15475.59547
15641.31510
15587.12433
15883.65113
15692.07949
15500.56240
15535.36795
15580.02341
15709.15084
15526.14613
15631.12112
15341.28544
15529.69953
15587.46293
15565.89672
15500.87566
15412.09525
15646.17119
15402.72441
15341.74177
15490.11258
15297.82582
15603.61011
15661.73459
15564.83524
15742.05342
15681.90953
15645.82318
15860.52533
15700.55788
15716.95545
15749.09768
15738.68708
15549.72346
15516.14257
15373.89577
15496.63893
15406.81263
15314.66714
15545.90049
15560.99512
15521.98631
15451.60254
15451.91413
15649.73445
15671.90813
15550.62823
15471.01602
15418.77534
15439.17507
15425.18511
15344.31145
15381.37318
15303.37936
15330.51672
15419.84804
15504.12790
15614.49231
15585.37147
15620.55262
15731.26484
15699.74333
15488.44795
15763.90797
15593.52452
15794.37160
15510.17552
15655.25154
15694.05416
15654.35383
15522.62772
15591.00993
15475.10198
15563.36180
15658.19363
15673.15636
15630.54265
15670.42935
15903.14082
15781.80119
15828.09414
15786.54022
15366.76151
15357.18029
15533.37478
15590.33914
15639.06000
15725.53983
15696.76978
15747.88984
15694.65637
15811.47486
15598.13899
15518.21159
15792.04171
15615.66569
15597.08157
15802.95244
15647.28424
15577.79950
15364.81016
15283.34933
15470.31106
15417.36449
15497.29402
15682.14304
15900.64419
15676.69669
15517.05524
15261.12570
15476.30890
15409.72745
15376.38063
15517.36855
15580.64418
15593.62251
15625.76368
15467.77023
15353.06030
15182.88788
15413.71520
15631.16983
15538.95623
15345.03546
15537.41531
15597.60246
15696.64197
15669.73167
15572.43868
15596.50316
15713.12790
15643.09644
15451.44890
15525.48131
15659.04460
15598.60385
15556.57364
15504.13691
15393.91037
15407.39936
15177.19547
15340.60752
15520.12573
15692.29974
15568.71129
15534.91572
15671.64970
15632.22703
15442.95694
15495.01650
15493.20865
15562.09215
15395.55696
15509.56822
15528.84760
15562.03176
15629.68596
15745.51883
15690.89130
15631.04774
15648.69801
15685.71560
15718.24793
15647.13616
15387.40575
15538.46692
15771.66237
15653.98208
15574.85337
15443.58894
15461.11613
15470.38354
15709.79227
15656.44683
15675.30629
15639.71465
15604.81458
15389.26487
15400.49722
15541.19732
15555.90245
15854.41556
15805.28725
15596.77007
15603.45826
15574.02774
15521.94300
15504.71633
15277.36401
15350.89983
15651.50391
15756.17458
15761.14561
15514.64216
15437.28363
15355.29305
15431.08651
15627.51324
15378.06202
15304.27505
15226.24619
15431.09151
15341.67100
15447.76058
15441.14599
15630.25223
15601.38114
15522.45361
15753.34875
15785.59228
15632.75173
15528.48191
15650.99245
15769.36411
15605.12940
15624.20005
15521.88641
15613.33565
15665.24233
15587.98897
15651.54081
15769.66968
15678.91619
15603.85357
15856.88234
15818.24184
15557.93463
15398.22624
15504.68224
15533.37009
15607.08022
15844.92060
15797.41966
15709.35733
15648.00459
15739.52747
15526.88240
15598.06108
15577.49269
15605.09155
15646.69981
15526.61372
15643.17825
15587.14513
15627.21519
15546.56658
15531.61964
15543.19047
15712.89994
15594.73842
15767.06547
15676.09857
15487.12605
15506.42467
15591.82654
15516.41147
15681.72508
15690.81603
15584.59832
15549.23390
15521.97075
15628.56376
15464.32054
15575.96742
15689.90186
15489.30044
15528.54740
15456.10581
15283.87877
15256.63971
15250.37429
15449.83969
15559.87306
15733.52647
15742.29002
15707.51810
15427.48938
15584.41784
15491.43084
15639.96131
15805.07878
15683.34530
15717.12489
15524.31311
15476.26779
15560.64136
15450.53888
15411.47763
15454.49503
15591.78999
15484.47803
15390.45488
15404.64685
15488.92392
15458.69252
15491.19605
15528.20081
15658.68556
15666.24283
15581.98607
15482.65688
15373.18308
15540.10436
15630.26655
15670.39819
15580.20303
15678.25135
15609.99697
15586.55356
15515.41073
15442.98228
15526.77791
15765.26933
15674.14993
15502.10795
15304.14280
15403.44761
15520.61280
15648.78451
15498.97066
15442.47360
15428.07481
15404.36015
15506.27863
15637.67015
15635.70447
15676.24510
15474.27927
15390.91203
15609.79898
15728.94260
15677.50555
15774.60227
15651.99760
15705.10662
15639.16100
15537.93227
15487.95159
15543.48350
15696.65223
15388.91870
15396.19893
15573.62921
15451.79077
15507.63439
15515.25154
15422.33085
15302.23107
15248.11264
15406.17996
15393.07015
15554.79242
15436.38815
15783.82080
15926.28893
15874.31259
15975.28535
15820.32315
15886.84134
15758.01025
15612.64443
15405.73923
15297.75805
15359.97782
15329.79311
15290.99345
15327.13408
15571.24150
15226.31036
15204.45456
15394.16597
15437.78064
15418.90917
15361.80284
15519.28076
15682.31873
15868.59109
15778.79753
15528.56988
15514.74918
15545.62177
15465.96252
15365.11858
15705.83355
15675.61662
15681.19089
15820.53294
15599.45264
15632.87857
15703.49440
15500.04310
15673.20562
15619.03364
15655.26196
15667.49146
15814.60541
15749.15996
15936.82513
15629.95460
15653.63063
15633.68574
15477.22379
15643.29503
15434.72537
15222.00912
15436.28481
15580.31159
15630.34533
15525.06769
15465.16969
15623.53385
15660.12862
15700.01964
15627.55718
15630.50681
15660.98170
15613.89508
15462.39484
15437.43212
15618.62215
15747.08219
15733.00653
15638.81338
15673.62243
15447.38476
15311.77240
15344.86125
15374.37589
15388.84227
15425.63438
15631.35293
15502.21833
15537.26391
15715.17204
15657.72680
15785.08576
15942.46853
15678.21575
15551.32612
15647.57254
15581.58520
15573.49172
15658.13533
15916.93669
15982.10448
15739.58051
15612.07329
15533.00821
15463.57475
15669.29527
15525.98652
15722.91284
15435.53310
15477.42908
15591.76066
15546.12177
15429.54176
15529.17854
15512.90668
15501.40246
15549.31764
15579.77775
15830.45293
15684.78010
15619.24450
15510.50153
15462.33538
15610.03142
15503.28457
15559.99564
15535.46530
15471.18474
15323.47668
15346.58029
15254.68976
15495.14200
15720.88855
15532.80925
15594.11588
15449.50708
15490.23095
15644.97341
15591.53861
15317.78815
15520.24871
15780.27337
15680.89117
15688.33470
15547.45062
15749.81451
15714.29586
15640.06687
15833.77830
15723.38409
15530.78601
15550.43768
15618.64518
15431.42205
15658.72607
15700.28908
15764.40084
15707.96776
15455.04109
15444.84572
15547.33067
15865.99642
15599.87616
15431.78381
15667.69742
15470.82610
15379.53960
15418.20142
15591.33268
15367.56715
15554.16332
15407.34076
15446.06790
15624.88754
15672.82985
15442.32259
15262.33629
15288.79391
15568.57748
15454.63338
15321.52128
15258.15931
15181.73305
15502.19067
15508.99359
15593.81835
15408.16476
15469.25199
15435.76217
15726.89066
15866.26163
15684.81867
15681.50950
15802.73688
15956.87796
15527.68692
15502.87407
15817.88938
15726.09110
15676.85979
15701.96439
15567.15871
15527.09659
15511.41197
15477.04925
15550.92681
15629.45077
15508.90839
15543.60832
15571.88902
15649.76657
15571.66840
15557.71945
15327.86357
15414.24512
15582.33240
15686.47461
15669.97426
15605.14186
15531.37281
15551.83827
15322.43063
15496.40412
15486.77270
15557.98319
15376.16373
15325.13763
15472.21377
15287.80352
15439.50060
15430.94144
15651.78085
15370.17404
15343.18501
15427.31216
15605.72330
15608.87599
15764.65174
15532.75294
15554.50058
15417.72119
15437.84413
15468.92797
15419.20613
15445.76480
15467.09090
15351.24956
15554.79839
15384.51443
15353.88491
15443.55509
15728.93711
15637.38933
15542.37317
15545.74971
15629.95210
15529.51430
15469.05359
15584.74584
15665.33508
15499.58553
15630.53154
15371.83302
15364.03885
15459.99035
15360.76855
15634.02620
15744.16424
15641.23062
15475.45288
15389.01000
15452.63674
15442.90441
15639.05853
15433.65564
15606.76579
15401.98140
15342.10834
15477.69041
15520.40390
15585.29426
15439.33603
15691.50935
15772.77034
15707.59468
15709.82461
15501.40431
15581.75882
15362.54389
15268.25889
15428.91997
15513.66772
15463.23219
15632.14355
15742.98910
15647.91337
15666.23296
15574.94451
15588.75805
15308.00296
15440.24098
15533.84444
15600.00915
15478.45659
15545.41594
15619.22280
15461.53110
15693.52902
15543.77481
15538.71725
15233.03091
15373.30831
15534.77673
15460.34719
15494.99336
15568.78724
15413.70944
15482.87513
15354.74890
15465.63027
15486.63754
15649.94516
15792.50558
15766.96351
15682.05170
15565.13816
15642.80083
15663.87258
15575.26716
15501.09875
15341.20262
15281.14409
15478.79693
15466.16057
15368.87081
15421.90538
15337.53268
15268.35015
15182.00858
15509.89813
15441.60342
15468.44152
15299.41513
15355.23750
15439.12051
15288.89346
15369.85498
15347.17049
15391.85091
15504.96843
15406.75383
15395.04489
15515.06873
15427.12137
15328.12289
15389.94088
15464.35528
15642.07738
15592.17653
15472.52637
15471.58810
15479.84344
15678.62085
15397.30288
15433.25441
15247.74399
15376.09228
15742.34911
15731.52881
15736.88508
15596.26472
15445.58360
15536.05921
15524.95277
15424.37094
15500.75786
15444.03521
15532.90666
15607.34603
15559.51937
15455.24561
15689.30871
15609.29729
15573.39219
15735.93467
15571.35836
15543.58843
15542.99253
15351.82240
15378.75995
15422.84352
15523.10174
15481.43784
15456.48423
15450.97107
15269.09642
15459.24737
15586.45168
15604.61613
15374.72006
15420.78966
15522.11827
15313.87897
15328.17152
15516.43051
15772.72082
15926.10485
15731.97854
15610.80800
15520.63589
15481.39354
15513.21099
15580.87687
15510.35782
15709.06254
15543.38709
15673.00463
15598.19192
15514.66148
15549.85446
15593.04113
15677.29693
15702.79189
15702.96247
15824.46668
15631.58136
15534.69702
15444.46887
15372.86283
15420.64721
15496.29974
15727.48090
15680.16392
15683.49667
15662.99909
15792.78737
15659.51800
15606.50669
15773.75036
15795.70214
15702.96428
15604.87115
15720.79044
15459.64723
15514.63421
15517.85307
15675.51114
15821.80519
15671.13445
15481.64444
15526.71879
15565.51036
15612.80956
15777.19385
15685.55298
15468.10256
15485.81102
15654.50312
15724.47005
15735.68813
15633.40089
15694.24937
15616.97845
15439.53080
15658.27688
15728.83561
15609.32060
15688.23186
15645.96700
15536.68247
15675.82572
15734.22132
15598.79175
15487.36058
15617.97497
15491.03531
15565.81033
15417.05058
15502.49704
15694.10919
15667.10558
15403.86586
15389.81824
15547.26031
15481.55518
15534.50392
15924.82850
15788.48326
15360.41223
15545.27422
15608.26483
15640.57185
15592.73537
15566.94035
15412.65377
15614.29072
15776.23095
15446.60818
15596.80766
15597.16408
15626.89199
15526.12365
15540.90925
15373.63153
15424.00469
15560.51340
15795.41952
15611.76112
15347.29845
15506.06959
15413.95039
15654.27585
15650.67606
15729.22002
15649.47658
15718.63257
15780.61394
15689.57035
15477.99060
15672.60757
15643.71859
15899.40446
15726.60823
15711.56043
15738.15923
15505.43201
15551.88522
15397.15235
15588.90959
15658.10525
15714.69322
15515.63187
15628.65322
15480.57084
