15692.24677
15692.88073
15752.70823
15919.86880
15966.16428
15930.22560
15953.79971
16040.46746
15857.18496
15681.03704
15530.00190
15585.53426
15632.38584
15713.20967
15830.37604
15741.06910
15828.76179
15629.53682
15832.33691
15683.10902
15798.13054
15852.64325
16092.96773
15946.09342
15606.42367
15489.18173
15541.00535
15941.85054
15839.08517
15884.71641
15649.88546
15761.98622
15728.12967
16016.61720
15839.45713
15729.25696
15954.99295
15812.58663
15778.14557
15667.11767
15695.49302
15772.69145
15834.81331
15845.49685
15769.88246
15912.61827
15806.41707
15716.59729
15916.99738
15806.81995
15604.73330
15860.22773
15861.25818
15939.25661
15828.27660
15571.35725
15569.76474
15680.09582
15626.52096
15692.29844
15772.33708
15917.40153
15698.08905
15604.51507
15638.54104
15595.16392
15779.96758
15703.99186
15814.17218
15806.55222
15664.54962
15907.90106
15923.46192
15943.83235
15719.18878
15946.91099
15862.83244
15921.62009
15623.35679
15729.82835
15624.01227
15741.86910
15931.10708
15757.06932
15593.86216
15599.40977
15752.60682
15582.87039
15785.45323
15998.68040
16018.98991
16000.95670
15793.15944
15979.40135
15908.08907
15966.42134
16201.87689
15909.76573
15701.30156
15641.23271
15678.55764
15906.01282
16234.14257
15896.25907
15972.01122
15865.75677
15760.10692
15601.82466
15771.94144
15985.70133
15956.75450
15674.91355
15899.13540
15837.50290
15946.76186
15993.49639
15807.87379
15624.88104
15706.16616
16038.76498
15913.81535
15892.16319
15778.86536
15716.69042
15782.58939
15615.20558
15755.96139
15714.95707
15823.01589
15731.15941
15819.35803
15865.25865
15943.53286
15929.60784
15930.10130
16145.30780
15876.78021
15680.82180
15720.04368
15736.22632
15780.52149
15758.34472
15531.62033
15766.33437
15785.68838
15772.29530
15716.21231
15926.29883
15544.16525
15603.52423
15622.83668
15785.84178
15878.49890
15643.08906
15906.07434
15893.69181
15854.42860
15713.54561
15739.39575
15795.10814
15974.61663
15894.23752
15509.91272
15738.57263
16095.61330
16094.51130
15934.08046
15813.01119
16025.12084
16055.72582
15733.28328
15884.48060
15835.39610
15911.06532
15923.38296
15673.53053
16015.80079
15866.01051
15673.41811
15888.92427
15784.23088
15843.01832
16104.40352
15943.91369
15819.56619
15789.15049
15833.27650
15709.04015
15838.80993
15636.38742
15965.65177
16122.74596
15898.41784
15839.54365
15905.82116
15846.47930
15914.96282
15762.39298
15781.09110
16037.15510
15903.78251
15709.39192
15801.77368
15858.34167
15811.06387
15547.82625
15551.85988
16039.77321
16026.19913
15847.58379
15949.94429
16009.57056
15931.87662
15862.06423
15843.83043
15912.08279
15905.56795
15909.14680
15841.90449
15926.80195
15903.14861
15806.28996
16202.92077
16020.09088
15968.32568
15703.23931
15960.57023
15746.26563
15965.74906
15993.50228
15718.34602
15685.58368
15900.87291
15722.22825
15613.54041
15599.69022
15747.76319
15816.90209
15975.59992
16041.19626
15897.28062
15851.94140
15656.90359
15887.67830
15740.20305
15811.91119
15793.19559
15591.80168
15693.68916
15739.39350
15676.77326
15624.72662
15752.72514
15852.25448
15862.52975
15782.23167
15763.32178
15703.89327
15737.20357
15785.53235
15733.70400
15834.53759
15989.30353
15800.64764
15807.14847
15879.02040
15791.04973
15695.22755
16015.16970
15973.23602
15908.05972
15948.19821
15685.36626
15896.17608
16070.37794
16033.49206
16036.35099
16050.62625
15958.36194
16070.38960
15777.31731
15773.17235
15786.74561
15556.06630
16064.45185
15806.24937
15876.44687
16047.14191
15999.73691
15864.99633
15909.76859
15858.49992
15814.57225
15794.03691
15731.44007
15659.67786
15788.73157
15733.06462
15920.87429
15853.00040
15693.40303
15658.17398
15725.29508
15760.61042
15918.64550
15880.29249
15910.17851
16042.72358
15814.88669
15852.83393
15930.77170
15921.70154
16013.57743
15769.25569
15812.26499
15800.43266
15646.11150
15688.53876
15712.21880
15590.04700
15913.87019
15979.30678
15811.35485
15913.76844
15927.63761
15866.73378
15796.38161
15449.82265
15706.97491
15810.77018
15831.43532
15875.15960
15916.55822
15806.96828
15638.85982
15758.57233
16032.46171
15939.58233
15770.94564
15605.14905
15643.40448
15807.73890
15923.92669
15903.07762
15940.33300
15783.11837
15931.07237
15967.19844
15651.18396
15760.16271
15652.64726
15759.26935
15732.62656
15717.91468
15872.39422
15842.90237
15721.38022
15902.79886
15960.60093
15794.16122
15624.36574
15700.15103
15791.18145
15676.00655
15795.19973
15820.75276
15815.09464
16001.00991
15983.47327
15690.90937
15609.98210
15697.81234
15568.73951
15639.95751
15521.66823
15711.32932
15953.70450
15596.09553
15614.42199
15717.62313
15718.66723
15761.88918
15645.97325
15567.35081
15569.30775
15561.85199
15660.27523
15704.31690
15708.81358
15949.99308
15984.46125
16012.43285
15945.69447
15839.32619
15849.47996
15778.92327
15743.33042
16044.12274
15774.98200
15953.68879
15870.05515
15788.48588
15778.10878
15800.10308
15995.00216
15868.00059
16065.61965
16050.45723
15956.35941
15868.99246
16061.30463
16121.70250
15697.44981
15641.53673
15662.25194
15742.84716
15811.23338
16038.48854
15769.21390
15741.89044
15575.20366
15648.08684
15755.64760
15734.27655
15566.26171
15767.55093
15783.98703
16041.39969
15862.10792
15695.34476
15754.30975
15599.02488
15749.08657
15801.45725
16017.53853
15720.74449
15882.27293
15797.38518
15914.32909
15793.28433
15522.84943
15824.43237
15877.59803
15719.66291
15746.60847
15799.42846
15995.66034
15843.23394
15841.87219
15694.47041
15553.22320
15396.66728
15909.09836
15961.95912
15747.20838
15725.67917
15701.65972
15712.12589
15793.45344
15901.69749
15840.28893
15693.45011
15726.88772
15600.18333
15862.52047
15691.27055
15497.05992
15642.43356
15786.46229
16169.75184
15816.50668
15674.05237
15725.08169
15641.97661
15885.05616
15956.02555
15801.17723
15772.27479
15904.43295
15876.25145
15618.28142
15729.60167
15910.72807
15920.35544
15694.13614
15743.61204
15996.41213
15897.07369
15770.95811
15853.42395
15610.26807
15726.32896
15624.43529
15747.21949
15617.75990
15771.73229
15834.24064
15966.05222
16152.13510
15907.35604
15851.69777
15823.14534
15871.58755
15759.05791
15735.66317
15577.96509
15677.06257
15807.17568
15788.04770
15832.82785
15963.35271
15910.97543
15628.77677
15671.48410
15667.54802
15862.79062
15684.76866
15502.22602
15719.25551
15809.20414
15926.49861
15999.95881
15654.58909
15755.95565
15650.58085
15714.47921
15757.17259
15746.40867
15870.22403
15830.10752
15703.48227
15756.02202
15826.75862
15917.76200
15921.92921
15745.77371
15803.66875
15696.35107
15789.86289
15668.32164
15760.69257
15733.09620
15694.08492
15886.19476
15868.46553
15859.66918
15745.21076
15885.07586
15794.18971
15675.90264
15557.67212
15648.69811
15612.40094
15805.39663
15912.43484
15692.11022
15841.74799
15610.03697
15604.79889
15801.74509
15871.02803
15789.54031
15849.02278
15836.16192
15913.07889
16005.70682
15824.40112
15812.28498
15908.37392
15943.28859
15592.47542
15722.67554
15743.41322
15750.31010
15909.13929
15872.57346
15867.44263
15960.73049
16034.21003
15926.92728
15790.56777
15900.91763
15497.25852
15684.54674
15861.07847
15731.77881
16014.57991
15942.74558
15632.07367
15580.55243
15727.71040
15668.49831
15728.08630
15735.29074
15790.44956
15678.94889
15845.83263
15692.95372
15894.41651
15961.39095
15844.98933
15716.79009
15471.71825
15688.36274
15805.61457
15855.21437
15769.63383
15692.64282
15457.11753
15429.18163
15621.22172
15780.01136
15695.32017
15685.70376
15776.41837
15823.58530
15778.17839
15830.90040
15853.01772
15854.46873
15865.11926
16037.68606
15794.20063
15844.88270
15796.39477
15916.39648
16022.30886
15984.07100
15786.93838
15862.68317
15682.93177
15833.18773
15682.95930
15730.26448
15777.51168
15574.87109
15671.27205
15660.58539
15625.48410
15695.62208
15802.09071
15693.31841
15572.75033
15751.74359
15982.97568
15857.02609
15712.47548
15636.54810
15787.74311
15978.24881
15723.57138
15985.05621
15810.82194
15877.87545
15843.87678
15935.80798
15968.74018
15959.85739
15886.13444
15646.63709
15768.75602
15798.37029
15850.64541
15607.39341
15740.09917
15827.28996
15843.38337
15908.05132
15685.77469
15752.07568
15754.01451
15877.02649
15882.73402
15907.83055
15896.55646
16041.34713
15743.99411
15789.20409
15844.45046
16065.85358
15885.26410
15893.75724
16161.52217
16175.02585
15851.00010
15675.18636
15769.72220
15720.27022
15720.97794
15805.62955
15840.92607
15861.82254
15902.46483
15926.06988
15586.92496
15797.73188
15526.94603
15695.22030
15789.30806
15959.34019
15635.37363
15713.65702
15582.55430
15707.58059
15642.81513
15828.82143
15977.02694
15871.30523
15763.95077
15879.39891
15805.24421
15863.33364
15828.91887
15895.33656
15944.50872
15949.39451
15831.88386
15913.21275
15583.15998
15793.12874
15807.57753
15846.18930
16139.21825
16235.38833
16108.54440
16098.80219
16120.84026
15862.82396
15993.82579
15534.59652
15634.33166
15611.27971
15703.93174
15719.35064
15890.73392
15762.68809
15897.20146
15777.23430
15723.44490
15807.21203
15974.63860
15711.84126
15860.35000
15780.13546
15846.46807
15618.59210
15869.59328
15805.56364
15781.77283
15876.47457
15902.77302
15811.64073
15653.72676
15778.04612
15803.87330
15834.32715
15743.48064
15558.91562
15192.19954
15509.57526
15750.12748
15766.06242
15753.80727
15879.23316
15882.78549
16038.35999
15786.00833
15637.16204
15607.10939
15808.56481
15798.60753
15642.78360
15940.52290
15822.14166
15484.94909
15619.80407
15747.64236
15777.42536
15557.16534
15783.39186
15646.49505
15428.05464
15760.80050
15938.26674
16238.67584
16107.16775
16065.19476
15784.74627
15709.59949
15825.29717
15825.13036
15736.57992
15726.26709
15794.97849
15908.48435
15850.08085
15645.10766
15740.62383
15622.09199
15762.97908
15884.33424
16098.04600
15960.89995
15994.93418
15982.85786
15948.71878
15826.04926
16024.49495
15862.89568
15640.43823
15420.49471
15641.39245
15771.45421
15826.60009
15966.76198
16123.60687
15679.95897
15833.88434
15898.54753
15699.71558
15574.66872
15577.61975
15998.76810
15959.69643
15765.65903
15829.11706
15567.55121
15566.75545
15556.86485
15575.62534
15663.46120
15673.36744
15790.15046
15680.75596
15619.60913
15990.92628
15620.29215
15608.71933
15710.98189
15787.96882
16009.10240
15650.69439
15677.41677
15701.28393
15837.23453
15989.35237
16011.46966
15966.19477
15812.39349
15850.95886
15722.55593
15748.03078
15815.70583
15884.50072
16017.18054
15728.78960
15636.56814
15904.38303
15969.12767
15929.04908
15979.57910
16003.19411
15944.73526
15770.72110
15932.68919
15889.40197
15889.89100
15718.23938
15812.02592
15813.94465
15913.05488
15841.08432
15720.34277
15660.73811
15686.90190
15721.24359
15626.35399
15798.09639
15902.60157
15965.28093
15973.58572
15841.12176
15867.02719
15786.07448
15827.31519
15561.87310
15669.66296
15686.90407
15791.45244
15648.75725
15723.53795
15721.94038
15703.04954
15812.97971
15770.38022
15994.03498
15878.33220
15728.93193
15542.25851
15762.98571
15876.68239
15804.50632
15758.76230
15746.83955
15567.22800
15322.16064
15409.99203
15767.09919
15888.59217
15828.61563
15950.65998
15954.07810
15898.44270
15536.25557
15891.80756
15777.48762
15737.87885
16017.17712
16086.37811
15998.16311
15818.53765
15575.32255
15736.44371
15902.38589
15823.03269
15987.85781
15916.89454
15963.35334
15630.39860
15641.30322
15682.96666
15862.19949
15791.86555
15837.75091
15626.20125
15864.09082
16122.51125
15860.98779
15848.96238
16002.12385
15964.78466
15766.52267
15747.44813
15943.79702
16037.33295
15822.61096
15621.30572
15872.97231
15849.06373
15963.15724
15690.07895
15692.00410
15542.88326
15722.15580
15676.66429
15663.17683
15503.57537
15760.78129
15934.35945
16063.18216
15981.63197
15791.99259
15616.86452
15508.21215
16020.02548
15729.16496
15692.20257
15904.24501
15960.41594
15848.83434
15939.26310
15850.98072
16036.51645
15960.38649
15687.35702
15805.49801
15870.45458
15884.21823
15894.57059
15868.94750
15951.71601
16201.48546
16458.67454
16033.08404
16031.04282
16067.28415
15913.48663
15816.69726
15764.98157
15624.01679
15561.35420
15670.97045
15658.95709
15631.91430
15726.04389
15750.39264
15596.71938
15612.19394
15872.73451
15856.55579
15934.48921
15699.32812
15940.02431
16061.97577
15905.94156
15889.57389
15872.69966
15785.00324
15766.84550
15861.82135
15821.67836
15750.56000
15827.41942
15980.36535
16092.42424
15792.16979
16043.24777
15756.15912
15874.41658
15738.56854
15473.51071
15869.35938
15774.46785
15669.83519
15797.28235
15756.98930
15749.63480
15547.39876
15823.63019
15661.67606
15693.33448
15843.40719
15872.09591
15784.45146
15784.76569
15805.44484
15924.61389
16102.76045
15806.24910
15712.16257
15768.11558
15943.67582
15601.19301
15617.11429
15813.50634
15739.00562
15816.78825
15808.29436
15762.83731
15888.55975
16125.94192
16091.62644
16101.16273
15848.28342
15786.12272
15722.79010
15691.76842
15844.74577
15893.84150
15830.80244
16025.00923
15695.15929
15528.87747
15750.63507
15795.05042
15989.34765
15817.25918
15761.53613
15792.69080
15685.72478
15834.48283
15827.54908
15882.58555
15831.63548
15824.92467
15597.19713
15830.02566
15881.83708
15638.13459
15712.06802
16034.72372
15812.70268
15825.35670
15706.54938
15903.92069
15585.04051
15582.70608
15787.05737
15766.88249
15788.05846
15797.74510
15723.62196
15900.60252
15826.31117
15908.89654
16065.51068
15973.47324
15691.42235
15845.89797
15847.20771
15785.02614
15839.34599
15774.89921
15808.75976
15728.18242
15758.49245
15859.04651
15902.29972
15791.85876
15925.72610
15923.28848
15998.07915
15938.29045
16179.74020
15918.49319
15770.88498
15861.62869
15933.57986
15789.93421
15788.87359
15707.03046
15571.17496
15792.44228
15745.31592
15675.09741
15765.14310
15712.48654
15662.05391
15494.26528
15804.88931
15802.58653
16100.95211
15693.78633
15718.45799
15642.66746
15823.31793
15410.45115
15718.26999
15745.19063
15714.12298
15747.41742
15929.40184
15702.28566
15763.09994
15762.33459
15690.57596
15784.83776
15773.06757
15498.92896
15517.87959
15582.21060
15681.90011
15853.98616
15768.05750
15973.03325
15663.10763
15609.08121
15460.47968
15772.27902
15786.43119
15709.27455
15625.92762
15826.42276
15785.43943
15931.58704
15923.07302
15886.91274
15797.84518
15756.31770
15670.67953
15698.44150
15702.84046
15659.95104
15562.56148
15726.57144
15693.94542
15825.39812
15919.12807
15922.94852
15821.19258
15854.10166
15726.34503
15831.45259
15847.80491
15917.10900
15723.70168
15795.25749
16159.53827
16191.92428
16125.57488
15947.39673
15890.08758
15888.82911
15864.00100
15927.90523
15815.05795
15717.30931
15825.99746
15838.92402
15917.49289
15743.41597
15727.70903
15852.69560
15924.46994
15814.98898
15860.35868
15901.11782
15959.37368
15952.96019
15862.91968
15761.27338
15911.30936
15808.97612
15907.43736
15709.06625
15712.18048
15978.81890
15976.04050
15716.13050
15653.34980
15571.52043
15690.29892
15890.32077
15689.57929
15765.68674
15744.76442
15929.59984
15860.39427
15817.89737
15752.30752
15820.85268
15717.34369
15780.10823
15979.52759
15960.37274
15922.19386
15932.66594
15840.67645
15921.22847
15880.62464
15812.07851
15924.84550
15687.56642
15623.90755
15734.37453
15523.75886
15811.57307
15834.21894
15865.29921
15799.95013
15951.47790
15840.18022
15755.87226
15750.75157
15734.69575
15796.80218
15681.12054
15764.35851
15881.98041
15777.29720
15634.87580
15815.08711
15806.88340
15848.46148
15976.90135
15774.39393
15984.82237
15869.39313
15787.41558
16070.74550
15838.70587
15789.87723
15748.38700
15867.87106
15902.36805
15897.30059
15863.95893
15739.98830
15933.80108
15852.84081
15752.30052
15866.53816
15737.01866
15735.65152
15555.01267
15676.71792
15692.05432
15840.47620
15733.53623
15733.92678
15747.23799
15671.08551
15892.29031
15608.55484
15805.63924
15836.10691
15907.90367
15823.23661
15855.47638
15808.99665
15748.29530
15604.01817
15757.53561
15679.00387
15771.59268
15994.28445
15607.46975
15646.31579
15774.90317
15854.87544
15848.71335
15800.46751
15845.58814
15916.36377
15773.81408
15829.90001
15892.33603
15788.43615
15702.15743
15893.87214
15984.77197
16079.83271
15660.25332
15920.50287
15760.03201
15847.08753
15804.68601
15844.34968
15713.60615
15657.00902
15698.70132
15794.53022
15745.06418
15732.15341
16074.64510
16073.17043
15886.15764
15736.34869
15817.39054
15824.74945
15820.53337
15573.86539
15793.49740
15753.76801
15814.90438
15664.13303
15780.93024
15675.03725
15534.20446
15562.69492
15804.09459
15799.89477
15985.51801
15694.91016
16009.52203
15917.57274
15927.81707
15735.03476
15937.12794
15827.71642
15449.36939
15660.88159
15794.78627
15723.58771
15755.07461
15824.77842
15682.71108
15518.77761
15925.30946
16166.08130
15880.73528
15883.91229
15570.71934
15469.66873
15515.26936
15696.14465
15766.84032
15833.35852
15926.66429
15968.30815
15946.60172
15843.25849
15987.94198
15985.21025
15624.99058
15602.01815
15814.24957
15714.55850
15619.27116
15861.77947
15992.65917
15968.42882
16033.24484
15782.17074
15986.35393
15900.72884
15862.87815
15754.70237
15844.12306
15750.59221
15825.11703
15770.85144
15847.28150
15838.57607
15824.97462
15782.29508
15570.54697
15781.02220
15864.86323
15623.74283
15647.23052
16023.62386
15966.10154
16078.83317
16081.64212
15669.14837
15692.70518
15800.64582
16024.65598
15748.27875
15681.69749
15663.10570
15832.74849
15990.08680
15812.64468
15529.78420
15717.93013
15812.17505
15887.83027
15777.14048
15874.78564
15911.61446
15859.59065
15765.07929
15829.14147
15873.85522
15992.34315
15759.90419
15615.30871
15954.76176
15929.45307
15775.09419
15625.20297
15833.18214
16040.26115
15696.34565
15888.24806
15850.16775
15744.26457
15686.73572
15683.39240
15817.23366
15689.47886
15726.46939
15923.10871
16023.21890
15933.37198
15836.91921
15645.74006
15396.13286
15737.80538
15880.33145
15915.24041
15647.10616
15770.54739
15913.08774
15990.79753
15947.24760
15828.18020
15976.45664
15753.81995
16075.80260
15803.58139
15602.53067
15743.41883
15675.24485
15661.73357
15898.92818
15625.86743
15969.47287
15824.63246
15775.81451
15791.70229
15928.76628
15833.17654
15712.16127
15966.41454
15475.91386
15863.92290
15654.73119
15833.27540
15614.91973
15784.59389
16057.38661
15509.96192
15746.43539
15741.50471
15644.97403
15850.61182
15664.57219
15799.42099
15739.96367
15652.20683
15745.34362
15918.31454
15711.36617
15614.24137
15436.89582
15619.01559
15933.65662
16030.73156
15803.80054
15839.65545
15717.40810
15710.96234
15583.77513
15613.46122
15683.56007
15883.20783
15983.91740
15811.24891
15988.46871
16093.58720
15947.56833
15781.70040
16048.35078
15772.64608
15647.09286
15802.12781
15704.81959
15929.69679
15824.16925
15860.61561
15806.37563
15836.72893
15809.95482
15830.62954
15842.53597
15886.83921
15885.49421
15783.64591
15820.55251
15923.64603
15716.54378
15813.84777
15737.82475
15721.06306
15965.42010
15869.93857
15478.87148
15908.57240
16242.47912
15999.46122
15939.50437
15819.42976
15658.56342
15436.38602
15653.75997
16276.90923
16214.27366
15868.36245
15747.68452
15938.01112
15702.94488
15701.91805
15529.09669
15597.61939
15799.95294
15786.61116
15632.55368
15697.24754
15642.07326
15708.59762
15862.77143
15840.95079
15955.22221
15918.82443
15719.88360
15895.70574
15890.86923
15863.54201
15739.60697
15957.09084
16049.34123
16048.91624
16115.97730
15767.10565
15606.16452
15787.75110
15781.56160
15700.42263
15801.12685
15692.81798
15545.02691
15894.56521
15968.24499
16109.25885
16097.12543
15674.92367
15859.39298
15681.77452
15558.41818
15625.73172
15881.30425
15990.02126
15887.71930
15660.69991
15706.18226
15669.89870
15870.50154
15811.10398
15839.80746
15809.11384
15822.62180
15697.66254
15761.23891
15453.13771
15574.71612
15643.86329
15651.60923
15722.67350
15830.98565
16032.70737
15755.96417
15794.91472
15806.82879
15838.49064
15501.77222
15572.76880
15616.84515
15824.89053
15721.20788
15857.13760
15807.20571
15972.75969
15729.81810
15852.02470
15668.07695
15665.01029
15829.01444
15739.44035
15883.28391
15780.02157
15820.29009
16078.19638
16169.77269
15867.09495
15797.95474
16024.92438
15932.46529
15816.85035
15887.14109
15976.12149
16299.96358
15944.75240
16102.44566
15979.62547
15988.99129
15740.21558
15754.97287
16134.55452
15699.71923
15815.93808
15635.09752
15614.13942
15758.41650
15855.85678
15930.35266
15717.78977
15921.91737
15670.73545
15628.71185
15747.67122
15522.59514
15591.06196
15908.50049
15756.47044
15784.65670
15565.93843
15570.51507
15880.73935
15959.24724
15714.16633
15492.88344
15948.59062
15744.63869
15862.26460
15640.28058
15739.09372
15858.19290
16054.99878
15698.10626
15833.05818
15897.84707
15608.64784
15767.99627
15563.34894
15703.26196
15759.09675
15707.42272
15776.59769
15852.40207
15985.23049
15989.00050
15970.13000
16011.25276
16045.50009
15796.22338
15690.72406
15820.01141
15958.68624
15890.69230
15879.21755
16030.31749
15904.78727
16085.00633
16065.25519
15685.32446
15745.77667
15819.25656
15733.95775
15792.92203
15764.37472
15575.39191
15809.24627
15854.83337
15946.92334
15862.73835
15554.29492
15594.46599
15547.79492
15841.77304
15739.81835
15760.95361
15675.14908
15970.68186
15926.49346
16034.55774
15826.83860
15490.15937
15699.66711
15961.09773
15802.56843
15564.10955
15701.01079
15869.11342
15820.37231
15868.38333
15831.46770
15912.64496
15812.68518
15578.00562
15652.15408
15683.48729
15782.37393
15789.63530
15671.32152
15735.48017
15761.11851
15789.06753
15768.73912
15463.53086
15678.93062
15785.54773
15792.85106
15741.33097
15691.25433
15694.43785
15722.53105
15778.42864
15773.09665
15432.51349
15762.86489
15885.82777
15859.64276
15803.43414
15993.66224
15889.45005
15745.16903
15779.10311
15734.55492
15762.86297
15881.83379
15827.98621
15911.99441
15878.29996
15668.87986
15584.18736
15848.38003
15818.46162
15915.60837
16105.03976
15904.49997
15791.49668
15782.93164
15952.17511
16064.79843
15856.59449
15747.29593
15863.35325
15837.33781
15923.90319
15850.64231
15709.38175
15801.92671
15817.14098
15949.83237
15666.59603
15917.46423
15948.34867
15963.10572
15798.12896
15860.86224
15915.43617
15770.18672
15938.98544
15795.73843
15568.21341
15572.25892
15741.46058
15785.67690
15726.64492
15774.33420
15633.46081
15916.77696
15834.03933
16048.69088
15875.40078
15913.40515
15739.84408
15864.55597
15980.44691
15944.15578
16153.92988
15945.59092
16034.89402
15995.63376
15641.42743
15765.15437
15922.13550
15833.43050
15775.08428
15658.46319
15631.74310
15770.57690
15944.88367
15861.64487
15878.66933
15736.29899
15802.16128
15804.86163
15754.07247
15907.72243
15789.30785
15895.95352
15947.52860
15897.12594
15802.86444
15816.69822
15795.75756
15796.82148
15938.26325
15725.05953
15855.93703
15766.62798
15560.77541
15784.19059
15770.09588
15780.26708
16285.87769
16135.44926
15917.58672
15761.17588
15701.42022
15771.22313
15662.53017
15912.42829
15724.09772
15702.25391
15864.22011
15899.13013
15654.76550
15757.66851
15928.92032
15688.81414
15743.74712
15982.85782
15959.43387
15857.14605
16071.89345
15966.63472
15793.52558
15817.21010
16003.54942
16168.45252
15765.79314
15955.91535
15956.46492
15855.71497
15472.88605
15600.69912
15738.78018
16001.46172
15906.88910
15914.42329
15679.76250
15672.05484
15665.81593
15864.10459
16026.08710
16010.70805
15982.63638
15644.20257
15525.66906
15736.48309
15939.20916
15931.61069
15920.21798
15742.64163
15610.18990
15679.53106
15653.01599
15684.38368
15695.72861
15627.79983
15957.57504
15917.69332
16134.78412
15978.54225
15721.58274
15845.37739
15884.48090
15951.51416
15811.22861
15725.01340
15635.67687
15498.93224
15466.23535
15742.00006
15906.69420
15802.28644
15621.71453
15759.06741
15852.12736
15666.81663
15924.41598
15806.36236
15878.06207
15781.88459
16025.52372
15704.25855
15630.07043
15838.28922
15793.75323
15773.49234
15688.50073
15920.46217
16005.56876
15877.41726
15862.10954
15539.62887
15500.27661
15596.04361
15707.49904
15904.40169
15879.35242
15836.86097
15871.84109
15650.39446
15661.05935
15847.72766
15759.26283
15602.53667
15866.20481
15790.53772
15971.81265
15714.40206
15804.08171
15603.52557
15649.67229
15821.78354
15727.45964
15820.36111
15851.71108
16022.42827
15911.09425
15924.22321
15888.16238
15839.32041
15700.83207
15794.04561
15602.03313
15927.95947
15814.80553
15815.40889
15873.18041
16048.73451
15767.34694
15750.55996
15863.38145
15820.59454
15763.99246
15827.45202
15739.21135
15896.32019
15899.53494
15931.48465
15991.79820
15970.54451
15990.44557
15795.20222
15677.62236
15853.92729
15646.77611
15595.42879
15892.61551
16046.36127
15857.41738
15844.22944
15615.64057
15700.55188
15863.36594
15891.28050
15862.99793
15996.93915
15982.88537
16071.41445
15932.85603
15509.83165
15729.66412
15815.52061
15570.23325
15729.52068
15896.57835
16142.45705
15732.84338
15815.63613
15741.00592
15794.94098
15618.60510
15831.47586
15845.26220
15808.54286
16032.40033
16027.34494
16126.90546
15982.30066
15979.31794
15918.72874
15923.30687
15901.43392
15860.29744
16019.54773
15848.58963
15649.79817
15557.55172
15787.57598
15662.59377
15724.01501
15662.71285
15818.37485
15878.30466
15750.79043
16009.60347
15816.35596
15703.52553
15716.75742
15715.07357
15752.61157
15956.83272
15814.41653
15840.86675
15958.56905
15780.88609
15803.65084
15975.06863
15934.05115
15798.84340
15800.01646
15742.16529
15676.11069
16003.86270
15858.42447
15729.40546
15822.82574
15852.17084
15796.07377
15896.92223
15672.11095
15757.77603
16003.57313
15838.79133
15859.42941
15619.64427
15879.84784
15800.31782
15874.66740
16038.25320
15901.46490
15744.88946
15594.89783
15708.27485
15799.07722
15794.90125
15728.81942
15559.60307
15639.34918
15639.15701
15648.90138
15805.03872
15720.06914
15756.80704
15939.93432
15939.22505
15727.86733
15544.42861
15739.87572
15723.68949
16052.83727
16083.23893
15870.00687
15678.85486
15779.98443
15910.75072
15813.63533
15685.18275
15754.64800
15798.40973
16024.34354
15883.38666
15800.55548
15445.72641
15693.56923
15993.54284
15857.13400
15910.74949
15962.19706
15983.20631
15860.62316
15853.94547
15932.51771
15842.30196
15853.46935
15746.84926
15790.42163
15981.71209
16306.16944
15936.43489
15761.24658
15869.16262
15648.35247
15559.22571
15854.57554
15852.59725
15951.22259
15592.56886
15796.85528
15735.54689
15634.99406
15692.68578
15818.33878
15813.19028
15903.04419
15672.06036
15638.85293
15607.11892
15994.98055
15951.72321
15711.92491
15763.23938
15744.17796
15758.86327
15777.88243
15481.44484
15995.19817
16097.67920
16283.72273
15809.72980
15841.27935
15815.12071
15832.56396
15588.87934
15912.42581
15902.20032
15842.87313
15866.27183
15779.76909
15891.48932
15804.37179
15838.67134
15840.79377
15855.24860
15832.38935
15820.60994
15893.82229
15745.83278
15909.01703
15770.38616
15692.41087
15602.46244
15875.79607
15867.82558
15915.53995
15831.58008
15873.30193
16215.03085
15941.20362
15695.78189
15659.69590
15662.34753
15824.59574
15675.07989
15796.86600
15968.25639
15908.74626
15901.09055
15961.99656
16179.61983
15686.80294
15860.64349
15560.87436
15651.21939
15834.40728
15650.73315
15710.54437
15602.44768
15619.99746
15642.17704
15642.33238
15685.10787
15777.84947
15703.56108
15910.84166
15869.78357
15927.20438
16041.17942
15926.83430
15944.63945
15934.07237
15972.88071
15614.17156
15608.64725
15713.74178
15767.27228
15927.30313
15588.84509
15768.25624
15702.33600
16099.92742
15779.37208
15958.19271
15788.87625
15969.07679
15978.75832
16111.87975
15939.88221
15852.88414
15961.96751
15811.86111
15799.96705
16030.87408
15682.50913
15565.51114
15608.07960
15626.75461
15891.59482
15955.48660
15758.36852
15827.70983
15809.75837
15972.80614
15867.81699
15740.44685
15926.02345
16089.50038
15942.28586
15718.01508
15879.74115
15810.90500
15966.17295
15827.63123
15966.83212
15758.74633
15607.91299
15590.14313
15469.81764
15501.92151
15572.73694
15586.32291
15834.15984
15833.02164
15673.82756
15585.11071
15602.14878
16039.18217
16143.78797
15846.74894
16093.16930
15838.92529
15807.41593
15721.89603
15693.06554
15850.97153
15968.36673
15879.30951
15867.11425
16176.19351
15708.33675
15816.70185
15934.03064
15995.14225
16193.53374
15913.60669
15758.30346
15984.33734
15761.51478
15572.76439
15892.17625
15967.62228
16000.55632
15871.50524
15581.43721
15641.83109
15753.21546
15884.17564
15503.03791
15746.37945
15914.48420
15845.43830
15976.52365
15924.36133
15857.53230
15795.13107
15627.92970
15684.24597
15572.30017
15798.13444
15889.72869
15844.72608
15705.77357
15597.11048
15610.18124
15598.54097
15469.70212
15866.00331
15761.55688
15953.39299
16030.86500
15894.74574
15657.54297
15593.52845
15729.33367
15912.00968
15682.67001
15836.89663
15909.99269
16024.91616
15931.37949
15916.82801
16093.29047
15763.76534
15778.02514
15720.13033
15778.52471
15737.60653
15724.30040
15555.01617
15462.37866
15694.90826
15790.84199
15662.84677
15681.62505
15778.39978
15695.93984
15596.35999
15831.24224
15754.77612
15498.98219
15796.36716
15912.22868
15886.35892
15789.69367
15885.45146
15960.16099
15818.24064
15723.74852
15833.96429
15648.50560
15854.18567
15766.50957
15732.07603
15720.64946
15656.93799
15838.57679
15819.85800
15863.72038
15998.30895
15825.85691
15829.53511
15685.57549
15871.15103
15749.73136
15833.63898
15678.57336
15658.26863
15640.25087
15804.85865
15795.85401
15820.42088
15965.03074
16038.50209
15943.05555
15819.86662
15786.22890
15993.26188
15760.00638
15744.69444
15816.15136
15851.59144
15632.00315
15815.05359
15890.69618
16007.33634
15783.35964
16124.65282
16073.76571
16098.97578
15988.58780
15895.14575
15849.84151
15953.94898
15721.78418
15931.95476
15773.80568
16007.17278
15780.10617
15979.90017
15824.93566
15588.29067
15610.70789
15781.38380
15973.31361
15919.95649
15576.51181
15869.87842
15778.28438
15929.53107
15957.79289
15759.49460
15981.85053
15821.21879
15896.40108
15839.83048
15733.31901
15822.35120
15801.45401
15837.22739
16062.68076
15937.05776
15810.28067
16059.55983
15779.91968
15704.78822
15907.21835
15893.47676
15794.20619
15683.63935
15846.11169
15717.31689
15820.20994
15665.70350
15543.52139
15721.43896
15694.03194
15652.97124
15815.20351
15912.46598
15785.34720
15839.02039
15953.42397
15873.22189
15645.74075
15744.25743
15787.84147
15686.68011
15869.21273
15724.56963
15749.96476
15798.14848
15812.96303
15884.96751
15875.27444
15953.44447
16041.99338
15947.29510
15832.60467
15513.04355
15599.33824
15717.70704
16055.64961
15705.74416
15524.46558
15731.21138
15845.81554
15611.34652
15953.36428
15919.66681
15827.75175
15704.15226
15691.41898
15809.48152
15670.23718
15615.74108
15744.79171
15950.67873
15876.13868
15851.48989
15730.97094
15961.53488
15808.17547
15697.68413
15846.72203
15921.10452
15949.04731
15797.79721
15849.58236
15743.94289
15685.13910
15707.55864
15726.34247
16048.69709
15839.24240
15811.75696
15786.04488
15938.54665
15859.91141
15855.16870
15760.75628
15576.62135
15872.65477
15803.10966
15941.02065
15990.66278
15936.24849
15702.97135
15942.11090
15829.58525
15727.46001
15723.62751
15860.65568
15666.28994
15791.46839
15742.66415
15875.43055
15928.04452
15792.20210
15937.75338
15749.69711
15681.60737
15955.47510
15848.62078
15809.40232
15796.39519
15995.16330
16087.40988
15973.82073
15676.12535
15656.59319
15697.73623
15816.24924
15853.11693
15753.49120
15866.22318
15703.58423
15624.86195
15745.53650
15711.70343
15899.77818
15772.26670
15805.73893
15726.94468
15712.74140
15763.47386
15900.69732
15884.08757
16053.78879
15872.32063
15903.00413
15904.08862
15948.25787
15799.51806
15842.52737
15727.30811
15932.08382
15909.96350
15869.85696
15822.24050
15932.26797
15895.90162
16000.54058
15805.84657
15942.80852
15853.06459
15872.45092
15937.16648
15915.02245
15703.38454
15806.03118
16145.12191
15905.65274
15702.56594
15840.17042
16161.68168
15720.14888
15576.28011
15629.21131
15873.28559
15895.59067
15587.74092
15977.57616
15797.63228
15953.08167
15657.15676
15557.35374
15783.34092
16015.57833
15667.92138
15876.14526
15856.75166
15844.81587
15767.81295
15798.46143
15795.58318
15528.72351
15776.26935
15607.14342
15744.91049
15674.13368
15654.27954
16105.27644
16206.25155
15792.68523
15728.52453
15735.30188
15889.17911
15776.99325
15728.07716
15698.84093
15642.74073
15801.40328
16008.75946
16101.22983
16117.16991
15771.38874
15630.74798
15678.30435
15546.46891
15706.85665
15831.89850
15962.63465
15915.53449
15599.32249
15725.43422
15816.48662
15840.54932
15734.24649
15691.25375
15516.62444
15940.58238
15944.10954
15738.95788
15672.24932
15941.96794
15736.35669
15583.22504
15626.41210
15892.19308
15774.50863
15797.30083
15968.22667
15699.00602
15554.30713
15799.54245
15927.54035
15781.92926
15748.06469
15877.04179
15650.02154
15862.46513
15717.28336
15922.39672
15789.34681
15758.02622
15986.32029
15885.24526
15975.40542
16017.96080
15898.76118
15824.61058
15913.77345
15978.86542
15867.35921
15661.68407
15653.88580
15865.21734
15989.59843
15844.91479
15787.26372
15807.13875
15664.86149
15669.80003
15696.88032
15965.91726
15728.01332
15560.70825
15667.71798
15864.64647
15725.81307
16069.33610
15873.43014
15797.12114
15884.50360
15828.54023
15925.44695
15837.72187
15762.04587
15877.84164
16027.62108
16178.10441
16094.41674
15964.44137
15974.05114
15874.96505
15990.09878
15911.72155
15876.18597
15780.98588
15634.54714
15565.09583
15875.87043
15876.07017
15798.93335
15933.28013
15744.72037
15650.42558
15527.27713
15655.93457
15796.14299
15824.05996
15812.65050
15992.50202
15703.39022
15709.20586
15812.31433
15702.22257
15508.36312
15541.23858
15862.30655
15855.65656
15655.15757
15888.62908
15657.96411
15467.45469
15604.71554
15816.73932
15900.82215
16014.04978
16033.00282
15798.17596
15730.10409
15750.93859
15807.85966
15698.43052
15528.90526
15887.38511
16008.25544
15741.05480
15824.81320
15933.11791
15837.90083
15869.26673
16163.05195
16008.79628
16043.48898
16031.66940
15575.39520
15569.38875
15856.21691
15955.38210
15826.42154
15915.59109
16022.33518
15959.98532
15831.61477
15664.65872
15727.26283
15881.56575
15732.68891
15912.85774
16111.62281
15860.83599
15810.68830
15883.74403
15744.96868
15881.95720
15632.78918
15410.47500
15618.37409
15764.23595
16050.74624
15792.78753
15825.11244
15804.69386
15666.49472
15570.60672
15522.04686
15575.55824
15555.07742
15706.46863
16176.01648
16108.40804
15810.68862
15718.66402
15930.31850
15813.62174
15822.98258
15569.68536
15825.59561
15820.44575
15693.44672
15616.41205
15883.24024
15854.43065
15823.69484
15883.71393
15911.79641
16139.29686
15826.04320
15746.49360
15839.84621
15827.64588
15935.81733
15818.90341
15654.14884
15704.18902
15909.86480
15950.86701
15955.50962
15986.50038
15988.65476
15914.05938
15716.58211
15618.49478
15628.70699
15577.06612
15792.79881
15908.52555
15800.18699
15891.25838
15779.02696
15705.34700
15686.06645
15807.65511
15928.73197
15705.76336
15897.31514
15987.23448
15789.81855
15725.32029
15566.62418
15850.08944
15719.78185
15913.24019
15775.76429
15629.93096
15685.52384
15585.30976
15669.85107
15886.36509
15868.62724
15836.94297
15957.09902
16081.18895
15971.31188
15718.23371
15913.07983
15819.22852
15782.38018
15837.83822
15798.56265
15885.47418
15788.89086
15770.33320
15841.45610
15948.31289
15757.49157
15598.33397
15498.10069
15983.96664
15696.47273
15971.11546
15813.44296
15839.49050
15656.90279
15724.61312
15781.96967
15560.95910
15632.35824
15623.77572
15858.15345
15720.00673
15847.64285
15934.62122
15740.25058
15860.07652
15804.52412
15545.52018
15723.09565
15866.26159
16086.55152
15917.15937
15796.73545
15846.50305
15805.95333
15803.87228
15918.70516
15805.89808
15761.25215
15617.65799
15585.41879
15667.35922
15767.07291
15773.67697
15836.57971
16062.15703
15831.49973
15981.03223
15965.28404
15605.36571
15927.86342
16093.10397
16065.98849
15802.45573
15871.66526
15711.77981
15738.74746
15913.19982
15769.78379
15640.44987
15609.01278
15673.78707
15772.68933
15659.31469
15805.26586
15652.01516
15795.57385
16098.08888
15832.35867
15661.64961
15782.72900
15879.83950
15943.72342
15725.49615
15892.23388
15749.56780
15909.31019
16253.02884
15960.97503
15995.66590
15961.03126
15745.45618
15492.90813
15689.87862
15732.43996
15860.57629
15847.00901
15894.08793
15803.15596
15651.63227
15874.54402
15688.62946
15968.70966
15935.36119
15964.88527
15926.62791
15837.96143
15938.01527
15846.11975
15788.70445
15670.33112
15743.93764
15791.49525
15823.55691
15662.47799
15555.72053
15537.73624
15637.78767
15675.10558
15849.90208
15851.96663
15594.10877
15693.23280
15855.60894
15887.28149
15746.49888
15874.63563
15859.51417
16241.42944
15820.45091
15829.13497
15900.73619
15839.54815
15755.81005
15722.27598
15503.32044
15694.73167
15762.79928
15535.72302
15726.34334
15951.91683
15794.04197
15685.93153
15946.35990
16068.88057
16035.28395
15913.17946
15786.07555
15517.60517
15942.00498
15597.00794
15633.93347
15639.71518
15753.15485
15841.50333
15790.69389
15923.44246
15716.11712
15710.47017
15690.66909
15786.19773
15656.06161
15692.44422
15718.75727
15945.18329
15660.18125
15776.99491
15946.82178
15923.83773
15872.02224
15786.15416
15959.40644
15909.45649
15864.38993
15862.03269
15748.90531
15761.29945
15545.55291
15456.99370
15657.27597
15931.00318
15750.42260
15754.50243
15796.86716
15949.10472
15858.30631
15508.50293
15722.20217
15664.61490
15783.78444
15870.54840
15935.78762
15802.73621
15745.24734
15764.64514
15690.57586
15732.30578
15809.69725
15642.10672
15603.99667
15686.47775
15861.99376
15784.56005
15572.21264
15990.92474
15767.44723
16053.70690
15813.64861
15680.24692
15714.78664
15888.18839
16047.75732
15833.62446
15836.09932
15759.30727
15786.78260
15678.01493
15773.94683
15767.95070
15709.72700
15724.82932
15806.84815
15671.61891
15611.90136
15830.21573
15828.14603
15721.38262
15926.65680
15873.23288
15801.89486
15705.93367
15755.21934
15660.21892
15585.20354
15819.25959
15636.96862
16033.86440
16042.91513
15726.09806
15938.00570
15831.63007
15793.12640
16008.97992
15934.26819
15817.30869
15717.79111
15580.47477
15563.60471
15940.01238
15741.46906
15677.62348
15892.88880
15676.59371
15661.91658
15854.35174
15724.63764
15764.22016
15757.36228
15793.12447
15845.61198
15790.76933
15772.49964
15830.79623
15919.92607
15647.48926
15754.07923
15646.27322
15724.57959
15824.99217
16003.90140
15828.03817
15906.14097
15704.32654
15693.06290
15590.38237
15728.13580
15852.67512
15566.43626
15556.86435
15788.49882
15781.86034
15904.23455
15937.55056
15655.20093
15848.78790
15814.57550
15774.43231
15770.90967
15884.18325
16056.47349
15971.85680
15839.71610
15966.98156
15937.91905
15761.57478
15855.90788
15750.83775
15725.41291
15789.51280
15867.76051
16033.64435
16048.77996
15812.25598
16049.05034
15958.94697
15768.00489
15817.83173
15807.27507
15788.48205
15712.71884
15813.40860
15525.61687
15823.67068
15776.45829
15547.58173
15738.31152
15732.39394
15716.26111
15806.00413
15762.74676
15829.55475
15704.82137
15760.97861
15548.11457
15497.24834
15991.24266
16001.66845
15978.23443
15920.46094
15725.45674
15864.57645
15882.52421
15685.41794
15738.64675
15928.19016
15777.23799
15776.47256
15726.71698
15818.22480
15814.33225
15895.64287
15731.82116
15660.45555
15533.14192
15733.86196
15852.08722
15749.30361
15863.93661
15738.97262
15732.80197
15730.64290
15737.46155
16003.31624
15869.50645
15537.50677
15455.20030
15484.90925
15683.49047
15916.34287
15797.35981
15781.28801
15947.00898
15788.80340
15803.26197
15851.78456
15838.12802
15681.59230
15555.94079
15764.43652
15723.06416
15579.16827
15641.84789
15901.00174
15737.50248
15750.21618
15834.42224
15804.84806
15592.57574
15776.90550
15718.20880
15728.99773
16079.27630
15878.37519
15958.90822
15808.82447
15720.44199
15868.18688
15961.89440
15693.43621
15943.68318
15759.81643
15725.84230
15713.50090
15747.33349
15564.81695
15793.07661
15733.54165
15516.75078
15833.32089
15784.92314
15887.24669
15959.01546
15873.81632
15784.15384
15746.62017
15884.87850
15716.19032
15803.75996
15761.16981
15704.04995
15759.99897
15783.33712
15901.93131
15887.19310
15808.96266
15861.76525
15740.98910
16017.25498
15675.28954
15456.67578
15697.88227
15655.53177
15860.23043
15761.23828
15849.50910
15791.84194
15830.48359
15624.16316
15678.91496
15795.35552
15877.61043
15750.32498
15703.90666
15764.32804
16000.33167
15918.73736
16007.27060
15635.71143
15569.07003
15530.65777
15587.81751
15717.42515
15755.43831
15724.32756
15898.08069
15555.87751
15757.57696
15806.78887
15986.74078
15799.79507
15840.71938
15743.30900
15634.33241
15794.71773
15722.17269
15664.56829
15745.69015
15743.43897
15861.66372
15992.31778
15726.61663
15632.10289
15834.24290
15832.37901
15922.67787
16079.44352
16016.85999
15884.80170
15751.95842
15779.71565
15747.94824
15533.22656
15819.83708
16103.49174
16036.85374
15965.16914
15764.90067
15801.64411
15742.54255
15967.72461
15802.11377
15727.65567
15910.53116
15985.69775
15873.46127
15723.81599
15869.70170
15756.00246
15929.30158
15895.13280
15828.01190
15845.81815
15880.99468
15775.56843
15733.99506
15713.65275
15991.70186
15977.05905
15879.46685
15734.75348
15795.07293
15837.81758
16030.77705
15791.36890
15711.03780
15644.18291
15898.32959
15879.32668
15929.54254
15846.97153
16001.80028
15664.48845
15527.73065
15708.45299
15598.10745
15737.69764
15685.33139
15455.67847
15664.33420
15676.99830
15791.11010
15902.64739
15816.42194
15637.55651
15771.71529
15916.05218
15619.49588
15612.33119
15646.50196
15913.75253
15737.96782
15589.70570
15536.39873
15758.90847
15676.24018
15785.73709
15706.36348
15576.93698
15928.54823
15640.81345
15515.93301
15676.02894
15725.11679
15570.49658
15737.20417
15907.08242
15868.82795
15786.86488
15809.73733
15790.73632
15925.08446
15781.24681
15763.34045
16081.13714
15886.06849
15886.87177
15812.32606
15829.22699
15951.09491
15582.36388
15832.56508
15753.87046
15666.58201
15627.91277
15633.55354
15732.80451
15716.53814
15694.07785
15987.89166
16022.06781
16097.18061
15954.28709
15811.42563
15888.99913
15928.56105
15727.73500
15632.72847
15686.49935
15715.62880
15700.82632
15532.23944
15459.57935
15637.71038
15749.28418
15695.56610
16062.37863
16225.29076
16011.29892
15978.96055
15676.06235
15753.40831
15701.65267
15777.77014
15724.56497
15823.21135
16169.45360
15847.00991
15897.79458
15790.94046
15833.45059
15748.33418
15638.71039
15448.33767
15772.55509
15618.34337
16098.17724
15689.44037
15742.88344
15926.41778
15528.74346
15622.71989
15740.28428
15935.55666
15695.60559
15816.24134
15894.56523
15860.61470
15700.45287
15919.83584
15853.91628
15729.12964
15850.69502
15692.19804
15831.65386
15956.48554
15802.35685
15755.33745
15532.99944
15576.80938
15626.01996
15752.52934
16012.39944
15749.68513
15984.12355
15677.71368
15781.32097
15650.73486
15790.75917
15587.98697
15877.66194
16075.22478
15868.74133
15637.73572
15916.44034
15873.43142
15880.99658
15931.73940
15444.71199
15685.70297
15600.00261
15691.30325
15700.82887
15707.91570
15691.28653
15669.50574
15662.95261
15664.09423
15836.86332
15700.92380
15952.85755
15732.49488
15857.94313
15918.18155
15732.99871
15928.79413
16001.92177
15911.13201
15964.98553
15719.67974
15692.29246
15749.25624
15867.39637
15703.70742
15884.42243
15805.23759
15558.81471
16013.22462
16064.94946
15926.52490
15702.77421
15598.87976
15545.46291
15605.01004
15802.37166
15805.89452
15816.28504
15803.61340
15935.08808
15774.63184
15777.84454
15444.42960
15699.55464
15813.64794
15568.15284
15774.50242
15890.70393
15901.10963
15889.84481
15722.41790
15711.30749
16015.45990
15843.59664
15715.89704
15675.33013
15707.04393
15824.54651
15942.26217
15924.05045
15775.54540
15909.57384
15858.37703
15799.84998
15870.03386
15860.41323
15755.07431
15857.74477
15518.86860
15916.35416
16008.00730
15999.52135
15830.73474
15676.91179
15665.14573
15872.81645
16128.53185
15958.60402
15944.69706
15886.33700
15589.75720
15757.14420
15633.18801
15778.90112
15865.55035
15854.47866
15510.48832
15565.14926
15825.36727
15732.63384
16065.03046
15949.76449
15676.39274
15742.14244
15985.08225
16015.76010
15743.92220
15624.42484
15829.75787
15928.62642
16027.88832
15769.18901
16060.97473
15893.32503
15989.13024
15688.50710
15820.89939
15601.61437
15692.74460
15670.96591
15664.96702
16028.49937
15930.44777
15828.80970
16041.41469
15979.22858
16035.04872
15905.20235
15879.11399
15867.66735
15610.79387
15802.36771
15718.28996
15648.91060
15757.60304
15769.26169
15760.15584
15727.28261
15632.45896
15549.46301
15870.32050
15673.58275
15746.25000
15720.26500
15697.10983
15627.69210
15787.24599
15931.77640
15958.15421
15820.70754
15823.35918
15974.31181
15594.50402
15638.63392
15574.47984
15685.57881
15721.09575
15864.20257
15808.19080
15742.57618
15674.47302
15974.23211
15813.51963
16022.71629
15919.57629
15644.95287
15510.79020
15636.74240
15710.02474
15855.44308
15783.85867
16114.61601
15970.85440
15894.03037
15677.20301
15757.39892
15751.60665
15891.84944
15679.19871
15804.56209
15681.60589
15494.53142
15682.44844
15658.14175
15799.44786
16081.76548
15588.61445
15852.14165
15848.54209
15938.52337
15988.87545
15738.67775
15800.63518
16056.75734
15770.71410
15864.14357
15937.56960
15882.68649
15644.02371
15752.58057
15682.70378
15914.13229
15876.75160
16011.38808
15794.17531
16012.14904
15782.65048
15934.19690
15963.26221
15895.55754
15887.89464
15919.77491
15848.11536
15721.83345
15654.17033
15766.13657
15830.39882
15937.82968
16250.98035
16248.18707
15785.58808
15547.47464
15814.42543
15917.98856
15863.40260
15798.41691
15710.96329
15731.27359
15634.39156
15713.41803
15869.72914
15784.98779
15661.74211
15705.82645
15711.64153
15977.03036
15832.31298
15813.70761
15791.64150
15677.91542
15686.07955
15847.63123
15630.47841
15686.74583
15629.47748
15702.27951
15768.05153
15757.95943
15757.36470
15628.50282
15469.38877
15754.70020
15804.71261
15725.92439
15644.50261
15851.53318
16049.21354
15872.81057
15819.56402
15905.44369
15864.63833
15950.44197
16080.01219
16130.66382
15856.03080
15797.37830
15834.89968
15880.62709
16120.65924
15743.69260
15611.66050
15694.37126
15834.36460
15790.46705
15603.19656
15725.66052
15630.05671
15646.56478
15879.61581
15779.55225
15990.37992
15829.00288
15730.28662
15670.76764
15526.22187
15524.38126
15510.61896
15690.05744
15753.78782
15625.88988
15591.79983
16050.65058
16034.73953
15959.12844
15964.17526
15976.22069
15902.09705
16056.88247
15883.82555
16094.46953
15934.82540
15771.74317
15744.01865
15830.69866
15645.70209
15642.48712
15863.21925
15927.71872
16042.43615
15602.07537
15847.49234
15791.69156
15841.68681
15978.63997
15903.68549
15939.23416
15768.46050
15775.31023
15906.68921
15925.11757
15963.21254
15502.47533
15830.51469
15811.26054
15617.36564
15718.98268
15634.20022
15800.58083
15783.68468
15707.81045
15670.97672
15816.19123
15560.37634
15946.37991
15833.76481
15828.42527
15724.00207
15681.44652
15537.36521
15681.70566
15818.20138
15594.57288
15535.86479
15614.17065
15828.75091
15886.80241
15683.62300
15504.12942
15857.11407
15953.62718
15959.77172
15996.15990
15727.73209
15618.11668
15538.73037
15510.97016
15927.28585
15783.58506
15960.49469
15964.63268
15781.58712
15667.17155
15875.48000
15860.62736
15749.17055
16056.61597
15758.85357
15940.54830
15936.25499
15945.62702
16029.04239
16155.51756
16174.79529
15683.93175
15707.45947
15713.80837
15947.33193
15852.97310
15735.55898
15831.32551
15830.36237
15577.99464
15690.17267
15920.97682
15796.88292
15516.68242
15654.45523
15746.66797
15778.12182
15694.83238
15731.58536
16008.21453
15983.22578
15822.80808
15681.62565
15811.70767
15873.03582
15800.90492
15883.50260
15887.81392
15798.67894
15827.08343
15702.66366
16011.56063
16186.05141
16199.18705
15889.54010
15578.55902
15809.58381
15890.90634
15640.77103
15878.81733
15899.81876
15899.05596
15713.82864
15748.49613
15640.27082
15838.21824
15916.49935
15881.09791
15806.28833
15715.75072
15963.84567
15935.18364
15822.48210
15720.21770
15777.88737
15595.61210
15786.58313
15931.98124
15802.78679
15656.14528
15834.57655
15803.76280
15823.84947
15931.87145
15743.39489
15906.81597
16009.33954
16004.12918
15787.47232
16003.49575
15966.86825
15598.31829
15724.99130
15752.73005
15955.64205
15907.85160
15566.77983
15582.54365
15903.72997
15935.17915
15945.49119
15907.25201
15966.85134
15995.99653
16080.28523
15639.24237
15588.84566
15454.99444
15524.10473
16037.38724
15879.10721
16127.51688
16032.65933
15875.27063
15484.48503
15842.31044
15821.06014
15790.18018
15802.02108
15880.19496
15918.81708
15824.93110
15813.45943
15758.02846
15850.36115
15821.55055
15671.08220
15537.57580
15708.07688
15702.06443
15866.05236
