15250.33794
15440.26340
15406.64069
15552.93682
15699.51204
15584.99960
15614.03363
15486.40081
15327.56096
15295.78956
15441.07637
15358.38349
15573.53857
15588.85313
15346.69159
15409.52263
15428.53835
15410.54373
15435.34856
15521.92975
15443.15022
15404.36434
15532.46396
15274.81891
15197.13882
15326.60654
15358.83377
15336.51665
15266.70150
15201.82406
15283.51164
15287.12746
15380.04392
15547.92423
15373.62001
15481.46237
15428.75343
15366.94306
15569.81105
15355.41925
15403.64825
15689.62916
15412.78826
15423.36789
15498.17296
15589.47014
15506.87635
15385.55027
15320.96565
15137.82038
14986.84911
15073.02306
15311.54315
15382.07431
15454.69772
15430.39801
15439.64208
15470.79465
15404.97810
15262.16194
15312.21535
15252.47051
15296.52906
15162.67644
15274.11223
15352.57618
15353.41863
15276.54965
15622.60936
15382.96956
15315.08544
15267.48450
15102.83592
15290.87465
15373.90066
15392.97910
15286.41161
15256.05614
15254.93334
15323.90703
15284.85310
15411.98550
15291.29212
15273.62669
15401.17633
15398.58856
15277.99603
15334.56013
15348.77552
15479.88010
15484.82042
15325.35469
15517.52341
15388.55040
15261.44454
15428.04935
15332.44012
15272.70025
15251.59811
15348.49924
15172.56493
15383.16648
15188.04938
15266.67179
15415.87137
15554.33984
15358.56210
15315.31115
15397.29308
15351.09056
15111.82294
15097.90025
15122.35615
15205.11036
15229.87452
15311.26680
15343.37533
15178.01081
15227.49680
15186.36864
15242.96522
15232.88436
15253.33998
15346.77513
15217.19846
15136.22308
15203.81487
15107.02629
15102.08995
15261.93919
15241.42140
15379.10673
15386.91155
15216.14950
15464.50508
15466.21927
15452.89788
15551.60753
15468.66662
15354.49634
15232.68946
15404.93353
15378.31255
15240.76759
15289.84553
15435.35865
15517.08994
15649.31080
15297.40050
15360.13131
15415.66648
15237.03731
15149.87454
15229.39415
15420.83492
15445.37372
15336.88851
15297.72732
15332.47160
15330.10203
15429.87181
15349.41004
15374.94537
15375.19785
15485.32264
15565.28031
15485.10894
15269.41814
15203.99113
15085.58538
15315.80271
15198.22124
15217.17406
15290.29227
15349.09578
15382.78310
15432.47561
15294.97974
15280.03142
15360.97792
15113.93661
15149.46302
15238.44151
15347.90332
15428.35979
15395.25238
15441.83619
15376.24266
15395.81839
15502.86008
15222.43486
15324.84630
15246.33760
15333.52811
15361.50970
15437.95329
15394.35028
15384.44859
15378.82482
15282.52054
15215.30867
15359.21804
15263.71727
15531.09928
15372.06251
15292.04078
15345.92774
15393.13733
15307.55995
15182.21996
15307.68392
15307.59985
15511.57423
15378.23438
15300.32673
15299.31707
15401.94683
15359.79961
15359.39234
15361.34819
15510.74262
15601.25003
15546.48200
15286.36063
15331.80733
15196.81248
15116.94317
15181.56266
15187.87522
15372.49540
15427.82949
15498.79805
15725.80269
15648.98714
15614.45496
15479.08980
15372.74846
15141.84195
15358.17741
15415.14468
15248.56008
15243.97012
15158.89215
15087.96838
15067.10220
15257.49826
15388.95064
15399.56269
15333.23187
15338.05142
15546.42195
15410.49010
15288.85689
15373.09105
15354.05646
15591.50502
15378.59052
15273.72624
15298.81393
15338.23227
15156.61766
15304.17195
15407.29259
15557.38653
15504.80902
15559.59196
15517.02217
15568.50128
15535.99928
15677.51505
15455.72800
15505.59549
15501.97574
15389.86361
15367.85992
15534.65211
15424.71402
15396.51987
15678.44162
15517.35198
15421.29372
15446.23126
15666.21692
15649.54461
15462.76765
15419.50884
15459.32990
15413.51687
15430.36995
15498.06217
15448.39086
15479.97589
15398.70616
15392.84157
15465.50457
15384.41251
15171.35463
15209.40267
15233.47009
15283.01710
15394.56964
15385.81572
15453.33328
15465.55078
15285.62487
15153.74740
15481.76361
15383.52177
15277.17497
15557.15665
15445.00502
15327.90532
15423.30988
15379.21832
15363.39801
15568.72350
15516.99669
15655.52579
15606.82277
15542.69314
15482.45320
15458.80944
15543.06814
15680.66290
15505.39063
15323.14353
15353.28319
15411.29066
15431.15958
15264.57909
15375.13688
15277.44927
15208.82967
15293.21257
15238.26516
15145.51234
15318.01049
15380.65484
15284.49758
15302.28292
15328.49462
15473.75158
15392.83611
15382.75534
15456.93833
15309.65154
15360.91780
15300.32837
15213.57051
15204.97374
15321.31032
15287.19638
15236.65411
15233.79036
15237.89171
15411.83339
15618.93304
15549.47366
15485.48218
15542.19058
15449.90824
15615.64231
15481.95637
15519.79308
15414.47413
15244.18909
15362.87367
15323.05211
15336.02433
15449.62226
15231.52261
15340.84566
15365.70016
15538.86396
15356.64123
15343.02830
15339.70910
15400.64439
15342.91437
15599.58097
15619.97770
15459.14044
15419.96172
15195.07892
15476.54171
15551.38719
15471.63876
15343.68075
15439.16189
15477.73734
15618.56787
15652.59272
15593.24227
15379.23511
15461.75318
15376.59452
15319.16577
15453.47219
15573.14482
15477.68514
15326.04163
15380.27002
15481.93824
15216.28307
15129.14802
15255.93625
15264.74704
15397.80629
15408.41343
15381.26913
15319.88953
15272.37618
15531.48407
15361.71547
15495.32756
15530.28013
15299.84060
15176.06695
15199.74620
15122.28137
15302.22377
15304.68652
15170.61663
15231.34242
15280.21872
15342.17192
15242.72570
15386.23355
15265.93070
15107.69499
15109.87602
15184.34846
15262.09323
15347.15573
15217.29008
15087.49670
15407.84756
15377.36638
15176.12929
15296.12055
15268.87907
15549.26857
15558.68790
15533.81341
15486.88942
15339.42590
15423.22112
15413.20767
15317.32829
15140.33522
15250.35728
15284.81394
15252.59919
15082.13480
15044.09034
15321.11952
15276.06666
15368.42305
15372.03941
15251.23008
15451.34535
15358.29284
15494.75779
15434.12504
15316.34918
15532.92388
15479.02294
15373.01958
15395.04580
15599.01173
15719.32089
15496.85941
15530.87724
15559.73587
15636.03895
15574.66966
15479.25926
15404.58214
15255.89340
15336.14564
15398.72765
15311.22674
15296.10950
15207.53526
15317.43332
15263.48941
15339.63169
15371.09570
15551.05355
15476.67683
15565.09538
15775.05464
15611.59620
15486.48995
15520.55157
15521.57545
15380.05005
15567.13409
15778.14745
15374.00882
15235.74598
15393.46154
15285.31798
15485.55610
15341.83570
15217.77149
15407.27116
15695.85351
15560.41597
15410.93121
15164.78150
15221.49216
15428.58323
15378.12455
15225.06301
15386.95190
15556.40285
15498.52660
15610.15519
15376.10994
15411.86994
15553.07018
15299.84412
15175.35407
15127.78671
15048.95862
15216.48386
15260.94934
15581.81243
15567.52008
15560.06810
15779.71350
15696.42800
15480.48122
15511.90039
15322.82425
15348.48689
15551.30783
15507.01808
15329.58193
15290.41153
15484.92642
15565.84873
15269.29880
15440.89332
15378.94029
15402.85925
15455.44610
15414.91159
15300.94909
15343.43276
15403.99971
15360.87311
15440.22153
15341.53305
15458.94693
15402.25408
15584.92963
15574.74334
15696.28240
15503.55484
15443.19910
15435.71350
15770.03854
15617.64312
15433.36938
15460.28183
15475.08902
15278.80140
15380.69039
15194.39561
15274.66271
15522.85325
15402.08540
15354.59083
15314.51917
15400.88506
15292.70060
15404.94215
15634.97018
15386.13914
15448.41232
15293.02220
15085.46969
15203.31169
15115.67049
15211.52714
15083.76986
15160.81903
15093.05983
15226.64216
15229.63255
15253.73264
15333.98995
15258.60377
15151.88297
15216.12808
15188.58985
15377.13900
15349.36700
15449.17471
15568.86164
15372.39482
15271.27285
15247.67580
15446.63278
15329.31688
15358.67553
15152.96304
15269.71143
15330.71737
15388.31243
15395.06961
15548.56196
15498.75114
15334.07418
15362.41127
15493.76673
15628.05047
15467.11889
15393.37746
15362.07691
15295.69962
15481.28374
15520.30503
15442.00302
15309.02688
15212.37420
15390.53927
15363.93553
15482.24682
15486.58632
15603.60885
15745.69883
15615.01749
15589.50126
15574.63012
15431.23678
15414.22094
15390.16984
15464.46534
15778.85790
15671.91739
15568.18623
15668.65109
15749.22536
15600.19136
15712.11960
15531.53042
15380.10585
15373.74879
15341.41240
15492.80882
15506.36053
15361.65693
15382.57417
15377.46522
15319.64971
15235.51280
15173.20366
15342.97118
15313.19833
15336.20336
15481.41445
15624.34902
15660.57699
15890.89772
15743.69908
15638.12877
15490.51128
15453.48879
15519.86115
15246.89680
15231.55214
15219.91066
15252.85959
15375.94935
15458.06186
15414.76084
15349.14226
15370.93024
15328.35273
15229.02083
15556.83827
15384.28489
15468.71426
15621.36552
15434.21310
15360.03331
15480.92283
15533.76770
15509.97875
15285.83801
15359.30341
15303.73451
15240.17987
15089.13734
15266.17991
15228.78687
15317.95809
15338.46688
15385.86854
15316.44884
15161.89302
15380.92517
15505.29610
15543.48811
15559.13071
15584.24280
15458.60936
15504.96568
15572.64224
15437.06690
15566.68105
15471.76982
15326.64868
15264.28052
15483.68653
15608.01424
15493.49846
15155.32360
15304.82117
15334.54648
15294.08043
15197.50959
15231.37869
15258.61699
15173.99444
15002.16518
15269.42609
15382.37788
15221.54363
15230.03011
15210.68037
15204.78470
15242.66273
15320.76389
15299.38635
15311.62284
15322.94319
15483.03009
15585.97203
15332.53547
15345.00445
15467.66616
15334.57716
15403.84691
15466.00896
15371.08422
15148.16592
15288.53608
15324.95974
15252.78558
15135.62066
15105.61470
15361.40695
15322.84181
15321.17735
15446.09151
15517.93992
15455.23769
15351.58720
15410.17511
15376.44028
15312.90638
15357.51707
15288.37812
15261.57716
15349.46021
15388.26289
15406.52923
15463.70448
15486.41760
15437.10624
15401.88649
15452.25733
15328.39764
15585.98875
15315.61071
15262.90354
15143.46279
15136.97786
15118.74702
15255.96868
15291.52309
15291.51197
15044.06868
15072.21705
15258.33809
15264.27722
15364.65718
15370.83901
15398.13246
15402.91460
15378.91164
15351.28939
15178.31796
15274.11848
15428.99987
15477.25342
15341.61588
15293.21934
15426.54374
15312.01832
15210.12393
15227.56997
15228.82735
15090.84016
15220.89919
15215.44474
15224.77733
15401.07337
15187.48175
15123.65872
15057.78895
15213.87471
15380.94181
15685.92836
15708.37631
15526.01235
15505.77940
15302.17212
15329.52754
15324.34718
15341.92784
15081.46422
15189.64485
15255.48826
15271.45954
15440.81987
15368.48324
15597.49318
15454.44291
15310.93483
15304.04372
15136.05572
15040.65153
15331.32072
15305.05182
15386.34935
15469.73040
15328.30911
15279.90008
15333.62129
15354.63439
15215.59733
15401.75377
15198.85395
15454.42095
15205.22812
15570.32607
15531.47602
15344.83321
15415.22199
15349.47755
15558.68349
15334.46243
15394.53706
15357.86396
15379.02716
15446.58112
15287.81470
15271.09110
15399.89405
15411.24773
15296.71096
15476.51180
15419.18057
15267.02625
15318.30625
15502.46961
15568.53706
15452.89895
15437.12447
15343.70582
15439.65137
15524.72094
15429.54606
15454.69670
15311.49259
15238.29009
15377.04549
15427.67061
15369.45316
15223.20412
15054.65013
15059.10350
15210.88693
15303.08360
15379.89059
15381.17947
15479.18046
15306.56745
15136.77534
15299.98633
15340.55981
15448.41205
15389.20973
15259.89649
15480.51959
15284.04438
15481.79532
15469.97891
15572.35117
15524.96361
15410.84914
15498.63347
15262.48112
15338.25400
15433.40688
15421.38630
15351.81948
15445.59460
15425.38757
15392.68484
15289.85193
15259.88038
15453.88418
15406.66444
15291.30370
15403.53306
15574.10732
15493.50001
15536.36307
15410.51694
15326.19920
15587.10817
15361.01765
15448.93948
15572.56368
15501.08424
15592.73452
15350.22851
15470.06723
15424.27224
15265.16252
15365.26815
15367.95246
15290.81541
15156.08777
15128.67017
15302.30423
15284.45386
15309.83672
15261.99537
15123.52874
15232.16402
15335.81925
15490.00645
15541.08411
15529.04214
15364.45077
15129.68090
15266.27741
15286.97347
15273.90370
15291.82249
15149.08064
15292.16749
15476.07991
15638.66174
15423.76632
15706.23778
15670.07689
15697.44229
15385.52194
15504.24326
15636.33985
15702.35402
15499.98919
15517.90713
15340.09797
15337.18883
15363.32379
15280.99792
15497.68590
15539.99421
15593.23120
15413.58801
15551.90573
15575.82662
15422.32921
15310.43905
15199.01561
15285.46594
15388.48641
15114.74996
15251.89356
15444.05671
15527.07394
15511.35935
15455.16810
15193.80960
15059.76788
15315.84554
15359.62332
15259.28546
15526.86344
15614.71555
15532.63281
15537.52559
15410.58709
15167.62233
15313.23220
15271.70289
15499.84265
15644.85279
15537.72507
15364.27667
15193.28636
15331.98811
15445.31509
15495.84640
15660.23084
15500.90572
15538.90232
15608.01658
15519.60384
15543.00675
15535.55249
15520.60638
15731.17505
15712.89942
15828.58102
15745.66301
15445.70288
15489.16089
15479.01955
15409.91892
15458.64272
15447.25425
15309.63932
15314.09071
15180.34832
15257.20371
15455.45218
15453.45198
15511.24513
15434.78850
15544.51253
15446.60691
15264.53094
15294.48449
15235.14683
15306.08803
15254.17445
15159.56369
15224.08299
15186.79424
15324.42269
15301.21658
15192.77387
15372.56399
15433.85915
15387.11572
15505.32838
15570.80701
15310.95682
15454.65921
15450.24379
15373.66129
15318.09648
15443.74932
15452.32682
15418.04349
15487.47745
15582.06907
15580.96320
15518.82732
15464.11021
15544.72918
15536.35437
15681.30916
15516.99943
15376.15487
15447.94872
15341.56095
15472.79103
15535.76812
15411.40702
15397.31401
15387.93963
15460.96249
15218.61990
15231.60716
15286.83406
15275.64020
15251.22593
15340.85870
15336.37740
15395.40489
15369.12021
15502.91806
15323.33096
15395.11793
15583.52059
15765.36724
15570.13347
15454.31595
15524.48388
15342.44298
15397.87054
15497.36679
15494.34794
15670.64767
15475.72285
15436.33060
15303.42354
15306.49861
15207.84893
15190.19680
15374.73062
15370.45130
15337.40477
15420.65380
15437.54792
15450.34509
15435.23606
15496.52128
15551.67550
15441.52937
15303.01330
15240.57897
15205.58797
15307.94915
15431.00736
15290.13142
15589.78905
15531.90097
15431.67359
15274.21262
15360.27387
15377.67523
15245.55453
15280.26626
15330.11001
15400.14743
15369.61583
15391.21184
15443.15413
15445.04549
15580.08363
15496.39904
15536.39541
15451.25099
15400.45130
15412.86637
15404.93882
15345.22162
15477.82669
15511.95237
15311.14584
15211.03857
15256.87157
15328.78577
15343.28935
15323.95255
15165.84845
15393.67958
15304.83109
15254.90391
15453.10852
15348.95069
15422.46830
15368.94120
15347.85250
15192.60716
15223.96626
15112.70341
15159.23125
15361.67553
15373.62411
15283.20352
15344.79451
15321.65989
15310.05580
15239.21472
15359.38733
15451.49964
15431.65808
15379.56769
15552.68876
15694.56415
15532.24824
15333.12457
15431.43788
15434.92474
15300.32829
15545.06719
15551.56456
15668.26873
15499.38147
15424.58162
15536.81970
15465.18413
15305.05170
15458.43752
15378.54155
15431.45615
15488.86685
15268.31458
15178.43269
15223.46616
15322.69516
15300.15521
15279.29330
15303.22091
15177.41240
15441.25198
15284.97709
15283.58484
15233.74187
15334.67992
15579.83345
15399.74854
15493.92234
15541.84359
15319.25299
15367.41432
15255.17184
15328.74880
15196.56274
15332.77520
15295.32401
15326.84278
15127.03563
15305.29352
15266.25660
15399.60329
15376.41523
15465.56111
15418.49750
15155.75755
15337.13252
15256.08253
15325.53725
15383.15120
15542.16703
15636.45886
15664.13478
15425.18661
15382.96900
15245.19671
15289.64943
15290.89963
15443.32973
15439.15269
15470.39312
15542.00377
15693.77377
15487.50988
15207.33878
15279.96674
15129.91685
15251.71249
15378.59636
15312.86622
15241.89650
15186.13271
15283.29323
15119.93060
15274.73234
15438.01385
15361.42456
15190.23136
15228.02129
15187.11308
15247.98894
15264.11532
15350.02198
15091.62335
15181.02774
15226.54156
15285.72049
15118.27242
15272.03938
15208.98377
15432.78407
15501.56551
15417.21486
15526.63707
15557.00704
15468.67623
15583.96171
15536.06105
15313.91139
15200.25444
15169.29502
15209.14277
15093.08891
15215.95358
15263.39626
15355.28823
15487.42822
15533.15317
15317.43522
15506.68952
15549.87144
15674.09203
15375.50819
15412.94281
15482.59139
15356.33871
15245.00814
15386.45079
15258.70290
15183.03779
15269.35576
15122.37913
15024.19936
14916.09706
15183.62496
15320.13152
15451.14287
15355.02188
15337.35619
15318.26874
15380.73322
15226.56609
15326.58666
15440.61511
15652.18677
15621.14139
15585.92206
15470.24324
15357.80928
15314.16347
15116.82624
15212.45522
15250.91978
15257.47979
15075.06931
15404.95317
15264.37822
15078.06106
15091.53596
15240.20369
15185.03576
15296.47326
15270.84341
15591.22279
15627.05243
15589.86418
15396.18007
15445.08501
15443.04978
15503.77163
15750.45646
15400.27553
15233.06323
15331.99675
15478.89786
15444.31230
15399.68195
15285.99010
15373.85311
15292.09550
15270.94034
15390.48814
15442.20223
15416.72953
15574.81612
15679.94237
15578.35661
15552.87900
15444.14900
15265.12075
15092.73718
15289.76105
15344.75988
15291.12261
15242.99753
15427.20088
15546.68076
15336.54139
15323.24108
15434.89095
15332.92499
15422.71859
15345.85479
15416.67531
15427.72366
15385.52151
15362.63565
15259.36936
15252.90924
15328.71269
15196.58671
15210.48917
15235.31408
15277.38922
15293.62208
15265.71709
15301.22228
15536.42198
15618.86660
15674.61847
15510.05525
15381.82304
15283.08338
15395.01205
15556.22099
15476.38248
15487.51019
15552.28558
15609.65731
15324.10553
15392.49825
15401.76132
15426.00034
15401.65961
15383.61524
15372.05218
15349.75425
15404.23621
15592.89872
15519.51033
15455.01869
15320.21898
15210.16236
15390.44106
15300.94332
15428.18779
15381.85889
15237.11685
15241.26369
15222.07944
15514.01598
15592.71371
15589.94789
15739.24766
15763.71172
15659.52627
15665.98947
15667.18995
15786.11646
15945.01071
15631.29299
15479.99512
15443.38997
15317.57337
15151.18704
15253.35908
15309.64229
15418.50157
15497.19764
15612.16868
15218.81598
15306.92340
15375.44630
15321.71066
15442.52116
15233.37057
15233.82436
15296.13128
15271.08523
15420.78119
15295.50829
15259.94491
15299.60051
15289.41666
15328.53750
15373.09241
15410.97307
15271.40692
15054.83333
15149.77177
15136.75360
15323.27631
15133.60487
15107.13430
15212.90662
15224.74469
15200.91567
15296.78372
15319.70087
15363.81883
15557.84039
15279.25428
15482.90275
15434.74514
15584.95331
15333.26150
15085.46637
15160.22425
15149.52003
15080.50597
15153.98049
15279.24994
15258.29973
15318.85664
15511.04070
15331.16730
15556.26944
15271.79420
15328.81525
15135.40454
15291.76814
15254.72354
15371.56954
15476.36431
15149.63318
15175.37104
15062.06755
15353.27625
15233.11098
15298.07079
15290.48366
15390.26478
15456.98406
15544.60632
15274.09624
15382.41929
15283.61825
15495.72550
15335.26712
15349.00838
15552.79414
15642.49109
15581.33777
15418.99721
15392.85845
15503.24139
15587.92755
15447.12170
15408.24535
15439.83501
15248.19540
15244.46563
15217.54135
15310.92828
15315.40242
15306.51666
15412.20549
15771.97489
15737.18313
15321.93245
15309.06177
15496.23689
15517.33726
15499.11483
15422.90680
15364.51556
15443.32330
15257.54193
15304.42045
15293.09900
15335.80123
15250.69487
15246.92663
15360.47275
15285.94505
15254.30776
15365.77590
15550.91924
15397.15289
15287.18306
15585.87250
15516.17755
15414.74848
15248.43372
15262.52412
15176.62615
15341.55674
15374.63221
15417.84759
15472.24194
15439.88438
15342.45673
15222.46062
15129.38058
15143.55181
15072.64500
15268.27783
15247.33401
15374.17883
15411.46526
15486.99865
15345.69299
15339.84615
15205.52403
15194.96500
15462.93839
15600.50915
15586.68819
15363.63005
15282.34178
15313.94138
15333.37173
15121.05382
15160.45441
15088.68125
15324.25471
15337.51360
15356.51831
15359.01432
15485.79681
15445.43126
15565.40439
15456.66475
15550.68593
15606.47158
15522.73111
15487.52895
15445.39802
15589.56187
15768.45280
15525.40248
15621.38729
15404.69908
15251.87969
15124.03231
15370.90646
15467.97021
15464.54811
15484.54556
15326.26517
15215.56126
15170.80551
15239.18070
15043.04955
15182.04954
15310.91907
15253.44497
15254.50484
15310.10449
15287.42847
15376.82766
15300.83093
15308.67195
15345.60386
15580.77497
15603.41917
15363.28697
15593.37714
15509.50370
15571.02012
15396.68129
15394.55247
15485.45182
15489.73676
15606.98851
15468.29696
15581.95499
15543.37933
15570.62492
15599.70233
15571.75437
15588.45972
15785.91081
15524.61876
15221.62261
15287.74143
15032.09441
15234.95270
15426.35177
15346.64038
15449.28641
15223.14100
15316.48893
15386.31136
15130.28317
15417.03828
15429.08148
15365.97398
15367.27637
15340.29506
15477.78679
15474.31087
15414.36145
15362.74846
15559.61319
15458.66169
15233.72587
15244.61228
15210.87173
15351.92368
15375.36156
15417.71595
15156.57930
15353.45097
15180.57143
15372.06464
15310.31876
15328.04468
15510.12608
15363.65490
15267.80489
15321.54451
15223.08467
15225.44310
15342.42003
15214.56965
15341.05512
15295.78918
15654.39257
15653.32581
15608.43408
15416.09786
15557.82152
15503.59781
15644.46838
15512.12692
15263.99116
15387.91019
15555.52952
15496.26591
15516.70289
15562.95377
15369.30785
15405.78324
15274.62202
15278.35019
15364.77931
15407.32136
15265.34672
15647.07165
15709.13605
15656.92832
15564.30222
15599.40746
15569.95526
15454.12370
15540.21558
15628.37678
15582.91460
15331.85278
15540.25573
15522.96861
15557.55749
15402.15584
15263.84426
15388.35597
15176.29361
15264.34269
15327.80791
15343.55740
15205.27286
15446.01094
15448.80050
15505.06179
15467.56609
15188.28787
15198.49616
15475.11206
15216.88591
15381.52816
15339.92354
15430.77695
15324.89706
15209.43858
15435.70929
15427.03630
15519.59090
15523.49011
15632.77831
15398.12860
15405.49417
15268.49275
15286.66431
15057.92854
15276.42849
15400.68658
15450.87493
15372.72324
15397.68338
15666.65562
15483.56394
15573.45562
15510.75518
15604.87953
15452.79606
15322.98578
15365.07318
15314.72960
15239.14776
15374.70079
15311.16533
15249.20810
15245.55162
15215.10705
15408.09999
15367.70214
15217.23775
15454.48152
15562.29009
15543.00179
15345.28796
15316.89010
15370.41634
15414.02735
15431.49375
15535.03274
15475.20181
15602.00999
15613.44614
15695.13966
15650.97650
15559.57525
15603.48854
15407.84359
15472.79242
15344.20056
15569.41231
15693.50206
15491.33780
15573.75026
15543.54548
15410.17412
15401.97299
15528.66059
15512.63346
15325.50200
15544.90923
15582.37186
15600.81497
15514.38495
15393.08983
15410.33941
15144.40056
15222.89296
15402.81637
15580.18369
15605.25598
15550.59560
15585.57728
15697.96994
15672.36832
15470.03133
15300.77289
15245.85817
15159.55783
15413.45360
15330.17307
15221.77733
15246.71072
15089.87758
15198.15947
15172.63926
15208.31105
15150.74998
15369.70306
15208.50993
15393.95037
15321.43143
15153.78705
15335.54988
15456.68396
15214.03212
15451.99547
15574.35941
15623.01678
15531.94865
15516.51175
15552.68105
15548.84646
15417.40821
15603.30155
15606.19979
15597.49285
15366.25594
15344.96086
15318.87874
15475.46088
15599.80051
15337.56890
15565.33507
15689.83081
15558.26135
15535.47718
15788.03764
15572.91181
15482.04731
15472.27564
15282.28487
15469.81978
15296.77032
15233.22191
15367.83687
15539.53804
15508.56560
15400.82806
15429.65699
15336.47081
15386.12867
15251.29593
15174.84859
15121.24759
15329.78240
15292.44709
15482.87647
15282.96605
15402.25984
15499.78102
15311.83884
15515.48109
15440.15305
15547.91509
15628.11612
15604.43490
15620.20567
15490.05149
15527.91110
15471.88595
15370.20985
15222.15791
15313.42858
15413.55341
15446.20695
15200.15205
15264.64612
15511.37882
15307.10955
15166.27880
15397.57503
15574.68279
15566.75192
15502.59376
15590.38760
15630.21501
15620.79158
15421.88824
15288.66166
15389.08975
15394.25145
15363.95554
15221.74364
15327.93674
15199.38016
15133.88986
14983.20678
15158.79374
15053.72680
14979.87167
15241.59164
15248.84398
15187.46361
15369.31254
15509.71413
15443.69499
15713.32973
15357.10973
15466.00919
15321.22043
15390.64084
15418.94934
15463.95285
15643.22063
15551.27985
15405.25624
15370.70308
15273.93853
15285.73034
15312.44401
15083.65645
15265.92335
15274.57657
15347.37370
15448.99796
15466.77878
15434.65204
15487.84629
15424.89091
15560.10947
15324.25687
15201.03246
15232.82664
15615.89377
15647.89013
15693.07991
15585.51147
15670.56368
15430.78243
15314.93228
15471.73818
15505.88697
15462.54769
15510.34927
15395.05526
15441.68555
15379.57099
15397.08213
15226.31636
15208.66152
15233.61429
15377.98792
15241.64675
15517.60368
15376.24142
15391.72248
15244.80349
15363.86204
15395.54449
15508.00447
15165.00502
15467.22980
15340.62615
15382.22397
15391.51228
15472.86336
15586.99763
15452.46320
15313.62112
15445.09044
15465.25815
15548.07679
15490.81024
15591.29298
15714.82829
15657.76094
15461.02887
15535.72424
15470.30736
15355.16878
15390.89174
15422.09940
15387.97956
15304.26471
15427.20207
15425.62834
15552.53332
15466.19961
15468.27602
15585.10874
15419.10316
15372.22844
15316.31836
15337.80759
15398.39177
15400.48385
15557.60456
15473.24760
15348.86587
15297.68925
15368.47671
15332.85246
15262.05618
15143.50283
15076.66993
15145.99375
15291.77681
15395.44295
15192.04092
15259.99795
15378.18557
15461.03848
15447.36877
15484.22033
15441.78380
15233.97496
15407.42492
15318.76048
15202.14649
15331.13723
15334.44270
15294.27734
15284.31286
15300.32233
15156.10281
15187.11851
15244.40112
15206.72376
15178.61791
15204.91041
15237.10181
15261.13391
15308.51745
15210.36858
15236.59454
15263.11549
15099.17353
15272.46823
15458.63781
15446.63587
15466.90292
15529.74656
15391.65591
15410.00466
15518.60428
15508.60611
15626.39801
15431.65526
15442.44235
15424.49271
15706.40843
15278.64469
15223.39464
15341.36849
15451.52735
15377.09845
15456.93480
15433.29851
15332.26964
15472.98772
15517.92841
15430.91122
15216.72637
15335.36984
15498.71422
15487.58997
15594.47052
15271.89082
15497.92090
15279.99870
15400.79647
15490.14805
15272.23441
15291.59289
15425.15632
15382.54381
15491.88208
15347.11171
15483.07969
15509.79540
15494.61427
15398.84790
15425.05543
15288.78840
15181.58495
15206.63891
15179.07986
15110.44840
15387.28256
15337.19884
15272.74088
15220.78877
15173.00769
15370.39989
15308.35355
15427.47954
15416.10079
15337.29705
15285.66607
15294.00597
15392.90132
15555.40582
15460.09447
15448.12294
15434.34517
15470.39873
15451.87429
15615.69498
15605.05728
15540.32882
15424.38467
15536.95757
15356.13923
15365.36593
15397.88339
15358.80893
15234.51446
15251.01127
15120.62694
15205.90042
15456.04979
15504.45592
15629.93791
15653.92468
15455.45991
15301.81069
15176.48446
15271.86456
15393.75614
15254.70705
15220.89307
15211.75362
15188.11558
15250.12135
15214.78329
15299.57326
15329.46268
15439.44517
15463.21514
15339.71605
15336.95056
15331.02195
15392.55455
15576.00724
15451.06240
15354.97218
15184.48276
15170.50441
15183.84884
15208.36107
15357.52405
15505.20969
15537.08772
15385.01130
15558.85981
15495.08123
15391.34091
15458.22105
15501.92287
15284.80701
15349.48714
15398.39562
15433.85488
15317.30159
15415.29089
15396.47457
15411.24056
15537.47508
15516.49800
15496.86513
15485.28887
15467.67590
15445.77117
15382.82398
15474.08735
15515.78471
15322.34343
15386.70990
15180.14703
15132.47271
15223.92129
15301.77743
15237.29937
15434.90643
15404.88577
15427.13067
15469.01046
15518.97577
15498.74124
15431.52831
15283.36171
15436.60604
15385.45911
15416.40448
15271.82198
15267.85785
15525.34804
15464.93384
15452.77600
15405.38438
15487.56579
15575.23368
15769.93366
15777.72097
15702.93471
15680.60364
15399.17824
15352.05088
15521.83344
15344.19101
15316.84580
15195.98941
15470.90658
15418.81777
15307.85030
15443.37439
15424.12452
15323.23782
15265.37437
15167.69054
15139.11078
15290.66631
15238.11102
15301.83325
15108.00942
15189.66896
15304.16845
15504.92857
15277.49105
15460.72508
15493.79736
15400.65066
15440.62513
15515.68581
15501.40946
15420.06258
15356.64430
15238.39195
15385.54860
15448.55711
15375.56576
15336.89838
15393.05518
15275.11024
15377.04326
15511.77105
15276.77239
15238.53887
15139.59017
15122.50875
15379.22441
15444.01193
15440.87674
15594.38673
15290.54535
15132.69366
15092.79738
15183.62328
15282.17729
15485.42267
15485.30905
15404.42128
15490.69529
15544.28043
15575.04270
15235.22735
15019.49510
15107.56522
15307.02612
15354.84137
15356.23392
15312.67234
15286.42975
15400.92942
15535.70468
15427.62755
15393.35729
15274.47661
15275.07028
15380.30953
15452.54377
15330.79997
15119.91673
15281.33403
15269.67896
15286.30778
15253.88580
15289.89971
15210.11264
15313.51259
15186.87559
15283.25384
15380.31945
15296.45537
15324.70080
15428.70508
15403.04731
15411.50342
15413.69600
15409.51413
15469.12563
15433.18309
15375.71043
15232.27383
15378.38182
15439.69847
15240.85276
15132.51183
15118.67259
15408.00116
15466.64052
15561.62116
15740.77191
15807.03052
15725.85147
15502.60156
15298.69336
15323.59172
15441.02507
15251.32678
15186.25297
15055.37237
15247.64460
15285.16408
15405.40692
15447.63191
15376.39470
15315.58135
15287.71238
15293.43370
15557.29862
15270.75278
15211.40855
15182.84027
15478.03330
15308.25542
15332.90049
15437.49631
15483.50545
15507.58052
15623.12313
15767.68276
15652.70485
15565.85623
15558.29095
15379.27896
15434.03071
15548.67139
15623.07929
15660.24165
15256.81475
15247.95896
15307.27123
15373.78862
15236.29500
15182.82809
15174.65446
15235.92935
15252.84220
15271.23143
15563.92298
15633.91796
15392.51763
15323.01999
15552.45018
15351.78561
15177.46052
15159.07352
15259.89154
15293.73833
15526.48162
15448.08164
15179.47651
15155.70446
15443.78637
15343.29016
15300.77809
15303.46703
15523.01942
15303.31666
15382.12551
15461.20217
15391.90576
15360.77202
15235.43010
15389.97408
15367.41254
15332.87223
15392.77172
15352.43389
15385.61584
15618.29275
15410.37114
15361.32593
15483.14150
15427.38648
15463.30761
15357.50116
15058.38199
15273.29799
15294.30782
15332.09527
15430.53217
15392.98487
15392.70366
15393.67178
15518.41213
15355.67612
15308.89267
15343.77543
15197.34868
15203.69592
15363.06052
15300.17655
15318.67280
15378.76862
15379.98304
15215.42783
15248.22750
15318.05413
15365.07841
15031.82285
15244.76851
15185.27753
15232.36133
15197.66233
15271.50904
15308.80834
15390.82428
15442.34904
15327.37122
15194.52519
15307.15737
15454.40666
15539.91337
15724.98763
15714.16162
15590.67477
15551.65836
15305.99472
15476.17369
15529.85878
15549.69856
15570.92244
15552.06859
15455.43103
15396.12251
15485.12910
15301.05722
15231.10768
15231.98597
15523.04011
15655.17979
15709.24704
15582.11331
15552.66711
15445.38306
15563.82816
15594.01218
15219.00495
15268.07462
15387.42459
15426.68944
15668.14307
15440.32512
15474.49877
15472.85425
15492.00260
15369.09020
15364.60496
15487.66156
15406.47399
15393.34868
15395.22299
15452.56955
15410.14003
15536.30452
15800.26446
15809.96930
15887.23358
15547.39966
15470.87087
15397.06701
15483.05129
15292.54430
15207.89177
15337.00176
15550.65860
15558.47097
15324.00253
15268.56804
15233.44085
15194.80869
15184.35041
15176.36776
15147.15153
14996.36078
15045.30324
15337.13492
15339.69338
15272.02761
15210.07785
15102.42989
15444.22370
15345.43664
15382.77110
15340.34513
15496.55287
15381.19932
15174.44226
15191.70970
15234.96933
15341.48770
15367.64556
15463.95363
15489.51373
15625.27204
15525.39330
15671.91158
15505.23140
15426.50369
15465.45662
15527.49778
15528.60039
15382.10775
15378.61325
15556.14957
15429.29904
15521.04022
15606.19642
15554.96406
15430.51527
15445.29292
15373.07858
15569.95109
15511.88162
15395.45856
15466.89198
15401.25630
15465.37708
15465.50915
15454.25477
15434.25382
15495.07470
15304.11966
15196.22434
15300.75306
15283.68957
15378.87324
15480.87088
15454.72432
15119.45881
15154.39570
15280.60718
15313.37197
15393.02532
15449.01247
15347.62964
15285.15044
15086.76008
15127.42899
15207.39919
15371.71862
15422.02513
15508.50845
15450.39936
15330.20175
15287.71502
15343.57268
15524.11774
15356.38419
15283.43638
15258.77522
15203.99065
15302.41775
15360.40527
15188.20471
15254.89664
15235.90938
15345.12452
15449.92447
15501.14673
15578.83859
15604.34583
15568.93339
15519.58295
15205.86929
15348.54692
15272.08976
15184.38985
15166.21165
15329.75272
15389.68508
15240.30658
15207.74502
15342.11536
15533.17522
15342.68352
15408.78135
15491.30656
15408.11713
15612.03610
15441.21249
15473.93806
15463.30472
15465.18560
15450.16798
15299.26047
15191.20030
15376.87284
15415.09112
15640.45364
15427.00767
15447.68513
15340.40957
15484.56236
15422.55774
15278.83965
15170.18430
15143.49722
15111.77305
15162.58015
15221.56196
15294.18280
15254.95240
15321.86453
15343.04972
15353.50882
15298.56048
15266.74266
15340.43915
15582.24869
15221.15520
15231.98141
15358.63152
15552.75040
15430.73850
15394.11197
15542.41630
15253.46289
15230.37051
15088.66762
15144.17797
15318.51773
15401.74554
15378.73310
15381.26414
15409.33158
15261.08944
15239.24010
15390.62882
15519.74203
15431.81512
15548.66513
15515.22428
15320.67843
15573.16342
15405.94740
15433.10988
15377.59191
15479.14310
15390.16186
15283.05208
15404.58106
15470.08137
15187.37536
15196.17568
15441.11061
15520.93516
15326.23740
15354.20807
15410.31264
15357.16581
15320.65038
15254.08945
15324.88336
15241.22961
15275.42847
15409.34578
15364.88437
15504.79782
15139.21275
15540.04632
15370.98330
15313.44005
15457.61877
15332.56087
15342.74334
15253.05198
15343.09297
15295.97955
15282.26037
15417.82936
15416.29429
15492.70530
15513.88691
15793.26709
15614.11215
15527.05354
15476.23057
15665.56072
15573.52226
15451.19670
15326.50846
15349.54973
15466.36505
15373.55687
15534.90619
15576.01917
15539.13113
15560.86295
15373.75966
15460.54738
15365.73518
15383.90327
15439.36801
15437.39715
15532.71809
15198.18134
15370.85116
15427.12129
15557.51476
15441.99582
15521.95553
15557.32597
15457.56273
15585.32413
15421.49766
15532.58835
15612.52295
15420.47739
15288.67133
15281.03003
15258.58749
15366.04532
15536.17088
15436.62099
15362.77768
15252.71028
15114.66985
15123.52649
15344.49953
15235.02975
15493.08191
15356.77278
15414.80458
15525.35454
15679.61485
15304.00252
15231.80118
15067.63199
15184.65193
15348.29387
15261.15550
15171.08658
15305.29704
15334.54611
15254.46570
15373.91296
15461.02162
15531.90408
15307.27435
15425.25630
15613.93287
15454.92374
15480.93460
15553.85493
15439.01864
15442.72670
15357.81457
15405.24922
15451.36866
15195.54396
15187.24147
15293.78266
15335.29491
15373.51175
15492.69611
15434.06827
15322.93970
15484.12769
15590.20023
15504.21758
15387.58804
15433.82958
15420.64386
15362.92989
15476.64106
15527.81419
15370.20265
15300.65895
15418.01389
15428.04131
15402.94151
15574.20278
15823.50685
15795.52275
15729.50503
15598.43615
15604.75390
15420.56591
15293.07269
15577.12120
15674.82005
15583.94708
15550.02770
15454.00084
15347.80734
15388.70419
15459.50339
15450.18120
15303.46179
15312.23112
15418.03117
15402.23019
15472.03565
15380.55968
15468.26627
15608.12997
15483.37014
15304.72103
15206.03387
15247.52841
15515.72287
15400.47664
15672.15575
15751.63957
15541.11194
15362.97947
15410.65886
15264.72994
15458.15736
15520.09073
15647.21285
15674.86241
15624.65509
15664.59446
15628.29127
15634.15203
15414.26494
15412.24586
15429.45139
15433.17421
15452.47921
15290.64810
15310.93723
15515.54437
15501.34179
15282.54297
15363.67948
15480.71570
15256.37217
15193.67388
15144.01591
15238.91589
15219.80780
15136.32247
15324.68894
15357.63581
15277.75120
15473.82879
15628.59907
15397.13060
15550.98186
15577.67856
15453.98523
15467.22123
15490.92775
15514.11907
15464.62828
15608.20469
15571.09515
15443.77732
15410.92735
15183.26709
15262.96745
15160.36008
15145.51686
15195.88271
15304.28094
15209.44798
15336.68530
15506.46576
15407.27752
15454.01009
15531.97862
15473.61692
15521.44432
15450.41012
15348.15989
15361.80853
15447.33393
15362.43334
15256.39157
15222.34602
15287.01281
15314.13858
15370.39333
15189.28493
15325.95054
15381.77899
15646.67897
15524.08644
15335.10112
15214.58024
15280.30428
15221.53857
15208.55788
15288.36524
15385.90191
15266.75859
15450.99423
15424.84344
15659.72698
15583.39036
15444.12846
15415.20474
15294.43781
15524.80551
15476.05184
15472.26099
15497.82843
15604.62914
15614.33231
15303.91862
15494.20445
15278.26568
15143.57458
15116.58314
15314.46796
15467.59561
15663.21252
15477.43559
15381.31230
15346.86224
15424.50571
15530.25461
15274.07098
15309.95182
15085.80314
15379.08317
15315.23514
15384.22321
15376.73607
15556.06860
15460.02360
15486.10706
15373.50509
15439.88468
15502.17371
15308.06979
15401.81641
15562.54546
15472.54537
15480.52895
15612.35702
15348.51754
15494.37660
15487.51358
15460.04470
15231.97129
15207.91417
15150.24040
15305.43323
15474.19073
15459.39326
15435.50913
15264.85769
15469.34055
15427.29090
15625.44592
15489.18130
15473.90481
15580.02825
15562.61206
15486.33776
15291.48937
15305.15150
15301.01787
15314.57912
15312.28018
15268.71038
15392.94723
15518.10879
15544.82335
15651.29430
15567.86841
15534.56188
15444.67004
15398.73921
15314.62758
15264.81062
15325.52138
15413.65963
15572.77289
15566.74294
15414.42908
15326.62072
15316.31871
15373.46575
15419.88520
15544.86984
15468.82523
15507.17489
15478.15260
15474.22502
15429.41965
15363.64044
15454.85417
15386.35321
15582.15489
15424.91012
15332.28189
15471.59726
15402.58678
15347.90042
15320.46286
15384.91813
15609.06642
15422.95384
15449.27611
15547.72144
15421.39589
15225.08710
15094.01915
15038.47037
15271.19624
15365.85755
15419.83122
15418.25192
15450.61081
15556.04796
15707.43571
15383.25908
15511.11615
15570.62227
15453.55493
15360.20760
15215.64679
15454.15648
15295.76607
15476.10136
15462.88419
15508.66979
15520.65166
15496.50377
15558.73786
15577.27838
15523.20500
15448.22501
15410.05231
15456.11014
15578.98171
15584.32411
15523.83941
15502.87159
15546.34090
15517.23565
15519.25854
15415.67316
15308.74440
15503.10858
15534.33868
15619.25630
15429.89183
15347.12935
15298.59162
15416.47149
15393.91285
15395.13033
15459.78811
15435.85572
15596.20853
15583.38187
15319.57341
15382.56867
15361.47406
15259.43780
15326.05423
15395.12196
15512.17519
15343.98299
15516.77774
15338.60450
15321.84110
15279.17742
15315.97162
15542.51115
15585.59987
15524.76413
15663.49672
15443.81162
15446.01365
15497.07060
15554.90865
15524.55338
15418.98843
15512.26549
15492.29598
15130.84832
15312.71373
15337.94794
15236.79253
15328.95291
15401.82086
15223.50531
15282.64695
15466.55200
15440.81784
15322.19215
15234.37185
15399.31702
15371.72476
15432.96747
15413.03091
15471.16212
15548.09616
15418.20995
15462.67859
15434.71044
15413.26920
15194.50483
15232.79991
15299.73379
15634.93792
15566.19474
15623.37770
15598.18839
15555.85279
15595.54332
15497.78333
15309.35543
15204.82469
15327.95805
15554.93127
15626.15278
15600.23115
15416.66294
15334.96568
15325.77119
15315.31620
15395.46848
15474.51049
15543.03731
15422.81611
15453.05684
15518.79210
15373.46259
15192.72594
15433.19548
15357.16855
15312.71671
15330.99088
15339.07408
15313.54165
15448.92713
15295.41014
15448.30229
15509.62662
15519.71225
15467.66617
15400.61568
15519.66020
15413.90685
15453.30003
15605.82111
15683.41585
15731.69222
15679.59293
15590.89398
15674.95209
15710.22181
15433.14425
15440.50109
15423.65743
15351.47590
15395.17880
15301.33078
15359.75047
15453.37027
15513.43412
15504.90205
15523.97918
15347.43660
15430.56294
15257.34971
15208.94425
15220.20229
15045.34495
15100.49733
15239.18846
15399.53382
15446.52645
15493.59149
15392.80197
15439.23762
15252.80318
15300.55769
15304.75264
15471.13075
15670.32180
15540.25088
15632.52634
15539.34392
15439.93759
15402.45338
15422.72195
15195.35992
15403.31633
15595.79113
15732.08687
15269.60504
15235.45029
15077.34621
14910.71481
14939.58791
14807.97374
15133.47250
15281.16428
15436.03726
15383.06293
15517.43662
15536.14634
15575.77795
15508.52832
15480.37446
15457.75421
15439.68628
15420.17215
15539.52234
15262.18526
15148.94399
15130.79580
15112.40035
15144.01771
15156.18209
15307.59647
15312.53892
15353.76572
15237.54876
15192.53868
15152.14013
14990.13437
15099.37602
15402.64696
15501.48537
15245.76446
15356.70913
15341.34955
15297.09336
15170.59378
15196.00493
15311.64035
15306.48454
15321.59105
15293.88136
15251.78886
15309.08455
15342.69346
15305.50944
15467.46665
15447.17993
15269.39126
15271.27055
15233.91408
15429.32453
15362.56523
15299.06053
15192.71150
15438.73019
15355.86479
15413.57058
15550.19450
15519.19039
15551.92557
15490.69972
15321.70096
15408.03867
15346.10798
15294.64045
15384.77002
15396.37112
15465.93407
15520.09358
15483.14513
15280.24191
15403.88959
15250.68187
15235.72088
15410.81155
15365.56354
15438.26110
15445.46328
15654.24179
15548.20441
15368.29551
15407.39241
15167.69860
15313.21840
15399.59093
15291.86441
15350.66915
15429.14373
15310.42496
15144.45935
15200.58413
15316.21579
15254.06638
15513.64654
15457.41987
15446.93801
15438.55931
15492.58378
15648.66360
15650.18948
15663.00307
15501.52121
15474.36696
15359.42417
15237.29728
15503.84278
15526.81483
15501.74411
15298.32690
15236.29859
15289.84717
15370.56000
15529.63226
15403.48058
15378.77372
15485.93327
15628.53920
15429.45610
15358.99777
15324.48712
15143.60073
15283.51846
15172.90401
15271.56382
15290.95924
15111.42576
15155.91724
15081.89821
15174.76577
15343.12655
15319.36254
15418.56083
15247.21358
15219.20957
15421.51290
15533.25491
15311.07738
15543.15606
15488.86446
15567.49623
15708.61146
15635.52205
15498.07180
15621.87662
15374.35661
15208.05936
15263.65869
15159.96723
15159.28758
15130.03481
15269.64941
15258.98283
15287.60171
15094.18874
15119.57442
15257.38236
15281.86698
15305.80996
15368.05300
15431.30627
15366.97673
15378.13951
15556.38481
15468.82659
15574.23264
15548.70540
15455.67152
15415.80699
15392.19465
15451.54983
15508.20023
15323.86203
15383.12286
15482.60321
15314.48958
15374.56897
15369.67023
15370.19384
15462.02944
15405.86107
15379.38959
15337.45355
15394.76731
15369.61704
15432.51628
15395.42820
15222.93447
15360.45117
15361.50577
15387.27855
15368.51368
15319.49791
15289.74710
15292.65272
15385.79537
15593.31147
15834.51348
15844.28406
15495.91176
15356.94767
15444.01759
15506.81582
15465.19260
15443.26656
15203.34385
15311.38983
15496.46912
15710.21799
15418.67506
15510.50907
15330.97806
15559.55632
15576.07957
15276.87880
15195.53573
15040.64380
15367.38675
15435.04790
15436.48697
15318.57687
15419.92939
15429.72842
15505.07438
15393.85926
15278.92929
15460.43059
15561.79721
15402.15124
15367.04750
15504.96279
15314.33306
15322.90789
15318.53520
15277.57938
15215.21881
15125.23950
15439.43021
15462.52092
15712.17911
15884.26537
15785.17507
15551.47565
15455.94864
15581.97756
15560.21905
15420.18343
15373.84615
15259.76765
15422.90563
15322.95633
15234.46555
15187.66870
15294.99590
15317.01154
15320.31754
15192.22749
15210.87863
15315.03077
15354.88743
15500.48988
15323.77793
15327.69140
15312.50718
15354.94039
15325.39407
15456.16693
15249.78638
15345.49810
15347.17881
15433.65190
15436.93673
15514.13414
15235.69630
15158.33034
15249.25447
15323.59418
15455.74204
15393.23710
15533.82219
15532.34454
15397.89288
15473.99355
15505.80570
15394.22414
15550.85562
15512.95062
15442.05089
15523.83257
15515.97667
15554.96603
15409.55921
15347.80620
15455.17245
15491.46257
15696.12417
15556.27690
15553.68061
15420.28516
15424.44195
15436.42821
15347.98888
15310.32122
15345.21088
15527.47128
15618.03069
15562.69540
15535.32317
15435.81373
15241.87845
15338.87295
15301.28320
15433.17481
15341.22885
15412.59977
15510.86203
15253.68320
15179.99367
15283.81663
15530.93152
15559.93358
15597.19982
15458.22271
15444.94004
15178.19911
15320.33608
15277.50002
15354.99934
15581.03678
15348.54946
15336.05153
15479.31752
15432.14732
15511.49862
15578.85384
15401.21716
15392.08651
15397.49214
15281.42942
15498.86853
15447.08920
15420.31118
15381.69225
15451.17979
15464.75108
15419.09359
15336.14097
15478.63536
15359.81708
15429.39836
15290.62607
15459.59307
15354.16945
15360.25802
15440.70123
15406.62878
15340.88048
15418.20494
15481.75212
15558.60374
15374.25065
15441.53219
15292.05101
15241.74358
15301.83018
15165.79975
15231.80763
15301.64108
15167.74908
15203.37092
15316.35233
15398.04581
15280.71826
15420.15565
15418.46297
15680.88697
15534.65089
15433.03677
15689.42074
15580.39089
15527.48953
15624.54655
15667.74189
15485.87133
15374.14919
15282.69099
15227.17973
15301.66943
15217.14364
15217.53216
15265.33056
15250.53548
15336.06838
15290.29483
15383.48574
15421.33932
15394.66111
15370.38859
15369.56085
15359.55499
15424.35461
15336.21681
15207.67293
15253.39391
15330.05835
15584.27019
15533.63187
15293.52648
15433.23705
15526.66444
15623.12842
15536.13591
15290.06485
15130.46197
15249.40590
15379.15095
15356.46164
15493.49803
15459.80831
15299.40896
15422.65653
15448.54455
15201.62919
15331.91406
15456.51986
15628.77077
15649.18925
15889.35775
15763.66071
15460.83856
15547.41843
15682.53233
15719.23514
15569.01712
15662.38689
15567.50244
15611.37076
15480.06376
15344.56427
15331.07342
15447.40681
15475.16402
15443.40858
15410.71498
15541.11729
15492.68455
15519.38410
15542.35726
15448.38100
15461.10881
15494.41561
15460.11549
15315.97633
15299.10771
15260.68635
15278.48694
15132.72359
15321.46309
15163.33141
15318.57745
15581.59168
15417.42483
15404.48417
15437.74741
15227.99358
15438.73997
15390.10673
15294.80142
15440.66661
15632.81088
15580.79660
15456.06866
15493.77918
15526.66040
15268.41944
15439.45578
15333.82178
15353.77038
15270.26201
15242.43278
15247.15130
15188.21201
15365.18856
15343.19160
15629.59343
15703.20085
15476.84244
15468.65978
15364.53733
15430.34446
15506.37810
15418.18230
15427.34174
15417.27984
15344.72478
15713.26130
15567.01254
15701.60566
15691.36659
15660.07227
15535.94209
15426.34180
15398.10804
15379.31645
15482.48482
15416.96646
15376.42666
15292.01182
15341.06251
15287.18302
15289.76768
15343.81835
15413.88681
15483.24934
15572.16137
15380.26235
15654.93779
15767.59150
15739.55545
15553.27151
15430.60616
15551.80689
15523.48024
15503.41653
15529.03051
15344.86245
15474.57716
15261.44225
15217.81096
15207.76366
15208.87951
15342.58176
15206.71007
15362.02579
15327.36147
15380.58565
15329.27703
15351.22377
15357.25214
15238.37452
15291.90569
15298.92985
15221.07191
15181.61033
15387.90853
15406.93693
15460.97054
15489.60440
15186.15883
15125.65004
15182.94023
15137.36775
15133.13240
15296.65996
15375.53742
15352.56508
15411.30515
15501.86785
15506.26149
15442.15568
15417.48205
15190.21137
15442.04129
15490.25296
15566.09170
15440.79203
15429.14764
15424.31243
15334.20149
15111.98213
15335.97427
15329.58079
15250.42710
15301.66120
15261.19971
15211.16377
15135.42823
15179.60539
15244.27345
15361.60619
15323.58020
15223.55509
15488.81215
15380.16856
15302.98835
15350.86806
15483.03670
15369.23587
15297.01959
15319.31168
15517.90222
15546.79383
15499.44136
15475.78284
15280.05012
15379.28414
15595.25319
15459.73337
15146.49633
15416.01167
15336.29689
15395.92339
15282.87981
15494.69998
15568.31192
15359.03892
15341.52348
15262.48623
15427.26201
15733.40675
15590.36001
15452.78684
15455.96299
15269.07600
15390.47701
15477.38360
15450.35768
15342.60012
15183.52400
15363.17081
15399.68120
15455.83177
15513.68635
15389.59661
15231.92132
15500.87565
15284.58771
15390.88630
15354.60553
15329.94777
15349.06875
15492.01576
15339.85513
15277.28587
15403.94102
15575.23370
15538.29980
15572.99843
15644.29946
15520.38766
15556.28150
15330.52706
15461.39580
15534.41423
15696.98137
15779.05593
15762.74031
15546.78303
15456.42024
15595.43547
15570.96293
15365.07271
15300.17731
15387.19719
15392.05242
15489.39824
15406.78452
15343.62101
15549.26346
15357.47354
15602.56608
15511.65530
15270.64793
15412.78590
15534.80425
15659.91905
15600.43520
15469.92315
15413.83912
15532.21150
15436.91595
15374.19545
15385.94234
15308.20664
15467.72664
15541.80879
15527.04648
15434.02920
15299.83249
15375.78041
15467.58381
15264.73733
15483.68829
15611.16432
15529.79376
15385.65208
15400.35931
15330.57144
15074.07929
15044.19168
15117.30633
15489.94517
15316.49513
15312.66513
15429.50160
15455.49043
15492.01474
15417.37767
15659.82139
15477.66065
15508.90953
15506.48224
15421.37418
15319.84421
15377.97155
15506.14588
15363.30653
15314.31222
15291.26540
15440.24985
15357.75613
15492.47663
15554.86311
15402.09200
15248.23153
15266.28892
15359.51954
15408.20330
15491.12201
15397.19850
15439.86643
15439.60966
15399.13466
15468.40907
15299.84483
15237.86446
15227.38684
15185.33252
15152.03175
15205.28486
15301.43691
15413.05078
15275.24635
15258.34042
15465.09045
15389.15429
15332.57341
15296.58830
15448.26907
15516.67528
15429.60942
15327.79026
15481.90659
15404.05572
15438.33428
15357.34462
15471.70803
15557.81427
15376.30363
15220.86629
15142.02751
15162.22400
