15571.30840
15615.94481
15527.11021
15541.38872
15609.60517
15575.09396
15630.19688
15604.72848
15622.94343
15626.98852
15642.24797
15693.33043
15713.30939
15738.53465
15869.87158
15790.74853
15650.86304
15699.02601
15616.48802
15652.28990
15692.41627
15726.85990
15676.23366
15704.52089
15764.01836
15711.18924
15660.63876
15706.14626
15681.85214
15688.76520
15676.30318
15668.01542
15736.20962
15663.34604
15638.21819
15649.68529
15668.79736
15664.15015
15643.88363
15678.36987
15761.46024
15702.07771
15760.86768
15764.02432
15739.03209
15720.50402
15719.96866
15694.24496
15736.43948
15775.04257
15759.59034
15796.12870
15742.72672
15716.41277
15701.23085
15683.25046
15652.19760
15658.79854
15696.65855
15812.17999
15785.89674
15759.76011
15660.98553
15726.41294
15687.05859
15673.32347
15710.20737
15695.66662
15758.27613
15807.48253
15865.46049
15861.27141
15783.48228
15721.20834
15735.59105
15763.02383
15684.06808
15643.01647
15751.02571
15665.25717
15690.42824
15659.86736
15633.12363
15616.81230
15625.60416
15510.23002
15431.74993
15470.55874
15566.71287
15509.83010
15461.90613
15512.92203
15562.25809
15478.34358
15480.62150
15634.32176
15506.65663
15620.25045
15632.14154
15674.70225
15709.58751
15681.65410
15669.65153
15716.32787
15676.11101
15682.72218
15694.53678
15723.68770
15592.15863
15614.42575
15598.63744
15526.63337
15417.65292
15550.98030
15506.22953
15596.10310
15630.60665
15646.70999
15514.72559
15559.80916
15523.12883
15552.09209
15522.46810
15592.29319
15583.01116
15596.43652
15528.04914
15498.60397
15471.93544
15524.41396
15552.25963
15464.46537
15543.13452
15551.57087
15586.09909
15597.83902
15589.97499
15589.04799
15681.12872
15708.22791
15685.09485
15688.67994
15674.75731
15561.97921
15606.01242
15541.70559
15548.39651
15624.48073
15563.53951
15596.45377
15556.26197
15516.36675
15426.39001
15554.08341
15624.53363
15662.79733
15553.96103
15561.50997
15555.30653
15704.92335
15531.76948
15580.54959
15573.51582
15541.70296
15630.95736
15607.00602
15591.02836
15540.95332
15663.40586
15601.70317
15587.66971
15569.94491
15688.78985
15662.43329
15674.60850
15647.94431
15541.50474
15644.05625
15572.02582
15641.14490
15654.85354
15674.04153
15633.15276
15691.65130
15588.71333
15559.22768
15626.29482
15602.63594
15741.15874
15623.53423
15605.26054
15608.60607
15561.05668
15503.84048
15499.10321
15535.59246
15543.69905
15531.57814
15636.30229
15624.09650
15622.93387
15575.81071
15516.55367
15532.69811
15606.77278
15620.61163
15706.53677
15637.88663
15609.64720
15582.91332
15547.23369
15563.90018
15606.63853
15514.28193
15547.23123
15604.67471
15623.90759
15637.50696
15620.68428
15645.90963
15638.29129
15647.00729
15605.69695
15700.00395
15629.64545
15614.73964
15606.69792
15507.43076
15453.47798
15438.56763
15434.35169
15365.64178
15447.96638
15455.51765
15517.98599
15464.57320
15474.02933
15480.82251
15476.29081
15553.93513
15550.32125
15529.44055
15350.81437
15361.41773
15395.80459
15298.46968
15342.70219
15355.11870
15329.45360
15412.85693
15476.94058
15436.05539
15427.12060
15446.54956
15597.58006
15589.46502
15473.39294
15484.47740
15456.98042
15498.87631
15473.60252
15468.07855
15493.72391
15533.66335
15456.68513
15514.57735
15475.50992
15545.58286
15637.27850
15709.01814
15715.17091
15736.54018
15742.89085
15719.98016
15632.82357
15598.92683
15631.76132
15695.12273
15683.45878
15739.57530
15779.63496
15696.60809
15780.56977
15768.06028
15668.84197
15776.96031
15723.07166
15753.12444
15603.53806
15559.18733
15555.19239
15608.93695
15685.01535
15689.27577
15579.34198
15746.58666
15811.57499
15733.81287
15749.11506
15768.09629
15732.68779
15774.44046
15713.69375
15742.45019
15626.24564
15596.42142
15585.34233
15443.14463
15377.96944
15600.10427
15582.14817
15590.06791
15579.55574
15576.65453
15679.94639
15566.56248
15699.53144
15708.63005
15688.27274
15575.07810
15620.60363
15690.02606
15710.79660
15851.81985
15881.07084
15858.99292
15814.69084
15826.70424
15789.99488
15813.80224
15777.40894
15857.86235
15903.90215
15927.83061
16013.24674
15875.94778
15959.52504
15955.03405
15853.53375
16017.89734
15895.27751
15968.78238
15943.59178
15912.15964
15957.35971
15922.14415
15844.87229
15792.44235
15843.99387
15886.52906
15747.93231
15778.64502
15775.25532
15890.76029
15844.06955
15820.70224
15806.81790
15692.11097
15754.41508
15809.75795
15801.56802
15840.62950
15738.13424
15715.34852
15840.11979
15833.73320
15723.60643
15727.69798
15707.32506
15706.64038
15812.42854
15779.80801
15773.28737
15699.28738
15663.93110
15800.46428
15810.83252
15826.75447
15817.58462
15829.85585
15786.16805
15870.13932
15828.51558
15748.56682
15824.57572
15810.31376
15881.94785
15868.24867
15774.02228
15748.58346
15716.53271
15782.88683
15821.77730
15811.09714
15858.13080
15785.37323
15882.53542
15903.51074
15872.82094
15819.84677
15811.44108
15874.98241
15994.48925
15925.23144
15878.99763
15954.68992
15891.61379
15883.08897
15889.89741
15797.11166
15921.79823
15886.53896
15827.07715
15830.08371
15823.11401
15926.21661
15916.36920
15827.05499
15820.52951
15856.18879
15851.78569
15928.81000
15882.01325
15961.38925
15978.76504
16002.71896
16002.93130
15947.65928
16049.02275
16008.27169
16027.79235
15940.39503
15899.31725
15934.45436
15892.12787
15927.31088
15897.24277
15857.90551
15890.95669
15859.65192
15915.65644
15776.42454
15827.67815
15834.23194
15834.61100
15832.68252
15739.74296
15657.08100
15762.90762
15689.56594
15690.19321
15722.75725
15741.68921
15673.08167
15637.88230
15634.64598
15640.57793
15695.26484
15692.61811
15717.11272
15707.48588
15796.94775
15816.36016
15833.42366
15824.39421
15663.09593
15738.07521
15747.41784
15685.57934
15752.02172
15803.45156
15810.69381
15736.68349
15770.43839
15725.97212
15784.23903
15816.93167
15820.37991
15836.48250
15825.16909
15845.82063
15894.37406
15773.27944
15827.21064
15877.76693
15850.07234
15835.43449
15922.03210
15891.17194
15861.09577
15856.87190
15894.00325
15855.23269
15831.84678
15770.96407
15703.25678
15695.83675
15814.61168
15772.20773
15752.07232
15710.52806
15780.03888
15805.12835
15742.01282
15768.10412
15792.77508
15789.92191
15842.38192
15801.12879
15819.83721
15829.82381
15703.63011
15798.91230
15798.70666
15789.28747
15688.66932
15723.07648
15669.51268
15674.84331
15648.19433
15539.02091
15655.69129
15687.43499
15675.91788
15760.55894
15768.94760
15649.12645
15703.33843
15650.28623
15538.62445
15477.48470
15590.29210
15588.06122
15546.90298
15571.93612
15585.53002
15514.29813
15551.04084
15572.55945
15556.07522
15566.03444
15552.75463
15572.17664
15663.24166
15610.75296
15619.70831
15626.00461
15513.49644
15591.91605
15663.13426
15602.86472
15659.53481
15660.30906
15603.15172
15704.22670
15661.05271
15715.58877
15652.00131
15570.63315
15588.84840
15648.10227
15545.99460
15640.03633
15616.82839
15592.39322
15668.57215
15717.38912
15628.87782
15627.75415
15688.42033
15749.39800
15573.45077
15624.29114
15530.25832
15565.17645
15584.81734
15558.86191
15438.66166
15460.57053
15503.59460
15569.66182
15572.83273
15516.93769
15484.26846
15556.41225
15602.30396
15539.65110
15553.93638
15537.84266
15593.29709
15585.15622
15648.72653
15543.92438
15660.85018
15587.66185
15599.82419
15558.61834
15503.22812
15511.77020
15583.11553
15580.20394
15601.96159
15553.53440
15532.43504
15643.00007
15547.05648
15570.36430
15612.39204
15636.26820
15567.98118
15582.04829
15495.62940
15578.24960
15540.87063
15548.43879
15485.48128
15492.60712
15529.77447
15458.54755
15496.56109
15497.91148
15629.34608
15611.83272
15663.06076
15674.65736
15633.13897
15606.08327
15616.98589
15506.49723
15519.49518
15665.79796
15657.64863
15668.78848
15669.66743
15583.16717
15671.61550
15694.38703
15682.95949
15628.55509
15565.30925
15621.61009
15551.32223
15517.80620
15599.88309
15555.82708
15538.98372
15544.08826
15586.35648
15662.01104
15622.20817
15672.86349
15723.77518
15697.37779
15605.36854
15685.15259
15629.69830
15591.13291
15666.99999
15718.03653
15679.54746
15624.84681
15705.76699
15747.75563
15827.88305
15826.29104
15764.05144
15768.47662
15834.99489
15751.59808
15739.74055
15743.02823
15712.77865
15699.33703
15679.19846
15656.49962
15664.94193
15633.63369
15675.55963
15560.51204
15528.62257
15628.54261
15732.20389
15769.23779
15595.32133
15633.25267
15753.95110
15752.76271
15680.39731
15759.98787
15763.60952
15721.34502
15732.50034
15773.36741
15873.11560
15839.42088
15884.87869
15884.71813
15842.54577
15762.26166
15799.82816
15823.40523
15790.53457
15839.89315
15850.36811
15837.41940
15873.59875
15900.35095
15841.52630
15858.78219
15901.89261
15866.09556
15867.42018
15850.13665
15875.08241
15760.16456
15762.85868
15835.71527
15893.31932
15900.48565
15902.81513
15904.45418
15844.44674
15904.86473
15847.80401
15807.57321
15708.59413
15739.00162
15659.41153
15760.43715
15801.21508
15851.94735
15856.77766
15891.09506
15836.96707
15784.51752
15794.41086
15815.19478
15846.31832
15813.18204
15703.39185
15770.17768
15786.36884
15783.88288
15790.11827
15838.82900
15727.69812
15784.31807
15805.60845
15794.34810
15767.06792
15854.79771
15801.24420
15822.87658
15788.70950
15746.90193
15665.13704
15726.95466
15707.73427
15651.80007
15634.03867
15698.25376
15696.62094
15649.59907
15726.45405
15800.01942
15773.03869
15772.21861
15654.54781
15626.04403
15651.70906
15707.21335
15679.10059
15730.16492
15680.27552
15621.96993
15580.15975
15568.05515
15709.77569
15690.30331
15680.10321
15650.53330
15612.41004
15646.58699
15751.24707
15815.31858
15789.30829
15757.56188
15770.35054
15756.83552
15764.46620
15822.72714
15767.00301
15711.80896
15701.39539
15772.73157
15747.80146
15694.57477
15725.00928
15742.02840
15788.53625
15806.47643
15815.28657
15751.95365
15782.24723
15795.04929
15765.77944
15832.27454
15807.24412
15867.85086
15830.64258
15780.08495
15883.03677
15883.00424
15936.69143
15894.60544
15916.27450
15828.12011
15842.62513
15910.85455
15911.74604
15967.50965
15989.11481
15902.20616
15890.55831
15863.81130
15876.23218
15809.05496
15812.97261
15796.72642
15868.29370
15901.22768
15812.54217
15904.36088
15791.62296
15779.12492
15841.58299
15820.40600
15860.51129
15852.06037
15761.08302
15836.84179
15908.83940
15817.45469
15830.07150
15946.26894
15795.64661
15802.16553
15826.86237
15813.57542
15815.93462
15728.54301
15709.95617
15885.42443
15764.95956
15815.69348
15740.45200
15829.28242
15877.90965
15870.42559
15818.55395
15814.03384
15843.50206
15842.75623
15865.34646
15826.53416
15830.83703
15876.30961
15847.57112
15809.02970
15816.13192
15740.50163
15598.81990
15644.99183
15694.60726
15706.00142
15747.48092
15657.00944
15557.09073
15656.24801
15611.42154
15528.61395
15559.08622
15527.97802
15442.92197
15439.97914
15374.11295
15542.34712
15606.16460
15686.60423
15699.84926
15778.31931
15679.76121
15653.89789
15631.52813
15554.52380
15566.81766
15577.72524
15589.78228
15624.27141
15545.69281
15654.60897
15554.84699
15590.85237
15536.93378
15501.20558
15508.41738
15496.73561
15480.78385
15515.70744
15514.02962
15520.72148
15504.63473
15478.85686
15390.12177
15455.47999
15526.06964
15533.75544
15530.94470
15525.42276
15588.47396
15618.25126
15604.99512
15657.88518
15736.38747
15655.98318
15686.95947
15669.57405
15694.34541
15740.63291
15732.59360
15708.31306
15739.19055
15768.16662
15722.74043
15701.48639
15677.24378
15632.67844
15716.11238
15716.81724
15749.54394
15717.03655
15873.72373
15894.93201
15858.50664
15775.36842
15887.52219
15859.61596
15874.61127
15986.27100
15965.88219
15908.59113
15842.60677
15824.65061
15836.53951
15789.34954
15856.62186
15855.63383
15923.80558
15945.96318
16058.53214
15984.57542
16030.52616
16062.79399
16031.82393
16065.36804
16123.63706
16044.88419
15976.47836
15962.76890
15946.89744
15965.84311
15893.52651
15982.25899
15996.55895
16010.32337
16013.57987
15976.22873
15973.34162
15973.01597
15890.65347
15831.41294
15811.66932
15833.59381
15857.54361
15977.17063
15957.45207
15906.12428
16033.28784
15937.71543
15988.75123
15996.94946
16001.72300
15956.90182
15939.59963
15911.91207
15934.07837
15903.84527
15928.86671
15973.62454
15909.24502
15858.23188
15856.64747
15860.10768
15905.55948
15922.82889
15918.03260
15870.11104
15851.09492
15864.03387
15905.24957
15966.19454
15956.17690
15968.45113
15963.82896
15844.87162
15812.99872
15794.38042
15840.23636
15844.52163
15905.08010
15940.60126
15921.60067
15942.57595
15969.99738
15907.77873
15900.70138
15939.76905
16013.45517
15983.07802
16070.40593
15990.22008
15990.41740
15965.14654
15918.92597
16008.50454
15966.82360
15917.30019
15994.26688
15983.01259
16012.48023
16015.53861
16083.13750
16079.13665
16146.77724
16147.80574
16169.12875
16129.03168
16178.19406
16120.49688
16121.78566
16061.52516
16038.50668
16105.11650
16108.15154
16060.47691
16065.58412
16079.59556
16084.44195
16031.71371
16030.22501
16093.95185
16173.05448
16223.80555
16241.56679
16101.88002
16046.78247
16110.04783
16114.31319
16087.19650
16053.80773
16041.21275
16062.58407
16036.19694
16034.08647
16012.27984
16029.96786
16044.48387
16041.06944
16086.27555
16072.72565
16031.47750
16022.63515
16058.76448
16092.83330
16083.68874
16057.83346
16063.14252
16046.94438
16072.60172
16111.84028
15985.62662
16038.50721
16060.41296
16036.17787
16047.58411
16130.00505
16047.77933
16048.02298
16038.06647
16054.69155
16065.46384
16132.78553
16087.48863
16111.44203
16155.91876
16110.02410
16121.11904
16061.28291
15979.48663
16002.28891
16063.23670
16014.98343
16081.17094
16032.40827
16029.80457
15908.37727
15964.29821
15987.79052
16089.94314
16018.08534
15991.22216
16073.01220
16082.83258
16081.67114
16100.71311
16121.24160
16114.36262
16071.83034
16086.78232
16141.49041
16059.88419
16063.79928
16062.90048
16095.23716
16019.46070
15983.36593
15928.20801
15967.08722
15960.60335
16012.80186
15926.61963
15961.93924
15934.33723
15990.01754
15985.63554
16053.33457
16025.22133
15972.23290
15942.32207
15893.72087
15921.31723
15973.36709
15949.68141
15925.13331
15975.85202
15998.43839
16025.51266
15955.54970
15953.73306
15872.66471
15905.67112
15890.59378
15935.88462
15875.22322
15844.71819
15946.61412
15945.99656
15877.15759
15952.05294
15875.67365
15927.50158
15901.82690
15949.51008
15898.70015
15883.22102
15853.38504
15844.08059
15870.96844
15933.67268
15878.39580
15838.73103
15910.30520
16021.76463
15992.43538
15974.28449
15984.35854
15945.19119
15979.80542
15986.11412
15979.09941
15907.56381
15897.18813
15946.86974
15933.55270
15934.26879
15906.99238
15928.58446
15992.42252
15966.85256
15967.40532
15988.13291
15937.86820
15941.04697
15983.21522
15956.65346
15958.31282
15926.62875
15904.00311
15891.34491
15838.22351
15757.23356
15746.78768
15740.88652
15785.22797
15807.98893
15869.31957
15833.08276
15854.29616
15866.10072
15912.75917
15871.52637
15879.58440
15920.02014
15899.54166
15868.45683
15893.02457
15808.29948
15814.51836
15854.87041
15868.83733
15834.46429
15801.89276
15856.23702
15849.98267
15933.91777
15900.12479
15857.26902
15812.55314
15760.01507
15709.67367
15728.49727
15828.47996
15732.28881
15794.24534
15837.31374
15686.55116
15743.30113
15746.45528
15706.30284
15726.46210
15705.98414
15628.18056
15598.32552
15581.92647
15604.40996
15678.05243
15726.64831
15729.35554
15782.90662
15792.24354
15767.20381
15728.22724
15795.94783
15675.36798
15747.93010
15775.13505
15672.87079
15778.63525
15858.73776
15762.17377
15824.99305
15834.50233
15830.96682
15821.00769
15772.22737
15780.97776
15860.23652
15825.26749
15775.22848
15841.43895
15879.13426
15809.00738
15748.52719
15775.83652
15790.54597
15797.46578
15787.98518
15800.90013
15741.81975
15751.84614
15681.94530
15683.24844
15740.53310
15757.31604
15787.89391
15695.37388
15801.06832
15759.56015
15816.09791
15779.06207
15819.74531
15788.05821
15719.49691
15693.46576
15695.87534
15684.04781
15686.12818
15787.70167
15719.72062
15747.17257
15737.39398
15762.02487
15709.97888
15709.71391
15744.74117
15776.54855
15720.94209
15762.85840
15754.75279
15788.77298
15796.69409
15830.51727
15721.74162
15757.34017
15752.29411
15757.95925
15740.40112
15786.76463
15828.95740
15819.88393
15919.49047
15879.28663
15858.51604
15800.59536
15780.62428
15735.38242
15837.96813
15884.61310
15874.96881
15961.06894
15861.00965
15832.28301
15870.46323
15911.43535
15901.64627
15923.99237
15905.65288
15897.10058
15865.77763
15874.57406
15886.01221
15930.88078
15870.83195
15911.22116
15927.16402
15852.79335
15783.93105
15822.17823
15867.41257
15941.53447
15978.18566
15908.73208
15950.03358
15889.81519
15829.96708
15857.69281
15815.22606
15837.97608
15870.80880
15897.96789
15895.57140
15783.19587
15817.50930
15768.68770
15783.30509
15861.83220
15899.15708
15794.56849
15792.30370
15883.01844
15947.25035
15932.01546
15870.96854
15864.32817
15853.81118
15799.05601
15845.35741
15811.83656
15692.32203
15707.94041
15835.50228
15800.49456
15814.60085
15849.58780
15810.35639
15743.35421
15841.98967
15823.82148
15864.08694
15843.86554
15887.61381
15841.08737
15839.71726
15747.99714
15912.63878
15791.45435
15828.18257
15784.14392
15742.01156
15848.73239
15820.18003
15787.84411
15799.28765
15779.63056
15790.46111
15870.83862
15862.10597
15860.72470
15885.07939
15896.01702
15977.71434
15925.04661
15880.77001
15878.22028
15924.01923
15863.25417
15938.64994
15968.44821
15902.03345
15949.53238
16029.13854
15958.65283
15981.37883
15976.74092
15939.05554
15905.56207
15919.99102
15913.09589
15964.42438
15972.65930
15990.18755
15976.84404
16005.68786
16017.01370
15960.68522
16016.43765
16036.85324
15983.20888
15949.77674
15926.73873
16008.87237
16010.81033
15959.08714
15964.18569
15969.57910
15965.18907
15872.80737
15918.50747
15892.54790
15927.49598
15965.13830
15962.49407
15990.26161
15925.42262
15869.19636
15867.55532
15882.60990
15861.77512
15879.53487
15899.30010
15970.22744
15993.76565
15903.94520
15977.64031
15974.82618
16073.91002
16028.79236
16017.41644
16080.08739
16031.09841
16069.36471
16092.95337
16129.65394
16075.00405
16041.10068
15958.30190
15987.02968
15967.58731
15968.92635
15965.92001
15960.13633
15957.65080
15995.42013
15984.60041
15987.57779
15968.67986
15922.07467
15958.54808
15958.08594
15895.49114
15977.85404
15953.72270
15964.57883
15971.84912
15935.78954
15967.76880
15974.17979
16071.84685
16046.34431
16034.83866
16028.53756
15995.27188
15972.54303
15994.52650
16040.66418
16014.44492
16021.88564
16049.49653
16033.00141
16014.53096
16094.31969
16133.11191
16104.11661
16143.90633
16109.19178
16081.96610
16021.99263
15987.83621
16010.54940
15976.40988
15974.53567
15965.56548
15938.43431
16032.43851
15984.55698
15946.88601
15903.01456
16009.67276
15882.89542
15992.74450
15960.16024
16004.89352
16003.92630
15926.43083
15929.67890
15939.23124
16012.19286
16011.31350
15971.16752
15942.31386
15928.34364
15906.13536
16016.17967
16012.48658
16017.76893
15991.31670
15981.84763
15964.41861
16010.76966
16004.23895
15975.51784
16061.07111
15977.40092
15944.48198
15905.46917
15857.63263
15888.91842
15860.62142
15906.59654
15930.18130
15922.23840
15950.45379
15963.66698
15912.35369
15884.73901
15852.47847
15827.25548
15946.09626
15836.31907
15851.19404
15870.81175
15878.01721
15901.10760
15882.16584
15867.02279
15876.18584
15990.07477
15881.12407
15835.66114
15827.90893
15920.43707
15886.85349
15920.10376
15906.53278
16023.54278
15960.35165
15984.35656
15952.20718
15944.50062
15972.26693
15909.87800
15988.55495
15982.16225
15976.50670
15932.97080
15813.88295
15859.37776
15877.09261
15890.75042
15838.76918
15864.32222
15837.29292
15857.98405
15846.58647
15929.74704
15936.43661
15838.44801
15913.62951
15931.45596
15960.92369
15944.80509
15954.69022
15857.48791
15964.82567
15954.58773
15975.24856
16004.84580
15914.24471
15885.20394
15932.03620
15901.22967
15944.21373
15957.71704
15865.33037
15888.24719
15934.98842
15878.88329
15908.48676
15817.94332
15874.29502
15868.57653
15935.46194
15961.07049
15957.87718
15956.41437
16022.06059
15972.51327
15942.40104
15936.36952
15931.05813
15915.98497
15896.42240
15983.15388
15995.92193
16014.15814
15966.50168
15920.20166
15859.42099
15962.34679
15878.77594
15943.93367
15999.18866
15978.62624
15999.22421
15987.01936
15924.01105
16002.58679
15974.47529
15911.21628
15957.38976
15944.02377
15935.61620
15970.97901
15943.67945
15922.59585
15982.98494
15917.41466
15985.52091
15977.13732
16013.81244
16044.34145
16042.98471
16079.42528
16128.49590
16005.22086
16053.64698
15992.77931
16080.25407
16037.50057
16059.31069
15998.84903
15950.76899
15947.41727
15932.68404
15955.14657
15956.49591
16002.89182
15977.66578
16009.90251
15953.51649
15960.45062
16029.23598
15987.82177
15982.14724
15996.23651
16075.53197
16041.93572
16093.33569
16089.60799
16117.14116
16192.32497
16120.64012
16124.59475
16118.58749
16087.46806
16051.67467
16055.41081
16051.46305
16045.51317
16043.35893
16056.41072
16086.64973
16069.90871
16144.92844
16052.43122
16059.18135
16066.35729
15986.91038
16033.08798
16058.08583
16044.30071
16007.13254
16061.98221
16043.25727
15947.46123
15981.00574
15945.20356
15992.04478
16011.22128
16054.66134
16011.83524
15998.40995
15917.27408
15860.91317
15884.73828
15875.00593
15924.54630
15945.49068
15913.65690
15867.36021
15859.71534
15879.05276
15882.96928
15808.65171
15883.17388
15873.73488
15894.90370
15907.28128
15916.54087
15862.98791
15979.53209
15922.13849
15976.92419
15933.37045
15952.19951
16001.68661
16098.72432
16079.38417
16085.57512
16101.07191
16072.85287
16038.19148
16020.18246
16071.19409
16071.87303
16003.35078
16090.37499
16003.16793
15989.61065
15918.81633
15930.54357
15884.57883
15848.63045
15862.18330
15857.19376
15858.98574
15891.66617
15922.19231
15960.86086
15947.24536
15898.72767
15945.50274
16007.05805
15919.26059
16009.11752
16001.26008
16099.94432
16105.34444
16105.58951
16068.23743
16081.78206
16030.83733
16025.98723
16053.45878
16089.70342
16035.73535
16012.11483
15948.71226
16036.44884
15933.22925
15960.66963
15985.79526
16029.48889
15974.24743
15921.99120
15982.44796
15935.25213
15935.77541
15909.85127
15985.09386
15924.26557
15964.17735
15903.12213
15917.24449
15908.34532
15930.54158
15957.87930
15881.59844
15897.50779
15928.88346
15899.41386
15871.70904
15947.90546
15925.33411
15878.44873
15880.98341
15847.32563
15847.59068
15814.29315
15849.57673
15967.24211
15978.11163
16007.31183
16007.06779
15948.02747
16017.95569
15985.86217
15963.73514
16041.15207
16012.45075
15939.33777
15971.17624
15913.46374
15868.62260
15958.74612
15908.18027
15981.31216
15945.98779
15925.91807
15978.89069
15997.75700
15949.04918
15955.05490
15991.41700
15988.61852
16004.72651
16013.19874
15954.74575
15906.41616
15858.58764
15977.65567
15974.26320
15936.01634
15981.64709
15977.91414
15953.87420
15840.75860
15825.96810
15917.72406
15907.29339
15934.84487
15821.32064
15850.69747
15905.07015
15878.93013
15851.18996
15836.53330
15860.49324
15861.50394
15817.60017
15841.57362
15833.00927
15875.95833
15838.92144
15873.23038
15806.57373
15798.60062
15860.35784
15811.25017
15780.08295
15779.11680
15893.63823
15855.82846
15824.56242
15871.15675
15867.11782
15964.14322
15865.56508
15910.72074
15799.48978
15891.53994
15886.43927
15885.44279
15929.74747
16003.39636
15994.80152
15910.29813
15969.80730
15973.09428
15985.84628
15942.04190
15846.19281
15907.26132
15904.83239
15983.88797
15935.21952
15908.66750
15849.92057
15801.86101
15884.83925
15823.52021
15803.05543
15827.70290
15782.66287
15808.75582
15832.63697
15723.51322
15752.68841
15789.64500
15788.21560
15771.72788
15753.07648
15747.36768
15666.79027
15714.74857
15650.21619
15764.93146
15724.23549
15791.27241
15742.92385
15755.41268
15903.18995
15836.41091
15895.50674
15849.91727
15857.34564
15834.82858
15820.41276
15796.23771
15809.13909
15768.29873
15744.91933
15850.16871
15877.97798
15801.50426
15816.73645
15836.33831
15889.98549
15868.65234
15809.28138
15758.30369
15743.43864
15839.62000
15803.33898
15853.57952
15834.10821
15678.95516
15799.48253
15738.19856
15895.50451
15840.24342
15783.57644
15772.42547
15819.51032
15860.50113
15790.38687
15843.48975
15887.09485
15838.82028
15822.68764
15802.68725
15870.56086
15895.63813
15829.19123
15816.67336
15838.60176
15824.79246
15776.35733
15733.69557
15838.21593
15823.23783
15920.24002
15835.07163
15795.74877
15839.24116
15738.21412
15874.59839
15810.27516
15838.38834
15835.08569
15773.99098
15761.59285
15699.25696
15673.94518
15716.46623
15761.83632
15699.92413
15640.71119
15592.77525
15582.58851
15607.86948
15534.15253
15557.60916
15562.06093
15652.85186
15661.85800
15602.74208
15568.65736
15587.30898
15649.71979
15567.28037
15515.36364
15660.65848
15543.46035
15535.43408
15615.88847
15642.10335
15622.97620
15687.64769
15716.02787
15656.44423
15589.46886
15605.97634
15664.57439
15657.45892
15716.55863
15685.19229
15721.94165
15823.02127
15832.81369
15802.96122
15782.22512
15712.31263
15779.58818
15784.61163
15769.14740
15650.27809
15627.15578
15622.45752
15672.36400
15710.17646
15760.61200
15833.38646
15821.32400
15913.91798
15768.22593
15797.70070
15803.63493
15831.02621
15780.35072
15811.59266
15831.44072
15809.23878
15766.31001
15759.73621
15791.44448
15812.73772
15815.94464
15787.99712
15818.98750
15752.31684
15847.89757
15810.28547
15778.67723
15817.10409
15811.98402
15852.14122
15938.00899
15921.40966
15961.00597
16000.91097
15963.00074
15961.76865
15980.73463
15927.18733
15927.04384
15918.38418
16043.65177
15932.22525
15824.88433
15916.33343
15963.52429
15940.57300
15895.95451
15895.68168
15990.43172
15873.03839
15957.26531
15957.27186
15934.06519
16002.16798
15811.58175
15778.26855
15894.14778
15896.24004
15952.92455
15920.26578
15888.65092
15864.64589
15843.85590
15842.77335
15923.14667
15861.33153
15904.13272
15909.08743
15879.46184
15907.52890
15917.49193
15922.71909
15867.50027
15922.28442
15981.19239
15954.23216
15876.58592
15935.92106
15908.21229
15863.21947
15916.93772
15871.41666
15972.92147
15944.72506
15885.73188
15785.24076
15803.95946
15828.48329
15848.61493
15861.74838
15860.70314
15856.61309
15926.59811
15850.10242
15827.62694
15844.22761
15819.64206
15848.78986
15722.58145
15781.35956
15763.75667
15828.70442
15772.93516
15763.76318
15675.43277
15794.29904
15744.29002
15760.08311
15752.77255
15627.44137
15770.11807
15735.56258
15774.84402
15732.76596
15723.09907
15730.32023
15734.75307
15757.13241
15765.72233
15717.54646
15764.60352
15791.30126
15753.69801
15788.05942
15832.86779
15812.54391
15794.82015
15918.89078
15862.70197
15812.35047
15794.71836
15746.21601
15849.44673
15896.66544
15856.00008
15935.78350
15802.64477
15775.24963
15780.20540
15807.41049
15702.65605
15647.38400
15583.93983
15545.96750
15728.40263
15752.34670
15772.24709
15788.87254
15714.40871
15755.01143
15711.52682
15649.54219
15717.50001
15607.80592
15634.17818
15720.52878
15777.14239
15795.50430
15799.94426
15837.85937
15747.86251
15680.14038
15677.82557
15798.80323
15748.35682
15663.54762
15698.73392
15782.70572
15592.72769
15604.82883
15620.44135
15665.79921
15612.29387
15668.64359
15629.09792
15621.13625
15654.34496
15672.27755
15651.32278
15618.49733
15659.02545
15721.09210
15728.23279
15746.56901
15665.15945
15639.20721
15700.37526
15645.68996
15598.06399
15572.15704
15561.45332
15524.81201
15573.07890
15615.89308
15600.00771
15631.85744
15559.29662
15606.66863
15550.63941
15656.38833
15704.96471
15730.64865
15628.76373
15651.41506
15718.27300
15653.14808
15664.35200
15640.79214
15509.74476
15615.55387
15627.34001
15721.93465
15752.18852
15762.93785
15663.71029
15699.00573
15668.77545
15667.56009
15610.69118
15593.64052
15628.37978
15627.41455
15632.89155
15640.28696
15595.55334
15597.05165
15622.65768
15714.13437
15775.22841
15726.98790
15763.60442
15700.04143
15750.82090
15665.73290
15607.96915
15733.27476
15720.32685
15637.70771
15640.11697
15661.74410
15788.14197
15780.02295
15720.46409
15835.34987
15787.28128
15906.93296
15936.57002
15932.13708
15856.30188
15885.92401
15973.52897
15885.92091
15935.21864
15895.50109
15813.19457
15843.22810
15879.98253
15786.42460
15829.10243
15774.57083
15845.49019
15761.30072
15820.79571
15869.84482
15880.83855
15882.16026
15798.29527
15800.47585
15704.17978
15728.06182
15716.57069
15746.51606
15736.46104
15769.67382
15785.58741
15708.49185
15694.69350
15753.40278
15672.22231
15679.70823
15714.33107
15734.04118
15715.49869
15697.96150
15582.72695
15616.44643
15622.34714
15627.42291
15676.03767
15600.54922
15647.09591
15554.69154
15610.70666
15646.05417
15666.78156
15710.88440
15667.94765
15635.39633
15615.28150
15610.07183
15662.45766
15749.20335
15741.40870
15724.42161
15673.58249
15722.04687
15748.21509
15787.64153
15790.81842
15736.44123
15648.57724
15581.31496
15680.78707
15614.78753
15619.12814
15649.47538
15683.95763
15664.34772
15732.95850
15778.53054
15806.03732
15806.26171
15809.21447
15753.76238
15826.60587
15797.19401
15732.32397
15705.38986
15727.06674
15731.64328
15788.22468
15724.43435
15808.01366
15789.84452
15803.77657
15810.06773
15776.33076
15819.68632
15728.27252
15819.06382
15846.05312
15808.79355
15871.03898
15843.64296
15883.04228
15867.04936
15797.89153
15717.38439
15752.95702
15730.95640
15656.47596
15747.21832
15776.32203
15732.42933
15637.90202
15642.28314
15636.68465
15645.02076
15614.89999
15678.86632
15683.63245
15625.57420
15675.80752
15789.82000
15694.19776
15782.71136
15717.89561
15643.45674
15696.09327
15688.84084
15723.34661
15726.36845
15809.31408
15790.92414
15757.85940
15741.07175
15758.62231
15677.19860
15672.95656
15594.70063
15620.65048
15623.50898
15636.59366
15679.12801
15725.52270
15722.23097
15721.50464
15775.82768
15748.24269
15768.41766
15857.68958
15837.08129
15731.70557
15758.35402
15813.76203
15834.38855
15772.18623
15826.32254
15845.04958
15892.25321
15859.90402
15758.70189
15798.24832
15839.43999
15728.80317
15778.33812
15850.30757
15774.58461
15762.74399
15847.88730
15911.42236
15849.09299
15900.17093
15857.17999
15834.31802
15890.34580
15812.14533
15846.36315
15762.44183
15783.33984
15766.23382
15870.58786
15891.06974
15912.08135
15969.82169
15895.94054
15865.84148
15787.66770
15857.41380
15751.03267
15741.63488
15759.55340
15728.56838
15741.00786
15862.69613
15830.09921
15857.09182
15831.55310
15801.57913
15780.33563
15735.78022
15810.21549
15794.50124
15755.77137
15836.42377
15832.75445
15805.85844
15747.19192
15793.50797
15757.03551
15807.75954
15697.69081
15700.10398
15741.57638
15651.40947
15677.48750
15745.82050
15748.90306
15763.39147
15816.63512
15717.53322
15773.15640
15852.24042
15822.09740
15765.46364
15749.48922
15789.13385
15783.17624
15765.91834
15784.74683
15818.96789
15842.40887
15869.58167
15828.44788
15928.51793
15945.58208
15896.09742
15982.84380
15970.65366
15991.65864
15829.72091
15984.92383
15947.25201
15902.67920
15959.15155
15947.85484
15931.49283
15918.85569
15917.53336
15932.67306
15855.17876
15896.28982
15708.54624
15799.29512
15852.31744
15797.55907
15813.80693
15837.37472
15781.99805
15839.32205
15761.59067
15854.09273
15848.34941
15852.51233
15810.91915
15841.34889
15831.85328
15880.68376
15855.84404
15839.19961
15911.36487
15845.35141
15847.94286
15819.13119
15869.64128
15823.69156
15786.65157
15833.98424
15942.17333
15832.57985
15939.64999
15875.52902
15879.65324
15918.52573
15989.71650
15875.87749
15859.45967
15838.20837
15882.68012
15823.57079
15794.45628
15831.33513
15808.46431
15780.90045
15781.50103
15855.46587
15841.72452
15791.00021
15808.65720
15733.07647
15771.00883
15788.00153
15856.61392
15989.05838
15939.44267
15880.38208
15801.62068
15804.78746
15827.59257
15793.14334
15877.73254
15775.65730
15745.02391
15714.12981
15709.24012
15733.81750
15814.37671
15763.15053
15728.86984
15695.31249
15826.47629
15803.23110
15764.59689
15773.15968
15707.63461
15765.57954
15709.12067
15782.37587
15759.50463
15730.78108
15642.35935
15618.48912
15624.99221
15637.22516
15731.76530
15652.80771
15743.51225
15695.20010
15680.15989
15715.73983
15650.17069
15629.81883
15525.58357
15559.85631
15500.27769
15496.98530
15559.09694
15524.93221
15577.71446
15628.21085
15569.98327
15589.31888
15593.42978
15627.90804
15637.75961
15541.93276
15523.49189
15611.49523
15561.98388
15586.36834
15639.09382
15598.72644
15643.64841
15730.52519
15625.26922
15543.52493
15545.23439
15570.47403
15600.92415
15625.64018
15558.78950
15539.88471
15551.12444
15545.17452
15647.86209
15649.05821
15586.92693
15591.58398
15579.40141
15646.02105
15700.57027
15774.05671
15796.21081
15780.64079
15728.91537
15771.39005
15746.17691
15799.07226
15755.78237
15768.47443
15757.18294
15779.68284
15731.43551
15722.99498
15791.36922
15775.05607
15772.48566
15780.07079
15790.90111
15813.10066
15802.41066
15750.01787
15761.14384
15775.78703
15896.22929
15893.55723
15852.30134
15969.45862
15862.85465
15810.48677
15760.73749
15717.92163
15636.15001
15645.11305
15596.28858
15650.09205
15619.26282
15612.36190
15551.49719
15566.16605
15607.48724
15609.82320
15597.47670
15631.02727
15599.49191
15581.28774
15605.13966
15604.90456
15629.07097
15727.24732
15732.43507
15673.43365
15624.92088
15676.80467
15655.39093
15652.28248
15622.52675
15594.58166
15530.34632
15591.27120
15601.32582
15476.87561
15447.05637
15515.59560
15493.23892
15549.45805
15530.21480
15527.05855
15551.25212
15488.59455
15548.51580
15610.86766
15636.92373
15648.22895
15602.90503
15705.73917
15600.54623
15677.36072
15597.96133
15619.79495
15640.80945
15620.28797
15500.91274
15628.20076
15563.08867
15568.29326
15482.12814
15476.51927
15543.12940
15580.65634
15553.38641
15614.00691
15566.77398
15513.22033
15510.95419
15471.89086
15489.26785
15525.09486
15588.92731
15616.29724
15592.76155
15536.32219
15610.43264
15604.34151
15600.51545
15593.91957
15700.15637
15598.88798
15609.35366
15589.30142
15573.33200
15666.13479
15606.61477
15547.92274
15444.14058
15435.44422
15495.29893
15628.53032
15564.08848
15672.84692
15639.38293
15647.84726
15699.29334
15719.40273
15685.60607
15682.71979
15667.39148
15679.08639
15587.46670
15626.17688
15560.02780
15566.22026
15518.46997
15609.88797
15628.04889
15590.20037
15619.19230
15612.62178
15608.88570
15627.15654
15584.57688
15691.45308
15629.62146
15528.68829
15552.77270
15572.73428
15667.42355
15519.57551
15667.38970
15651.81067
15550.72283
15643.72439
15663.85235
15607.57975
15799.86059
15868.97583
15900.37416
15908.29757
15817.09981
15861.24767
15896.55377
15794.29972
15855.20270
15947.90529
15951.61323
15802.71493
15734.24506
15739.16949
15607.33812
15692.25482
15759.54509
15771.68322
15794.10740
15880.96409
15891.98609
15853.49202
15810.02698
15839.57915
15817.94691
15835.19825
15798.90469
15826.31904
15797.68120
15780.61221
15803.17709
15759.03538
15786.91970
15721.20889
15716.02376
15709.38044
15758.50478
15761.34113
15794.37884
15721.95665
15691.42598
15636.43758
15739.35126
15675.11045
15736.28686
15718.52281
15727.09102
15768.60630
15712.63292
15640.43999
15687.28878
15673.35642
15705.76656
15742.39777
15708.04038
15661.80135
15692.93701
15632.86607
15675.49817
15627.35722
15771.81927
15752.55716
15727.00753
15603.86175
15676.00513
15544.23376
15617.34662
15697.27920
15660.93107
15661.35663
15684.90630
15660.66800
15635.97199
15601.54927
15675.23766
15817.38676
15777.79119
15751.03555
15697.04631
15752.15484
15822.30387
15787.08042
15959.70532
15953.35788
15977.96392
15977.18938
15964.70557
15973.74041
15884.10270
15854.24368
15870.86584
15868.98728
15811.81384
15752.88074
15774.58752
15793.55221
15764.96018
15739.92479
15769.78523
15904.40038
15873.77846
15864.12181
15861.01040
15821.43488
15829.51709
15824.49719
15842.60803
15816.12211
15831.45341
15898.60844
15900.16456
15904.42118
15846.98028
15917.27922
15900.56219
15814.92435
15736.96904
15777.23680
15689.19238
15747.33757
15734.18345
15809.19360
15756.36542
15784.57451
15774.71518
15752.97238
15836.53559
15805.38083
15714.51463
15870.20386
15808.05464
15849.06494
15873.60695
15860.93603
15845.79795
15738.66788
15769.52975
15701.17409
15754.64625
15731.88707
15784.83442
15766.19912
15891.59554
15786.40983
15761.62886
15897.35900
15926.97860
15917.02348
15905.64647
15898.26408
15881.41498
15897.43530
15825.39851
15801.71509
15740.64259
15802.36060
15794.25248
15707.06341
15752.31386
15775.26048
15848.07639
15707.44710
15820.89556
15960.27059
15986.66146
15900.61051
15915.50480
15930.07279
15987.85984
15928.82464
15906.99379
15911.25019
15880.91403
15797.71444
15735.36080
15847.01293
15894.74716
15800.49236
15847.84422
15859.71967
15906.12320
15868.09213
15901.92125
15919.52832
15960.72983
15828.68902
15743.65155
15789.59598
15879.51607
15928.97628
15871.41088
15870.51390
15845.35044
15927.33139
15821.83252
15884.00660
15839.84928
15755.92625
15749.83660
15807.18702
15820.73866
15807.06273
15787.47487
15862.52440
15836.45004
15809.86028
15862.44768
15883.22868
15900.45604
15929.23902
15882.73472
15914.14237
15898.74453
15825.47018
15732.00551
15755.37992
15771.40824
15742.52724
15813.97902
15745.87158
15750.19779
15858.12444
15807.67006
15799.26541
15751.41271
15810.83640
15727.31884
15782.63547
15864.77304
15824.60246
15858.94765
15805.43224
15793.42264
15824.96307
15830.92109
15675.26061
15647.43207
15567.06948
15533.52193
15496.44824
15521.84294
15565.41689
15629.04743
15551.74125
15590.49459
15576.51768
15526.03679
15538.73203
15470.52593
15456.67522
15479.06331
15481.13067
15602.64492
15632.55475
15717.67668
15711.85611
15704.84017
15666.62819
15803.26096
15823.67348
15751.20866
15707.37366
15740.83103
15813.63491
15800.31904
15777.39805
15813.05621
15789.23357
15758.36467
15705.90201
15679.02269
15572.30830
15613.92377
15668.92655
15652.71879
15607.14409
15680.99925
15635.16967
15619.06885
15645.73711
15680.18717
15578.75213
15520.61042
15397.28193
15336.85470
15301.65581
15288.89423
15327.50327
15391.47697
15414.97919
15341.51502
15289.31038
15274.67842
15340.56627
15282.44188
15314.60889
15335.86018
15314.38004
15315.81290
15204.44010
15216.92062
15217.71635
15292.88690
15355.85784
15400.71233
15358.63401
15297.28850
15378.91834
15283.67120
15296.87732
15276.87598
15370.73575
15356.43767
15466.83895
15304.96492
15361.09775
15376.19116
15391.10201
15360.40748
15343.00329
15317.37680
15352.47339
15348.30785
15486.39057
15477.01456
15496.16868
15533.16758
15538.01275
15496.10080
15492.21361
15571.12468
15558.49245
15613.69546
15413.16482
15478.70881
15589.91405
15480.02636
15563.46749
15610.98752
15622.06728
15570.97999
15637.50607
15585.04766
15605.37984
15616.84139
15569.64539
15519.56899
15654.38160
15597.95959
15690.39679
15681.48536
15666.25985
15757.39627
15643.36709
15565.05530
15686.26280
15659.30543
15442.28030
15411.34354
15316.74233
15388.13910
15488.21403
15573.03424
15540.38733
15440.50326
15615.89965
15628.90218
15539.50938
15608.92316
15561.03228
15555.63553
15479.95763
15511.45268
15564.86922
15556.97519
15551.32246
15666.05050
15565.72217
15646.39281
15719.20675
15643.46752
15603.96364
15611.69054
15633.21091
15573.26043
15625.51027
15642.99325
15681.49356
15658.52149
15714.29806
15714.50211
15726.80570
15668.18020
15695.50488
15701.54517
15590.79446
15619.90220
15806.05650
15686.41167
15733.89066
15616.74581
15615.04672
15621.31888
15624.66765
15538.55332
15573.12471
15670.66271
15718.84234
15701.11414
15631.85628
15744.68817
15711.38499
15727.88886
15705.26524
15751.96236
15771.57012
15745.13157
15805.45256
15796.23357
15815.62431
15872.76582
15889.72779
15846.59162
15784.15521
15848.38741
15782.59740
15814.03760
15685.04920
15665.71565
15668.68187
15613.29518
15680.45034
15712.69051
15730.00692
15680.74075
15601.93113
15538.49642
15508.37111
15519.70767
15510.34516
15563.52389
15586.64790
15589.08351
15631.21656
15634.02996
15558.26826
15505.89118
15528.87496
15538.52518
15594.02597
15644.79744
15599.48018
15601.63441
15479.65677
15455.36435
15589.42581
15642.82057
15657.24995
15624.98476
15647.69072
15687.27728
15726.02999
15634.24182
15674.85047
15650.93565
15683.19721
15699.68993
15643.88606
15701.43534
15680.69432
15718.43851
15727.21335
15741.53316
15796.58630
15839.34065
15760.11302
15703.33573
15718.23789
15699.54545
15708.32220
15555.70608
15595.44845
15594.16176
15479.73226
15581.24922
15469.87608
15485.80246
15537.35417
15633.02171
15610.75875
15669.96756
15482.53916
15461.50581
15568.46814
15561.11103
15613.60285
15590.65074
15593.87562
15653.48582
15739.24087
15620.05076
15632.52608
15676.73289
15847.10459
15804.92839
15769.05344
15730.46686
15683.55883
15750.42681
15610.57820
15680.99428
15676.29076
15688.05010
15740.29784
15731.43297
15735.64291
15745.37469
15689.27276
15710.40773
15702.17308
15658.61336
15636.79686
15702.78847
15669.11803
15620.05052
15779.27220
15705.55220
15728.98606
15699.85250
15693.62560
15683.00294
15705.22589
15637.55529
15679.61274
15737.64374
15622.46003
15591.38415
15583.82777
15672.65011
15718.25850
15678.57621
15692.97381
15715.17998
15706.41418
15707.14365
15695.93697
15692.30686
15653.89799
15528.02554
15553.24831
15442.27190
15506.27770
15450.43442
15606.46484
15727.09378
15745.16118
15697.84388
15698.80128
15623.73743
15543.34065
15564.19894
15596.22562
15634.79232
15661.89033
15669.50664
15645.66466
15703.76019
15677.26458
15682.11803
15735.57485
15712.88517
15649.64293
15688.34630
15810.73174
15742.09910
15609.18121
15597.02959
15637.14840
15635.72791
15549.44762
15596.96133
15703.70005
15629.47606
15703.04635
15708.64594
15638.63611
15667.08067
15808.05969
15664.03212
15749.97562
15647.16456
15654.77734
15548.49302
15641.57184
15652.29475
15639.80240
15646.73252
15630.96066
15545.05424
15536.86786
15563.22590
15468.55903
15576.36698
15630.26393
15605.24853
15618.83899
15590.92287
15641.06518
15662.86991
15718.15830
15713.36491
15743.27237
15763.32682
15768.94575
15732.22350
15798.18070
15791.52478
15797.40765
15884.34370
15837.30030
15660.82441
15709.29941
15635.32617
15684.66671
15598.53121
15488.60546
15436.86860
15363.49843
15373.54454
15417.69597
15432.21550
15526.52320
15569.02732
15612.28156
15560.26250
15611.92663
15693.77944
15586.93578
15479.11201
15572.11919
15584.66006
15543.53456
15597.75412
15719.13798
15627.33305
15586.51626
15552.21168
15604.08709
15676.81582
15615.37570
15528.75528
15496.17723
15519.95826
15560.92428
15538.47293
15596.68993
15550.68256
15642.99173
15637.52381
15612.85393
15628.25180
15609.31087
15543.47443
15563.59166
15548.23432
15533.08644
15502.56794
15539.60647
15528.06333
15514.91840
15440.29064
15520.12906
15566.62613
15541.00838
15522.96724
15587.02841
15561.43031
15574.11311
15655.59107
15561.14436
15555.27022
15562.90050
15473.75138
15534.82978
15537.28379
15509.55713
15574.06924
15476.79190
15564.75590
15561.10690
15543.69052
15536.56734
15456.20259
15454.57140
15341.22745
15442.17264
15492.19233
15532.78815
15548.00165
15626.42499
15593.17793
15652.21958
15549.87849
15534.86950
15450.04200
15404.15269
15374.26849
15380.65504
15423.19140
15476.59616
15486.24979
15508.06273
15604.80875
15610.02230
15563.22882
15615.31315
15595.86026
15757.45404
15681.51305
15655.90554
15532.25965
15447.96055
15505.98796
15487.36128
15558.18817
15513.05108
15401.56749
15480.38379
15430.62936
15478.42373
15546.04980
15567.79954
15564.98193
15604.61605
15543.09668
15563.89239
15712.90188
15644.32609
15694.83535
15672.51063
15742.88683
15757.20369
15668.39407
15755.02792
15616.27622
15556.15987
15528.94658
15547.77520
15491.71351
15546.88377
15682.30286
15592.90805
15580.60285
15565.28194
15598.58568
15608.55405
15573.15791
15514.72450
15518.40147
15563.09622
15615.83814
15548.27660
15527.12956
15641.03035
15590.58771
15606.57419
15691.44542
15632.17946
15606.95467
15561.87644
15687.03760
15684.96374
15687.63242
15700.56731
15661.72865
15638.29779
15741.98987
15631.89726
15705.69344
15594.14180
15631.96195
15649.27508
15706.56195
15657.65582
15703.39128
15735.09515
15662.96799
15678.93852
15822.76775
15790.95721
15683.09726
15722.05827
15660.00699
15665.25369
15649.92403
15596.70138
15642.43471
15625.34969
15643.79798
15624.90411
15653.37127
15659.96905
15693.07323
15654.41369
15721.74253
15712.37416
15772.70296
15763.98765
15594.87976
15619.41580
15642.15310
15530.16201
15590.20715
15597.18222
15737.78119
15641.70842
15677.63074
15615.36288
15673.17166
15640.27008
15655.58710
15625.83607
15640.79269
15559.99972
15605.24444
15624.50283
15585.34279
15596.81819
15570.76845
15584.64358
15668.00508
15628.22322
15573.62239
15546.62494
15531.04449
15514.56125
15561.82116
15563.16706
15650.43610
15536.30960
15613.23635
15611.24904
15593.29028
15702.43803
15719.94909
15695.00427
15746.78358
15623.26618
15688.58021
15689.05963
15671.70009
15688.85283
15619.60532
15628.32757
15787.16805
15709.19753
15702.56594
15760.17628
15810.41080
15753.49502
15854.73330
15790.09982
15664.29587
15691.58681
15738.07232
15734.18967
15659.37891
15673.34911
15738.57062
15780.30365
15739.41334
15759.34256
15722.88658
15767.84231
15705.06969
15616.90517
15616.75197
15452.37535
15518.40233
15570.62227
15666.28509
15705.96375
15845.98722
15757.10352
15694.28211
15738.86853
15728.41828
15724.45418
15746.74992
15762.08968
15726.04318
15670.28838
15659.49610
15676.02155
15708.69102
15713.34782
15708.86568
15753.74160
15782.44816
15764.28984
15893.91226
15933.75348
15873.99047
15852.50589
15913.03166
15893.73820
15907.50668
15977.33263
15954.25827
16053.16094
16095.64656
16025.75503
16063.29128
16060.26028
16039.96536
16152.43787
16166.80908
16164.20057
16122.14177
16108.85179
16005.10540
16020.57990
16002.86970
16056.70173
16104.45695
16125.94746
16138.93808
16185.23119
16189.12405
16166.14583
16137.28432
16111.77577
16094.05965
16051.73956
15943.34371
15925.52138
15914.33144
15904.97322
15802.72628
15859.48775
15789.19135
15729.83780
15719.56382
15716.41824
15655.90716
15763.84215
15771.44361
15789.96856
15725.04853
15763.83361
15784.53735
15734.13022
15702.47093
15915.84260
15872.29383
15854.03033
15774.57923
15798.63503
15653.62128
15741.90656
15792.90898
15763.76322
15784.12435
15709.70899
15655.81878
15730.48230
15765.57450
15712.27833
15741.29559
15727.41218
15672.12460
15634.94756
15677.20542
15651.42558
15680.01724
15685.21217
15657.63436
15731.93225
15677.83868
15598.99776
15569.89072
15493.19388
15533.56830
15552.43168
15547.39841
15517.62571
15470.33336
15557.79937
15574.14370
15617.05553
15601.32906
15590.24103
15654.08258
15581.16850
15631.80845
15671.94794
15646.52145
15637.94858
15564.65136
15669.92230
15546.76670
15556.67439
15548.59650
15464.20752
15460.20854
15572.89881
15468.98827
15451.45250
15447.10834
15407.45356
15445.44892
15500.33082
15613.64612
15531.34980
15599.51105
15684.54224
15642.51900
15665.63729
15552.01766
15530.64810
15432.91592
15379.30154
15401.96914
15383.29487
15377.42306
15410.28429
15320.20263
15360.20017
15388.76199
15332.31720
15500.90730
15365.38522
15341.54102
15271.16947
15302.95017
15291.60279
15352.16043
15342.21901
15287.23858
15356.98832
15302.27615
15333.41093
15251.50021
15294.16867
15358.90688
15331.92178
15357.07166
15337.83859
15389.78602
15453.42268
15419.95255
15462.53172
15411.09449
15472.45644
15246.54903
15238.81805
15248.38664
15240.51935
15311.11522
15308.66983
15413.81032
15315.56687
15348.36123
15476.31654
15515.77523
15560.99385
15539.50519
15576.30279
15572.87547
15563.80605
15624.86823
15763.18059
15732.32796
15679.14444
15597.09150
15585.84359
15674.91343
15693.09906
15671.85759
15643.90765
15663.92496
15647.16371
15599.02103
15630.30740
15596.61963
15634.00968
15651.68908
15620.49920
15527.66749
15619.95836
15546.17589
15583.98873
15599.42300
15534.23767
15476.09958
15528.80931
15510.79619
15383.71458
15444.31147
15466.07661
15491.99737
15527.16915
15493.18103
15388.76130
15505.75026
15539.58750
15523.86473
15613.62746
15652.08223
15721.23662
15692.19852
15781.28627
15774.10095
15656.79785
15748.40659
15841.01480
15807.21398
15850.47415
15852.48555
15842.42320
15802.95577
15679.34703
15763.23001
15729.93131
15688.51566
15715.96660
15657.81169
15549.90932
15543.87668
15571.05804
15684.21710
15622.12898
15613.83563
15624.43409
15654.65615
15556.30094
15590.47951
15640.20644
15572.53911
15598.76180
15652.01363
15702.82197
15614.39477
15717.24809
15749.75894
15708.27255
15655.17139
15634.53027
15549.19956
15545.36211
15667.11958
15640.09533
15568.46039
15631.17851
15638.73234
15667.54675
15660.44363
15640.43972
15661.43396
15682.05211
15696.27911
15652.73412
15664.29980
15584.17903
15599.17589
15562.78053
15596.85802
15594.25739
15606.11835
