15535.50080
15507.00813
15435.33555
15491.03368
15432.86585
15291.43508
15410.66184
15378.37970
15460.27819
15474.47276
15434.60823
15304.94599
15346.31659
15421.37794
15402.71383
15457.43890
15399.83292
15461.44717
15443.70677
15461.61108
15467.89307
15459.93021
15459.51160
15469.54377
15497.41891
15441.82847
15508.81021
15571.45676
15451.10147
15467.03413
15447.64571
15415.20958
15429.19641
15456.51205
15430.14119
15395.37800
15442.66631
15405.85137
15424.97269
15456.34563
15533.06553
15472.02715
15445.78253
15455.86758
15510.01826
15483.36522
15451.33397
15502.20045
15570.18740
15547.05388
15527.83028
15460.05281
15509.14518
15460.71484
15431.12133
15565.73343
15573.67469
15557.11487
15592.50584
15638.81403
15612.38684
15635.92243
15610.75029
15632.66973
15636.07158
15713.28682
15711.59683
15703.61373
15765.32166
15759.61870
15812.83116
15767.08651
15829.39000
15739.01054
15680.34687
15718.95365
15747.89201
15761.92801
15696.80713
15645.55122
15638.24896
15722.08325
15687.98070
15703.93474
15719.06606
15714.89895
15723.29663
15751.51046
15697.12017
15667.13864
15733.81432
15704.31764
15679.81865
15643.96757
15614.38555
15595.49802
15604.51981
15597.45566
15601.50685
15633.59068
15626.12154
15608.52333
15668.88049
15602.67665
15693.82001
15657.99569
15745.00003
15770.97999
15771.43447
15783.15013
15806.09929
15759.79609
15735.79837
15730.49529
15618.05134
15653.94012
15645.24585
15610.26186
15579.49495
15603.44386
15632.62192
15809.55221
15720.09581
15751.76248
15689.17338
15707.32302
15712.61008
15799.23820
15725.19977
15730.51774
15746.41758
15768.91861
15792.40993
15846.95726
15868.32535
15818.30599
15846.49684
15830.46613
15889.82127
15790.08395
15779.31771
15740.48659
15725.90193
15698.80994
15744.46512
15723.06319
15684.37072
15750.95921
15730.00330
15774.00479
15704.44837
15720.81797
15770.09645
15705.56114
15722.29242
15709.71297
15791.51940
15874.15252
15804.16307
15808.42166
15790.75337
15814.52826
15744.26155
15695.98028
15774.88856
15749.35626
15783.32079
15839.96286
15724.86562
15681.70466
15675.37852
15620.78632
15684.46365
15653.85225
15740.59034
15728.65553
15731.30979
15709.20961
15745.13869
15762.83574
15821.18674
15802.19731
15833.06227
15799.14400
15697.55478
15737.81237
15737.24105
15715.89494
15737.91579
15784.53562
15726.86839
15719.17131
15768.01846
15777.14162
15756.40421
15730.25419
15698.88680
15678.84927
15684.64438
15668.29114
15647.21867
15723.33287
15776.47876
15741.02323
15719.30961
15639.43183
15604.74051
15632.38421
15672.44145
15702.93923
15697.01279
15678.44568
15630.99673
15652.21064
15603.05537
15565.03442
15640.41844
15604.84908
15599.40469
15633.27248
15638.82921
15643.26716
15619.73554
15622.11929
15594.85952
15627.16576
15566.09194
15562.33627
15584.41719
15646.28511
15599.54352
15552.63657
15502.27248
15472.42929
15523.45484
15529.14070
15537.59977
15527.63401
15606.69865
15719.37721
15741.28461
15702.09597
15680.87346
15698.04990
15679.62704
15691.20236
15768.79639
15713.65462
15611.10029
15651.34539
15724.42321
15727.49661
15776.17233
15727.53728
15735.20469
15779.20827
15880.42450
15787.59292
15790.83387
15819.92864
15883.73501
15853.42491
15886.36442
15933.03872
15935.53600
15916.80738
16015.00395
16065.93589
16038.64734
16018.84433
16027.65559
16045.21714
16015.69371
16073.67350
15965.89408
15957.23799
15939.90489
16023.29781
16086.80764
16011.50833
15985.08572
15957.95221
15901.69380
15931.91160
16000.74180
15992.86464
15942.61620
15974.53934
15967.44301
15866.02793
15876.62673
15922.14677
15909.75583
15960.50733
15887.97608
15899.43597
15855.05811
15972.95715
15970.39095
15935.10337
15963.55571
15826.74576
15931.85155
15885.16699
15852.89106
15867.50417
15950.23791
15918.80601
15906.52294
15850.46076
15830.74838
15790.26402
15719.17461
15712.94540
15706.79617
15730.46006
15814.19472
15725.24205
15885.10643
15729.48560
15768.14468
15793.71677
15781.54209
15754.86637
15758.57245
15736.05359
15722.64336
15707.67553
15684.56720
15736.67457
15563.75950
15594.17938
15646.21860
15639.84762
15720.63698
15696.99166
15566.83272
15600.00414
15621.05748
15651.94217
15663.98864
15604.35206
15663.55193
15623.60623
15523.48112
15595.97318
15652.85666
15634.85993
15633.21580
15740.92678
15610.69960
15672.66602
15606.36633
15595.69679
15635.65579
15629.57512
15624.35327
15734.98122
15633.94237
15598.77788
15628.53623
15622.64057
15667.16262
15647.07734
15687.57179
15702.72201
15781.33893
15739.20038
15530.34241
15598.88418
15741.51953
15822.46410
15814.62221
15813.48089
15758.93908
15682.93406
15787.76530
15764.26764
15731.23257
15735.64153
15800.30471
15686.11422
15679.26969
15717.13115
15754.04007
15680.50463
15669.26232
15723.63864
15695.60571
15705.73547
15699.59258
15678.74258
15678.67494
15654.60105
15693.45536
15646.21091
15705.18790
15605.97474
15607.10914
15566.20735
15534.13946
15579.55054
15644.30919
15672.60880
15542.46520
15615.63935
15557.92692
15523.92104
15502.68203
15612.79122
15524.02675
15548.93315
15468.10670
15424.38934
15495.08060
15539.73351
15626.79684
15625.39093
15621.39432
15645.54103
15686.47429
15666.44189
15672.53518
15685.58562
15568.46955
15632.31641
15616.32252
15538.98386
15551.39271
15574.54487
15570.39229
15490.76623
15444.28605
15540.61570
15531.97652
15415.34468
15448.72040
15610.52662
15614.74409
15501.56688
15528.16411
15447.21721
15518.02837
15464.30290
15527.20813
15583.05909
15586.73663
15515.25044
15464.11023
15552.44653
15548.95928
15607.98827
15550.37945
15562.52914
15442.51116
15490.07016
15530.40432
15507.94128
15546.00080
15624.95187
15584.23515
15554.65120
15563.75256
15519.83094
15577.34591
15579.78382
15613.23536
15475.82397
15557.45989
15599.15309
15610.01161
15716.89041
15739.92276
15753.21376
15733.62808
15765.81843
15760.75096
15755.96393
15786.13954
15842.95642
15836.16787
15863.62739
15858.37482
15810.52682
15823.39709
15842.38222
15925.31022
15861.41386
15842.57533
15811.32984
15887.15967
15818.32289
15804.57606
15886.00119
15857.50574
15853.17762
15830.10169
15828.60146
15781.38155
15806.75972
15699.08497
15861.18828
15804.12092
15723.09536
15783.03175
15809.15322
15780.63444
15784.20486
15751.57337
15749.62086
15779.84178
15848.40042
15798.06148
15779.20930
15842.07903
15778.39743
15738.34646
15743.29569
15757.60578
15779.25750
15754.44966
15743.17957
15813.29042
15782.92541
15824.62564
15797.23676
15814.52821
15829.26223
15812.19399
15837.73014
15934.11000
15827.04891
15841.38142
15892.11355
15909.47736
15898.83604
15868.67427
15708.19149
15846.85775
15790.58376
15811.25273
15830.56419
15876.46654
15889.40330
15861.66023
15870.78536
15834.37455
15815.88020
15817.95845
15735.22479
15664.50285
15694.23627
15748.31651
15682.21569
15717.54973
15753.95601
15709.26304
15681.44923
15645.07665
15710.51158
15741.99325
15714.93885
15731.92794
15781.61496
15765.12090
15761.46736
15905.44622
15776.75017
15794.41159
15787.06326
15738.14628
15830.28060
15845.92839
15783.12100
15892.39312
15872.44626
15788.46026
15797.36010
15856.46961
15827.78010
15910.03169
15888.36029
15929.62016
15771.78582
15755.50939
15743.54595
15726.78865
15800.41576
15737.66740
15765.27282
15782.13851
15700.02751
15814.85027
15751.12184
15722.73746
15700.87410
15624.92428
15642.43155
15642.81343
15651.66446
15733.93679
15710.23221
15705.31502
15734.66030
15806.71682
15826.36630
15808.64289
15856.86345
15737.03374
15801.17025
15885.04534
15833.13630
15646.03513
15680.51505
15762.62694
15758.88978
15734.52364
15769.48647
15705.51362
15681.84771
15747.20282
15746.28803
15686.77925
15730.81924
15676.57539
15721.67702
15705.35327
15795.59960
15715.20381
15777.99577
15692.77506
15636.93196
15721.91010
15765.20020
15700.63963
15737.01363
15743.58071
15724.30974
15707.19310
15675.43021
15573.47043
15518.50240
15554.07657
15511.88131
15534.42603
15488.33315
15425.21985
15419.26848
15397.94013
15490.15613
15486.86975
15521.08939
15511.46424
15437.00227
15503.12028
15524.34124
15468.44716
15478.01517
15540.26959
15560.80013
15483.44267
15392.16962
15495.41335
15570.03007
15540.69229
15548.95672
15658.68436
15753.65509
15662.58281
15630.00636
15645.34430
15602.84892
15580.33826
15624.59709
15630.50990
15669.86442
15744.88219
15647.92024
15625.22568
15550.02705
15620.70708
15675.81234
15639.87393
15618.92404
15612.06686
15616.93238
15545.70895
15596.85693
15600.79921
15590.48591
15557.10330
15610.22490
15578.32175
15594.68952
15644.49152
15591.48048
15525.67935
15532.70329
15559.80027
15588.77844
15671.40279
15594.64378
15658.37428
15791.74762
15660.66475
15712.64792
15718.93446
15714.50646
15752.31211
15740.96109
15752.38417
15745.20663
15711.37982
15799.67890
15810.72886
15835.49907
15900.69920
15876.58100
15866.33057
15830.94595
15853.05414
15982.44565
15844.19188
15925.66008
15856.61298
15896.08285
15895.02938
15862.20075
15799.62572
15898.00744
15931.44033
15937.58603
15962.81699
15930.78627
15974.51271
16048.60461
15957.27216
15867.94126
15840.28088
15845.52597
15822.35510
15792.79350
15827.06267
15843.18652
15909.65311
15826.71659
15833.55884
15705.44762
15761.02808
15816.01336
15902.39728
15888.87044
15943.62363
15955.09481
16031.27565
15974.33106
15934.31581
15955.21497
16033.67585
15907.76761
15854.69307
15864.76281
15827.33879
15865.19398
15853.50318
15883.63649
15852.52678
15841.01717
15891.18020
15758.95116
15818.82345
15786.79831
15781.79287
15782.74048
15818.96367
15724.56380
15791.81118
15793.10305
15717.01548
15794.07131
15820.66295
15801.08747
15864.54620
15789.13921
15836.42706
15826.16062
15819.14932
15779.81237
15834.02979
15856.04031
15896.27480
15766.59123
15725.95918
15850.14013
15791.23438
15826.23985
15881.46929
15910.75119
15823.99172
15735.76247
15782.01499
15808.12062
15867.72447
15817.53104
15811.32479
15693.27025
15767.27094
15824.66971
15791.70753
15799.10392
15665.37630
15745.29604
15707.37968
15610.88258
15582.77883
15566.33726
15635.24725
15588.44457
15646.82681
15691.49574
15731.91101
15724.42576
15699.23924
15621.33425
15621.07769
15665.71213
15588.59095
15594.57445
15666.85869
15639.82745
15633.10144
15719.68471
15723.83605
15774.28410
15698.21287
15813.56869
15712.84866
15702.79991
15689.52590
15779.68652
15729.05261
15731.98687
15719.05058
15730.25387
15848.70030
15805.43248
15745.02375
15702.15366
15806.02285
15875.39266
15782.97803
15800.27077
15693.38102
15644.52186
15621.78512
15662.32873
15662.04526
15601.21080
15652.39694
15648.88620
15613.99423
15762.38107
15766.09795
15750.83098
15778.22251
15764.04419
15740.73197
15719.01597
15737.98622
15775.33303
15753.25356
15750.93585
15830.10819
15825.02470
15770.64938
15759.15931
15741.14011
15816.52606
15817.21186
15789.56759
15847.35611
15887.56576
15926.24569
15821.23175
15810.47544
15805.08663
15755.42924
15746.04443
15731.13197
15731.57778
15760.22261
15816.73160
15823.60265
15835.97917
15829.87675
15724.18311
15842.34297
15870.89450
15846.02754
15857.09343
15934.54786
15862.85915
15855.53388
15788.74830
15758.28899
15854.52822
15798.00463
15767.31202
15761.82654
15748.80836
15760.20968
15782.94929
15792.68463
15856.64175
15804.23501
15788.47433
15705.32563
15796.88720
15749.94229
15766.06413
15678.95768
15731.92268
15622.12603
15636.24627
15599.95508
15647.03880
15675.33731
15667.92360
15656.70727
15588.87685
15646.13771
15690.84796
15711.12076
15656.47435
15653.06405
15646.79159
15705.65519
15657.97995
15732.31587
15679.65156
15738.98007
15769.15940
15789.93199
15741.58308
15703.38795
15742.26303
15755.97504
15662.43839
15678.31512
15677.19927
15799.43185
15693.77970
15687.40974
15740.01862
15671.67958
15613.85509
15549.24972
15622.51652
15610.32536
15594.14429
15641.32268
15759.99663
15780.11558
15749.83776
15779.83928
15736.28452
15668.94850
15703.78055
15634.38075
15630.54613
15608.75020
15643.30924
15723.45450
15629.36931
15595.98678
15591.75757
15602.37600
15669.30987
15582.30823
15705.19796
15827.68116
15834.46417
15819.03911
15850.21096
15720.62834
15757.98916
15743.87109
15838.70111
15764.61571
15712.94015
15755.72577
15641.95034
15579.57373
15726.98633
15661.15217
15657.76890
15604.73486
15568.50239
15664.69628
15642.36780
15656.72282
15682.15017
15580.81596
15597.77881
15641.78087
15589.16673
15634.94512
15620.40776
15618.20929
15651.67216
15638.90602
15648.83636
15562.33954
15647.80064
15611.17199
15581.22561
15688.40342
15679.46457
15719.08062
15720.42086
15827.22882
15709.67499
15716.86641
15653.35527
15664.37916
15644.93858
15730.63352
15683.52723
15699.70630
15642.08394
15607.59206
15616.67693
15625.72321
15636.07657
15645.70656
15605.76870
15567.85972
15715.34002
15602.80384
15545.90976
15602.66551
15564.79796
15575.51248
15541.11035
15637.73954
15621.08598
15590.44156
15463.34005
15526.27433
15548.12423
15601.58698
15544.10684
15623.77548
15569.66980
15563.05983
15439.44598
15593.62245
15480.84777
15502.45534
15474.84698
15499.41694
15502.89734
15609.78837
15642.74744
15615.84903
15549.84806
15590.37155
15557.07483
15595.75810
15582.89135
15521.98870
15583.02489
15515.19787
15559.87871
15617.81076
15584.77860
15608.96243
15549.40787
15609.82871
15689.07304
15625.47194
15627.50520
15587.96888
15619.59577
15610.82682
15539.60315
15645.43351
15653.42355
15637.88030
15690.56423
15741.07148
15682.23993
15642.65104
15669.13959
15680.98064
15694.46837
15728.22637
15580.45639
15517.87233
15561.29580
15550.92423
15508.49609
15546.53633
15623.82532
15614.02818
15720.80599
15651.23389
15685.91394
15675.86954
15631.15303
15677.48246
15769.78158
15700.93012
15682.82214
15740.41241
15771.58125
15809.49120
15750.29528
15832.71328
15764.70871
15695.96240
15732.21476
15726.14786
15791.64843
15787.48843
15774.26017
15823.80878
15688.38495
15717.03737
15717.09157
15730.27822
15631.20771
15583.66449
15657.19271
15589.86486
15576.21449
15632.51044
15588.34066
15637.98672
15566.04650
15575.92053
15573.81983
15634.48008
15593.11878
15578.05703
15579.56588
15533.53597
15499.14902
15642.18659
15537.05590
15537.47633
15547.14543
15512.82818
15574.22003
15609.84391
15636.75978
15600.06517
15575.22028
15638.38867
15730.40865
15723.34468
15600.61093
15653.29098
15623.14398
15673.03354
15593.31416
15561.21514
15585.87800
15477.12344
15557.45329
15614.11968
15576.57337
15500.32376
15503.57713
15523.39341
15550.36028
15546.59079
15569.49491
15614.06546
15630.59237
15758.12614
15697.92826
15620.09350
15658.59365
15587.05101
15645.39203
15718.64484
15697.54234
15680.79477
15720.81786
15641.19686
15620.04351
15615.67721
15689.16246
15682.97159
15729.40386
15740.54304
15759.53283
15723.49374
15674.40651
15666.41136
15730.95302
15783.94297
15798.60489
15798.16326
15796.83723
15745.10656
15770.02318
15779.12048
15790.09267
15818.94433
15781.18804
15798.84831
15832.68903
15862.33844
15874.75325
15828.82806
15800.29267
15870.88407
15851.23153
15831.62704
15788.26225
15873.21580
15914.64367
15916.85411
15962.00303
15923.99400
15806.46062
15810.79703
15794.89411
15854.49547
15793.32082
15800.96458
15849.22177
15776.58518
15871.09129
15887.21156
15948.83855
15895.09563
15963.40135
15875.48420
15975.47757
15977.29620
16009.07458
15971.92711
16015.13152
15950.68480
15969.72483
15893.22432
15953.24404
15888.20303
15993.44758
15952.91453
15887.26121
15943.76876
15916.99677
15820.47445
15812.30533
15720.72641
15779.81888
15809.44332
15786.64369
15711.69351
15742.85213
15647.15394
15678.12240
15695.70843
15692.36548
15720.50253
15770.00103
15731.01471
15735.77625
15781.60273
15794.55821
15811.30495
15795.96444
15827.44134
15791.52720
15851.28492
15810.74151
15754.63848
15811.28428
15834.91457
15800.71206
15747.20140
15807.87956
15804.95758
15807.23029
15809.30886
15743.90463
15782.50724
15727.11557
15706.04972
15710.60369
15751.41794
15810.82138
15739.89405
15694.16982
15740.77409
15794.30225
15781.45567
15773.22265
15742.89864
15739.65005
15782.03425
15780.19617
15792.15898
15725.99815
15737.38762
15720.42524
15760.43123
15740.92691
15707.39876
15729.76069
15679.51362
15631.68116
15702.55215
15696.98939
15838.28509
15726.61697
15760.71083
15692.58098
15732.31594
15765.02241
15721.16863
15749.74005
15719.13637
15690.90695
15684.96017
15667.54712
15627.21173
15678.67323
15658.48617
15678.06837
15715.22440
15693.46974
15625.86040
15612.43462
15531.98725
15580.74639
15578.52213
15580.86600
15667.33829
15602.29900
15649.07343
15659.37024
15624.18154
15656.47264
15624.51036
15685.28396
15718.30886
15608.44741
15648.22068
15660.99187
15677.67523
15544.24411
15623.20558
15594.63468
15699.46242
15675.40722
15685.95750
15765.97344
15727.13425
15690.15221
15733.46287
15758.45483
15712.48860
15661.63744
15673.81543
15650.21580
15690.04506
15657.70799
15693.40724
15675.23381
15760.64790
15752.53365
15735.23832
15762.77420
15759.05376
15797.30307
15865.50684
15851.38489
15787.98137
15709.58118
15662.34447
15614.55368
15696.46575
15693.59058
15753.65817
15704.75410
15760.95059
15706.40585
15709.07261
15725.46780
15644.15767
15703.11394
15703.68838
15664.84453
15697.48589
15770.18656
15752.52421
15745.07352
15696.10220
15733.24451
15745.56714
15735.21842
15702.97063
15768.32017
15736.13421
15783.38543
15717.99009
15693.24242
15726.59928
15786.88178
15718.53991
15772.54833
15752.51011
15725.43713
15734.62091
15729.49553
15745.67848
15747.34114
15780.54987
15769.85255
15756.21740
15723.30925
15751.60775
15809.55578
15829.17132
15815.69019
15829.34497
15726.19007
15785.52394
15698.95088
15747.35430
15815.49376
15703.83273
15767.95232
15792.94951
15739.66055
15766.54890
15645.23848
15654.10415
15622.79982
15703.36225
15688.76536
15612.26355
15658.03256
15722.84514
15722.38585
15715.38074
15759.81770
15691.08626
15740.82382
15766.39022
15702.91860
15753.50378
15778.26729
15802.09735
15792.46008
15832.13804
15860.50639
15773.73676
15746.49989
15730.48191
15763.29352
15758.60025
15844.22126
15791.90202
15841.14448
15818.16766
15758.19882
15686.58082
15740.24011
15785.14774
15766.61015
15718.72384
15764.30597
15785.79267
15747.44512
15804.19012
15791.66299
15862.33646
15920.05846
15858.92507
15884.98214
15829.60179
15825.34374
15871.33839
15853.20031
15886.12942
15856.82307
15883.84975
15865.68140
15892.24813
15907.98008
15947.34863
16006.36738
15970.33868
15948.18432
15933.76244
15924.99471
16017.56931
16010.56619
15951.75047
15914.50472
15825.81858
15851.26992
15879.14245
15888.22175
15941.02130
15920.01847
15852.20963
15777.07048
15824.16005
15881.95686
15881.91941
15893.46078
15911.95148
15912.48232
15842.70413
15855.99723
15841.00732
15832.40521
15863.22216
15854.55782
15871.28090
15849.12825
15828.84611
15893.83845
15915.63504
15950.70513
15876.93096
15924.94233
15906.22571
15868.70068
15868.72909
15945.48559
15894.97705
15882.22885
15903.23117
15900.34636
15934.87862
15912.06099
15827.32403
15831.19560
15819.62813
15760.44700
15789.03402
15731.65985
15801.98289
15740.33636
15775.16831
15797.34313
15846.35596
15774.36195
15736.09420
15730.16141
15833.97539
15836.66642
15879.85139
15837.28613
15901.80317
15857.07998
15778.49285
15779.03209
15797.09359
15812.39853
15844.84669
15887.51776
15867.50872
15834.14788
15887.20647
15834.52830
15834.47588
15762.94132
15862.86977
15821.09961
15893.38497
15866.16798
15836.35905
15842.17192
15808.40530
15738.14634
15734.46773
15754.11508
15678.28963
15780.14379
15743.78627
15691.64705
15692.51060
15709.12693
15737.34387
15749.43888
15792.33879
15760.42665
15790.92772
15722.00733
15702.86906
15696.78003
15720.14385
15731.64837
15672.61479
15836.19126
15773.04599
15793.71545
15801.39728
15795.55885
15791.69985
15742.22614
15759.98622
15782.51013
15724.34201
15733.72182
15722.81948
15800.45413
15767.86905
15736.40189
15770.98723
15681.48182
15737.21754
15683.83275
15752.99112
15703.87512
15724.20623
15811.10526
15678.56705
15533.61162
15592.31589
15691.76907
15642.99951
15648.32591
15545.82947
15698.71032
15705.54559
15633.39655
15597.62307
15628.43094
15622.44070
15576.26379
15486.61609
15659.16824
15679.47894
15681.55738
15586.45127
15598.54339
15634.96206
15629.49466
15614.45350
15683.68584
15554.36828
15587.23098
15603.25601
15707.22284
15685.67926
15691.53082
15615.05873
15566.14566
15621.17579
15582.27675
15629.01107
15599.98074
15591.46078
15656.09537
15637.98463
15634.89319
15669.25277
15691.48582
15703.87810
15736.65332
15785.87443
15676.54275
15759.02797
15767.84937
15714.97193
15702.38627
15625.14038
15699.40260
15606.55112
15640.12961
15706.79002
15619.63050
15600.86994
15602.33053
15621.67651
15617.42109
15636.12566
15598.15227
15663.94715
15562.86206
15622.91273
15660.66609
15620.08115
15518.27462
15638.64132
15668.64791
15625.60349
15562.00986
15553.80545
15537.36157
15559.59891
15595.98328
15501.80884
15595.43312
15564.30489
15629.99768
15577.50877
15612.00571
15593.00202
15672.83417
15715.14988
15745.80996
15709.85056
15666.74911
15643.91722
15685.19510
15743.49063
15709.70526
15734.52346
15687.07428
15703.78312
15632.63097
15607.28670
15585.39177
15487.98323
15564.97808
15593.87407
15597.65526
15686.70609
15674.81811
15660.18920
15691.23629
15696.95493
15690.01788
15709.81614
15695.95863
15674.43498
15634.24217
15702.41386
15786.35381
15753.93291
15753.42625
15780.77974
15748.91440
15730.94973
15584.26310
15640.69679
15631.14133
15568.04874
15630.14114
15515.97142
15546.89145
15574.20922
15600.92189
15636.98880
15672.04709
15546.03199
15627.94933
15652.48347
15653.62397
15701.66403
15637.15249
15660.96235
15626.12857
15596.70766
15597.74469
15547.64374
15655.94158
15677.10025
15679.78153
15772.62633
15808.62352
15766.90321
15846.40579
15711.62066
15798.09473
15656.66692
15661.80368
15689.29356
15693.75423
15747.40936
15659.19657
15701.75727
15750.89957
15703.90403
15692.55645
15693.03883
15679.05208
15760.40965
15754.97426
15697.76620
15741.92850
15772.22817
15747.00520
15755.54513
15716.96940
15662.55762
15626.36713
15679.11768
15649.01063
15755.17587
15682.57898
15750.59045
15750.44110
15818.76590
15792.21161
15818.98257
15767.51929
15799.61555
15775.85929
15810.79070
15818.35266
15854.88992
15772.45516
15830.86108
15829.60419
15769.49310
15748.89301
15774.87995
15711.44951
15670.72753
15733.44091
15729.45288
15741.34539
15811.62671
15774.98116
15772.12497
15661.95846
15746.01388
15684.07864
15680.84694
15669.36309
15678.22159
15736.62343
15755.91501
15705.41611
15652.45174
15697.12746
15644.68912
15715.25430
15624.62820
15678.12192
15707.29459
15654.57300
15625.30594
15611.14294
15601.01635
15509.72096
15485.27986
15544.14370
15493.28572
15481.37107
15466.33499
15546.65747
15610.55908
15570.17638
15581.03310
15502.46795
15541.59706
15537.36030
15607.88725
15679.00067
15607.04375
15676.16556
15616.55214
15637.65941
15576.14626
15607.31196
15621.62156
15623.34322
15667.33002
15776.90050
15668.08984
15777.43688
15790.31567
15820.75061
15819.39027
15849.58672
15830.50404
15741.72756
15756.07073
15705.01541
15835.76041
15806.38427
15792.30394
15822.04255
15881.36952
15816.68558
15925.32709
15928.42147
15910.50266
15852.73694
15848.90914
15769.25377
15802.31375
15688.87693
15694.18970
15631.06730
15640.06104
15646.97112
15631.73208
15696.43588
15688.48975
15696.98536
15675.28042
15607.89847
15688.45266
15720.09804
15691.67873
15767.00964
15784.06995
15878.67907
15825.50385
15796.65319
15828.69813
15859.53219
15855.96677
15827.05718
15736.97471
15818.99486
15803.24508
15833.91074
15893.73218
15853.68036
15758.36219
15754.86778
15715.85759
15703.13335
15729.76264
15719.46624
15769.95319
15779.07464
15850.61524
15787.07534
15777.90611
15799.98515
15768.50074
15763.46668
15722.34016
15684.31434
15723.83216
15789.65509
15747.94926
15712.50147
15739.34101
15756.24239
15693.32718
15757.13677
15779.95460
15760.44650
15891.64074
15837.89748
15859.84065
15786.23304
15832.75851
15849.53894
15872.56019
15745.25487
15808.34765
15760.39508
15771.68343
15799.34715
15834.27845
15724.28658
15656.88883
15662.54023
15650.98827
15597.70280
15768.77341
15756.93433
15757.54879
15751.03560
15671.15515
15696.92008
15739.31446
15713.52898
15680.40996
15766.81179
15802.15275
15750.54263
15755.38794
15776.29109
15780.20775
15779.78867
15857.30372
15819.17334
15856.69619
15783.35711
15745.45118
15829.42793
15874.28423
15881.05716
15800.90005
15880.70601
15833.36081
15964.42202
15849.77302
15865.47820
15813.66106
15832.94674
15856.59510
15904.90772
15929.20119
15927.54311
15910.02317
15969.64091
16039.95052
16023.47075
15985.88315
15980.59215
15928.73720
15949.85246
16026.64603
16017.78631
15958.89480
16007.30236
16001.59279
15892.98392
15887.42733
15847.96469
15913.98947
15912.96293
15928.89660
15918.93827
15991.99010
15912.99002
16030.14108
16056.80428
16063.35429
15953.36753
15945.92194
15955.50112
15914.80873
15962.29909
16008.79788
15981.79241
16012.59725
15992.87826
16036.90748
16016.81748
15991.06695
16029.93345
15985.83365
16016.79296
16046.14294
16021.30465
15961.36918
16012.42303
15970.86054
16019.28165
16004.81001
16078.65966
16002.04385
15954.03210
15920.70216
16005.71372
15883.55972
15975.86844
15989.44838
16008.81125
15976.06705
15963.70868
15864.78885
15957.62662
15991.95837
16048.21096
16026.88158
15948.90567
15877.74150
15859.10050
15973.03737
15991.32649
15902.17161
15831.32242
15848.07300
15870.35382
15885.36642
15867.58400
15958.25148
15920.64792
15945.62107
15941.50168
15922.32779
15946.12708
16018.92706
15988.52454
15979.15490
15923.81007
15915.07242
15850.74051
15804.89235
15874.83365
15853.67472
15796.04452
15761.87095
15863.99763
15982.88767
15931.35968
15931.92440
15878.37663
15967.27011
15927.42978
15999.10873
15992.33172
15900.90941
15887.41339
15896.13525
15920.73924
15835.66611
15864.85320
15903.62781
15880.58419
15929.47282
15951.42360
15974.99868
15964.35407
15959.30691
15972.94755
15933.58797
15916.88503
15985.70579
15926.52509
15913.12574
15951.28775
15894.53107
15907.58384
15891.85806
15863.93168
15849.72271
15808.09368
15812.11881
15933.55244
15836.67504
15865.38746
15862.28170
15863.34925
15830.88671
15853.61521
15883.62870
15904.82634
15888.43360
15822.03838
15800.32286
15737.21708
15780.31095
15807.11990
15831.34357
15791.83589
15828.49798
15773.30717
15779.08574
15751.99567
15800.00536
15797.18212
15772.42064
15781.69758
15801.76957
15827.71756
15817.37538
15858.17728
15925.39797
15811.35330
15835.17190
15791.89298
15843.87225
15799.92078
15868.14476
15858.32966
15806.91815
15873.17958
15885.95197
15905.09384
15815.39865
15753.38299
15774.31579
15943.69073
15859.72287
15882.35444
15934.86981
15876.91569
15863.12848
15908.33886
15861.92682
15893.35546
15937.14490
15834.40033
15855.73073
15817.31153
15795.13111
15785.47477
15759.59636
15814.52958
15776.41088
15862.89648
15874.82765
15892.09763
15987.98878
15899.70286
15903.38618
15940.08776
15972.40310
15982.09419
15954.13218
15947.36671
16003.19097
16006.30743
15914.91463
15987.18870
15979.06655
15992.50700
15971.09389
16014.82046
15974.69037
16043.77959
16006.73790
16045.83024
15958.68518
15981.21450
15910.59033
15956.95189
15980.89981
15973.42612
16024.17342
16017.91369
16025.03265
16115.71846
16010.01075
16000.39289
15982.74819
16069.31279
16029.18501
16071.10443
16128.93591
16128.49464
16137.22242
16057.04609
16114.89367
16023.24530
15955.98332
15942.90057
15999.73018
15934.92949
16046.35635
16038.51338
16017.33008
15938.94738
15982.36283
16019.30898
15989.82416
15973.41443
15923.50287
15856.61139
15906.28209
15872.13998
15863.66434
15895.95496
15773.96692
15741.47459
15786.37560
15674.95857
15712.49170
15774.73582
15826.67004
15863.11038
15802.26085
15807.44164
15751.57208
15843.35083
15853.35081
15858.80767
15869.77330
15845.16551
15737.32053
15802.56802
15821.04268
15743.73738
15865.02277
15839.03567
15828.22937
15827.31080
15802.75879
15851.83027
15913.82581
15819.39776
15863.89786
15900.67361
15888.00986
15875.19170
15942.14516
15939.63983
15918.27026
15990.01504
15934.85748
15912.17286
15930.24615
15952.27240
15939.67555
15943.12056
15906.52835
15910.60063
15929.88353
15927.93498
15904.94085
15937.34080
15950.10261
16022.40759
15941.53775
15960.31592
15890.43584
15894.13683
15785.24876
15821.24616
15838.12623
15755.38999
15865.39006
15925.74436
15870.58459
15933.52609
15902.00125
15875.57389
15825.68606
15875.57997
15885.65679
15874.93019
15864.69464
15920.02641
15903.40812
15966.42490
15979.14599
15868.74279
15859.08353
15885.98345
15911.63545
15880.28197
15814.07898
15876.33854
15772.24185
15804.29522
15813.05276
15791.41813
15828.39789
15805.15332
15816.36088
15876.43336
15819.91622
15867.99654
15859.02954
15763.02222
15825.06604
15734.14365
15675.99440
15762.01747
15695.78457
15762.57773
15866.34246
15815.94340
15823.58488
15851.29963
15831.63103
15859.11076
15866.72764
15875.76280
15945.05236
15873.12964
15868.28468
15881.86543
15833.36698
15886.64469
15859.85421
15831.66548
15745.21483
15708.36821
15745.59735
15642.47209
15630.95707
15671.86052
15626.77846
15569.03253
15558.68890
15655.49081
15678.13187
15680.66382
15744.75182
15666.13685
15648.04347
15669.58615
15671.56629
15718.86731
15693.38113
15773.81584
15769.20613
15712.51030
15686.11126
15815.93819
15921.00726
15885.52854
15810.62891
15818.30266
15797.43908
15872.51661
15811.08170
15789.73940
15707.25029
15770.40501
15828.51332
15736.81484
15815.38227
15849.70608
15945.26935
15954.64573
15930.19497
16027.23493
15938.28151
15903.12067
15869.61388
15931.79295
15820.16517
15879.30884
15806.41018
15795.38661
15866.21393
15857.63596
15817.16673
15791.31430
15817.86432
15777.35120
15761.51657
15764.15413
15810.47930
15835.97695
15860.06236
15792.58751
15850.32272
15751.39142
15802.45868
15763.33825
15807.81034
15717.95307
15702.59439
15789.19003
15760.52984
15770.42342
15840.22804
15818.22178
15931.65943
15785.03172
15708.69663
15664.32180
15730.04284
15675.94244
15757.14281
15712.58404
15703.14797
15708.42685
15745.12008
15760.11606
15823.99706
15802.24555
15747.72699
15763.51369
15756.09835
15764.72520
15767.52214
15738.73806
15671.73092
15721.39581
15760.21625
15718.72205
15781.95498
15807.25331
15803.32553
15825.61922
15835.01820
15807.61919
15827.84754
15846.97174
15786.48789
15802.82600
15803.84464
15739.12405
15736.70255
15697.18303
15801.76846
15834.81616
15813.53770
15704.10720
15551.20421
15619.78565
15703.50438
15689.11994
15737.59982
15793.54449
15773.58551
15828.66217
15750.21331
15785.76309
15810.97500
15766.51144
15731.49967
15745.83185
15651.42887
15726.17302
15667.75566
15744.85285
15737.32412
15631.41190
15628.66495
15682.61040
15676.80147
15763.15500
15672.27524
15738.44408
15757.19340
15794.76961
15770.38166
15744.28865
15777.05185
15734.89054
15669.99945
15755.22374
15798.55524
15835.28713
15824.74054
15792.03681
15849.79599
15757.01851
15812.38424
15853.66800
15804.11272
15889.97143
15913.83513
15815.71549
15823.66910
15738.25350
15837.30209
15771.68147
15810.38695
15807.64016
15816.34858
15750.16937
15747.68039
15791.66445
15706.98099
15788.81704
15745.27085
15685.95995
15782.81012
15711.16627
15775.20775
15844.35864
15834.79310
15871.80694
15873.41228
15860.23615
15787.94400
15844.04522
15851.55183
15718.06722
15729.39128
15769.09140
15721.29621
15705.72730
15776.51106
15793.73219
15755.58303
15787.09993
15819.48773
15807.49653
15742.55705
15765.43329
15827.27421
15804.95945
15873.05410
15872.44135
15783.05560
15817.06818
15877.17289
15857.01255
15867.77482
15821.81659
15883.09471
15863.82603
15786.74083
15716.83312
15866.78765
15857.68254
15980.57869
15954.16413
15784.01868
15822.01268
15886.57686
15759.33455
15737.40493
15703.94871
15724.97468
15657.69610
15655.07134
15628.16906
15701.26757
15694.33317
15664.51626
15681.72819
15659.28684
15697.71040
15737.61378
15689.53354
15653.73169
15653.82879
15598.90773
15608.25878
15608.88082
15646.20266
15673.46152
15659.86721
15628.70893
15686.61237
15604.60413
15606.54542
15679.46755
15611.54190
15644.62927
15736.11965
15642.32266
15539.25635
15604.74817
15653.43221
15597.83386
15616.82053
15670.28294
15647.40003
15626.06133
15597.36004
15661.90124
15597.04072
15648.10318
15677.96835
15597.05817
15664.51897
15707.31645
15738.10480
15752.83628
15728.19615
15656.37412
15659.26609
15680.69568
15680.54110
15746.88404
15754.77215
15708.48343
15782.42837
15827.69580
15784.88055
15809.83134
15806.81177
15778.71727
15759.19785
15774.15445
15791.44191
15779.32081
15865.99402
15766.48023
15862.33919
15746.59732
15697.45999
15750.54590
15745.46747
15774.71261
15714.82721
15806.26047
15723.41671
15722.68387
15769.86550
15789.81084
15785.93635
15761.57252
15856.39391
15815.71624
15798.50144
15754.61978
15711.83567
15730.13932
15770.84912
15682.29651
15602.51172
15723.79947
15689.92360
15795.36340
15770.65605
15834.29513
15778.78862
15810.48832
15839.03109
15782.12063
15752.12584
15708.82482
15754.79287
15730.56699
15624.65532
15705.14320
15737.23529
15762.07507
15746.23234
15651.56697
15694.69557
15691.39862
15752.25543
15755.54264
15764.43370
15702.12560
15757.96030
15697.04498
15656.83515
15702.98382
15646.97476
15591.25399
15574.20313
15663.82824
15723.01988
15702.42655
15770.03207
15750.26197
15780.18330
15702.89582
15677.97813
15721.72238
15615.22861
15666.86682
15647.46245
15670.59882
15687.13652
15678.55965
15658.54993
15748.85042
15697.35141
15613.35734
15695.55685
15593.59374
15620.28522
15746.12807
15704.38188
15592.33732
15663.22664
15602.09923
15690.03685
15745.27384
15708.30964
15700.97969
15778.01493
15740.20965
15803.21350
15841.76771
15733.77442
15767.20764
15753.89096
15745.99342
15777.63818
15764.74474
15765.80152
15718.61335
15734.65472
15821.82463
15847.11709
15804.67835
15710.14708
15737.27107
15814.48855
15737.29451
15756.48136
15729.43406
15796.47973
15799.21911
15823.44610
15855.77802
15875.55534
15800.82850
15785.53938
15899.88405
15899.00679
15903.74299
15960.13703
15997.51851
15974.12869
15978.62769
15997.81933
15924.47694
15924.44911
15968.71294
15886.67205
15932.33957
15915.75031
15859.21720
15896.08636
16018.63398
15989.27367
15994.26045
15995.65355
15870.90969
15826.69430
15822.97680
15807.09497
15895.87227
15947.21094
15898.07719
15921.72828
15953.03536
15926.01825
15934.66918
15921.02264
15926.27888
15915.09519
15942.56707
15967.02943
15976.18052
15885.20709
15890.46689
15935.98651
15851.27983
15912.08202
15900.99449
15910.54969
15880.49559
15908.14161
15874.65743
15828.37028
15824.62825
15797.51528
15827.44519
15912.47842
15799.10788
15795.85861
15820.72430
15754.35995
15810.19768
15857.14981
15815.16615
15795.17883
15752.67071
15755.65826
15754.44614
15766.02434
15793.12562
15813.63814
15817.96926
15812.06292
15787.30054
15794.16315
15811.37522
15747.78941
15844.65211
15764.54828
15775.62194
15828.91255
15676.30402
15709.81942
15766.02510
15708.62413
15710.70422
15719.00218
15739.67849
15771.74082
15691.57562
15770.24210
15700.42967
15799.37095
15790.79477
15846.16634
15903.92112
15784.88663
15841.79275
15763.92321
15740.34649
15778.48204
15822.29611
15871.50136
15809.63856
15848.44416
15891.26743
15896.76850
15863.80406
15825.73754
15837.58574
15888.69555
15828.11801
15806.62275
15795.31632
15858.53872
15870.39190
15862.38315
15853.80318
15854.94479
15797.88591
15854.47807
15881.25774
15855.73463
15911.06995
15914.70260
15950.09561
15985.71746
15982.60099
15956.11957
15986.78795
15966.07679
15933.76226
15976.97566
15910.81922
15911.48959
15887.31602
15839.84744
15703.59302
15682.77199
15755.35390
15805.95934
15755.77375
15806.26670
15778.75876
15865.24708
15830.01810
15829.46057
15887.28698
15985.88194
15938.97225
15871.14635
16006.42136
16047.83277
15933.26477
15961.30521
15968.80212
15985.51159
15971.96687
16011.51682
16023.67151
15942.18004
15975.06442
16007.73550
16094.55205
16052.85604
16032.23184
16066.11840
16034.42938
16016.16970
16029.06954
16028.45353
16104.41668
15973.48692
15907.99124
15937.82899
15875.62115
15921.07596
15927.23212
15942.20376
15951.82859
15911.43423
16027.37853
16059.35408
15981.37986
15970.23562
15925.33820
15862.66374
15906.21846
15925.53131
15922.80959
15946.28728
15933.37843
15983.29438
15977.64915
15989.61392
16048.20412
16057.61926
16077.67007
16093.87854
16107.80714
16109.89139
16094.11495
16072.98368
16090.38746
16003.38831
15986.48990
16011.49026
16130.51715
16041.99172
16085.02320
15993.91451
15943.55899
15921.69965
15946.64489
15898.65591
15908.74303
15895.39236
15939.09319
15899.37361
15836.67048
15853.03037
15939.77568
15888.47917
15920.84354
15945.30053
15922.12600
16027.71546
15992.78689
15951.34932
15974.37097
15956.83492
15964.63767
15910.28011
15989.74095
15979.34062
15961.94393
16028.92713
16024.66483
15981.88840
16004.33339
15939.44360
15922.23399
15931.66053
15892.38348
15929.32038
16010.06775
15975.83611
15968.79572
15982.52696
16016.92875
16057.26805
16025.79426
15919.35729
16002.79114
16042.28273
16039.67923
16029.89910
16003.51974
15953.13144
15962.02143
15922.77076
15998.14401
15976.21498
15971.99278
15933.27451
16003.49570
16019.88999
15876.98434
15956.36014
15970.34330
15892.04552
15902.14120
15958.68551
15923.28504
15920.93598
16010.45448
15981.78087
15966.33433
15976.17272
15929.81850
15954.36222
15890.82739
15915.95416
15988.89011
15927.62756
15902.13293
15872.36599
15939.47437
15884.67093
15874.71637
15963.92462
15945.01098
15956.41888
15938.80815
15974.97890
15957.17572
15951.81968
15911.67705
15850.87028
15877.63737
15876.17040
15890.77018
15900.06223
15889.03703
15920.44203
15965.34060
15928.76250
15930.58899
15927.83558
15969.17667
15955.63668
15991.86255
15974.31217
16058.30202
16058.58816
16131.89905
16033.89699
16012.48939
16040.86726
16055.00561
16050.52039
16069.08930
16030.49273
16006.82441
15974.33641
16059.53917
16013.65299
16030.31912
16102.83393
16036.79437
16011.88539
16021.96865
16027.76223
15969.13614
16033.30645
15963.90104
16031.01700
15958.31323
15994.25125
16057.32627
16022.80667
16021.71748
16078.96180
15958.17337
16043.05876
16043.11792
16051.01946
16030.12131
16052.99423
16041.39051
16017.51382
15989.27490
15976.88594
16010.16040
16001.53893
16000.27123
16003.46205
16027.86785
16057.64302
16034.83930
16066.88115
16078.88550
16064.45949
16017.08908
15979.50829
16100.29915
16057.19112
16014.76093
16039.22588
16087.20967
16047.91251
16019.59382
16027.16336
16061.94930
16071.24767
16105.33357
16095.49930
16110.92686
16071.51025
16166.42982
16155.54561
16094.64896
16150.89442
16164.34347
16184.24237
16133.32048
16091.64003
16060.90412
16116.06586
16182.42237
16080.64766
16026.28293
16088.91164
16171.67448
16095.72839
16062.36523
16046.71796
16024.50508
16089.40456
16091.78778
16086.08816
16070.15575
16024.47296
16060.42466
16032.38099
16070.20809
16074.64875
16084.34864
16058.15893
16009.76597
16021.15044
15970.60231
15976.73528
15996.90712
16053.16213
16034.93385
16117.05768
16138.48169
16141.66972
16110.14894
16097.00460
16144.91415
16176.26025
16173.58490
16263.25163
16209.03916
16225.82770
16129.09258
16133.04708
16196.30192
16163.92173
16175.34136
16127.70078
16124.61051
16183.02749
16133.76184
16163.40419
16172.67176
16159.74602
16135.68662
16173.33018
16129.10304
16122.50610
16141.90450
16170.05091
16176.34120
16156.95953
16188.12383
16169.45592
16081.80184
16167.40548
16176.47936
16211.74921
16144.65198
16145.64601
16106.32883
16135.09546
16119.24594
16017.95756
16112.78204
16186.31410
16209.03185
16166.92704
16141.92252
16171.99347
16153.33144
16145.69727
16201.02146
16102.02655
16114.10898
16089.42449
16161.23576
16137.92424
16155.69566
16129.06212
16086.08528
16113.59841
16109.67110
16139.43534
16106.59760
16135.03311
16088.97206
16166.84191
16129.93404
16038.38104
16101.80720
16095.80650
16170.23217
16031.18557
16068.18289
16065.77598
16102.23148
16048.62333
16028.42855
15965.85882
15928.48079
15919.12648
15886.64597
15862.20716
15881.20539
15930.78582
15963.11731
15891.93180
15889.36764
15967.79498
15983.22136
15996.67184
15980.12931
16009.62438
16062.00544
16013.70484
16056.09060
15974.59677
16019.35550
16013.79745
15982.31967
15947.02401
15922.65393
15868.89947
15904.89956
15910.78417
15900.09383
15960.97884
15936.20261
15948.48721
15983.81641
16005.51843
15972.51336
16001.55659
15887.76443
15963.60339
15947.16165
15958.16228
16067.68828
16016.05270
15940.98906
16082.82791
15998.37059
15995.48733
15969.39731
16056.64852
16030.59223
16006.75582
15908.58667
15901.62775
15946.03454
15941.54318
15973.18591
15982.43450
15986.31278
15939.33248
15983.76238
16054.84737
16030.58429
16101.43927
16024.01644
15978.11372
16045.21714
16074.18077
16030.75355
15957.95838
15951.32067
15971.97102
15962.90977
15865.56512
15958.11050
15919.53700
15854.81481
15875.52654
15894.93231
15918.61972
15988.40685
15957.43231
15954.11709
15946.68079
15918.16860
15979.90113
15938.82617
15889.32745
15912.52655
15964.92655
15994.44248
16082.14010
16002.03499
16054.93430
16042.02467
16076.01663
16068.93082
16083.14882
16112.84968
16022.13130
16013.93241
16021.36554
16071.74207
16048.25646
16036.44266
15983.24853
15947.79862
16000.46599
16013.73784
16031.80659
16028.04050
15978.69841
15821.30525
15888.80610
15896.83679
15894.69340
15924.53876
15911.18944
15937.13515
15896.60950
15987.97639
16000.13776
15990.12450
15969.40744
15986.06864
15937.42981
15958.55230
15949.97993
15975.87868
15995.91952
15837.38540
15907.90588
15912.16004
15818.32783
15828.37445
15798.52103
15866.65973
15822.72494
15794.30934
15950.81224
15960.59514
15921.30264
15875.60436
15893.22642
15889.47979
15836.29280
15917.31082
15852.79315
15850.07218
15810.50467
15690.13976
15660.14445
15771.58913
15827.37062
15821.79600
15806.24004
15805.07494
15814.50522
15814.09446
15844.11511
15866.08722
15788.38779
15795.55226
15799.00818
15904.53767
15879.05108
15968.14998
15936.20754
15922.50767
15984.18697
16017.68277
15934.92638
15920.53175
15909.48077
15807.17745
15864.56630
15862.24722
15876.36326
15828.06434
15780.17603
15858.92881
15748.72345
15905.36005
15860.83086
15948.39030
15920.48650
15881.31158
15860.55125
15986.44480
15926.71475
15837.06740
15851.78079
15911.38884
15930.52240
15869.78631
15835.68885
15854.55227
15942.58895
15863.80187
15926.14209
15882.14841
15912.18041
15828.23752
15804.88584
15829.76229
15865.75937
15924.76463
15804.51483
15667.47550
15751.24223
15761.67443
15627.81775
15800.67661
15803.16154
15811.86360
15706.30964
15739.83570
15812.80069
15804.70947
15790.82104
15777.61600
15771.07110
15781.55848
15789.25770
15732.48615
15802.07022
15768.29969
15750.00051
15760.11920
15741.39475
15701.35227
15803.44261
15794.70866
15712.44569
15729.98328
15691.72061
15613.86515
15569.51724
15570.22057
15558.15654
15649.55261
15661.49734
15610.28393
15722.99496
15732.88644
15733.97154
15694.94566
15717.23441
15652.48679
15605.64526
15628.68157
15644.08264
15598.86246
15550.63440
15622.10712
15552.70302
15657.28132
15531.71133
15461.51721
15524.64449
15566.17953
15655.54915
15617.91663
15581.58486
15707.77210
15635.42885
15601.08974
15622.06303
15710.23057
15755.26024
15790.47960
15769.83676
15849.30655
15797.80009
15836.72205
15809.98592
15816.40242
15673.79108
15762.13742
15747.21639
15715.55625
15754.80012
15817.89325
15762.23023
15856.32921
15825.77142
15786.34343
15812.52983
15754.84031
15820.81609
15859.88086
15835.30211
15898.02784
15909.81086
15907.67291
15907.12601
15890.79442
15932.23231
16036.41839
15980.45787
15911.18438
15955.50895
16034.81992
16003.67741
16060.85174
16034.33704
15991.58404
16022.18702
16054.93618
15994.29370
15888.42534
15865.49210
15781.08455
15811.47283
15810.22475
15767.65220
15764.80695
15806.17501
15869.09258
15847.47622
15821.78568
15824.13400
15790.56740
15685.85591
15750.41544
15668.48087
15684.53769
15630.23890
15686.37512
15657.07814
15691.06670
15713.38689
15665.01540
15719.68820
15760.26264
15761.01969
15731.88938
15679.01209
15761.85998
15720.04155
15655.46105
15741.05811
15675.89878
15690.05871
15768.21818
15786.96156
15753.28459
15806.28283
15766.93659
15799.41250
15707.61287
15813.04169
15767.32143
15867.54929
15895.40404
15864.27955
15842.30627
15772.92140
15739.73992
15731.27096
15766.10638
15776.53751
15752.06173
15712.69223
15643.30708
15666.26666
15609.09804
15636.32454
15662.03522
15691.51882
15688.08042
15729.28568
15713.27665
15631.17822
15679.01604
15719.48001
15784.06555
15800.71595
15842.74060
15820.31180
15759.29372
15715.03374
15782.97530
15754.08397
15686.64543
15643.03027
15741.65257
15717.29774
15769.75619
15716.25317
15730.00523
15666.37129
15756.89366
15754.95148
15639.75911
15698.90560
15649.15922
15666.39574
15678.11133
15599.60144
15582.86415
15643.67966
15697.03741
15677.94867
15635.63292
15713.82676
15653.10339
15569.11611
15617.88057
15564.66133
15634.26794
15600.47693
15673.40944
15703.58960
15700.14053
15710.14608
15639.45100
15663.92066
15600.05491
15608.53844
15589.45419
15657.07366
15619.08661
15651.38482
15627.09759
15691.08760
15736.61628
15778.89136
15838.31362
15824.66739
15863.57450
15851.21993
15844.73155
15824.65289
15826.47369
15838.57610
15904.38883
15846.92043
15882.11058
15906.37676
15850.56442
15870.26071
15881.47493
15943.96042
15940.32150
15851.31265
15849.65100
15932.97856
15862.94453
15835.33341
15787.58809
15825.08520
15841.65945
15749.11755
15887.77230
15871.05215
15827.97870
15874.95529
15955.20038
15914.13878
15875.01608
15914.12679
15925.54715
15946.26314
15916.23229
15931.62066
15918.61128
15907.46599
15982.16720
15922.80979
15944.50776
15956.56886
15860.86830
15897.30638
15880.77996
15893.25033
15829.83279
15870.43414
15973.98851
15850.57667
15888.32816
15876.51833
15900.93558
15912.59261
15878.06037
15938.96494
15964.19393
15924.74422
15952.59441
15930.57573
15922.27272
15935.21407
15933.27306
15994.78578
15955.91154
16014.72825
15997.63028
16014.57533
15995.99770
15967.56540
15998.41677
15964.16398
15927.03556
15956.01701
15994.56397
15945.93222
15988.61667
15941.82292
15868.26698
15925.54976
15918.58529
15955.85137
15903.74381
15897.32499
15930.99999
15853.03571
15840.70791
15904.33181
15893.38773
15919.08339
15794.00176
15853.65164
15930.09222
15871.69061
15883.63970
15898.52392
15821.54812
15870.81442
15836.13412
15820.43423
15799.97184
15866.63912
15980.65880
15990.14873
15964.38499
15922.13839
15934.60322
15936.49072
15940.34109
15954.50432
15875.88596
15873.27872
15892.66671
15945.73771
16021.66889
15953.25603
15909.09474
15912.59897
15945.88885
15882.35904
15876.39108
15902.20738
15885.55417
15842.85452
15820.89301
15826.63307
15842.32731
15803.45740
15905.92920
15909.73037
15890.79510
15871.41414
15854.63024
15895.44937
15776.13667
15861.39730
15809.51581
15824.63487
15730.11923
15788.88809
15744.73779
15813.13440
15805.22239
15833.93804
15748.30254
15714.99516
15762.65439
15737.82507
15819.15142
15761.63072
15773.88894
15715.71550
15723.95670
15674.10720
15708.62652
15660.81712
15654.21326
15659.29168
15753.96365
15692.36022
15714.20868
15656.78046
15654.28233
15710.54346
15682.05013
15644.25896
15660.15391
15689.59253
15722.94006
15747.00076
15728.28131
15692.27108
15674.03671
15659.22161
15687.97214
15648.64631
15661.61999
15655.52195
15670.71544
15679.73982
15723.78848
15782.69750
15780.75887
15763.93451
15816.17346
15765.36526
15813.20888
15797.73586
15706.96045
15804.02798
15766.32392
15737.13878
15751.42059
15701.11654
15735.08151
15622.17094
15642.72532
15630.92394
15686.24381
15685.00164
15721.26744
15720.70749
15738.66815
15731.76363
15671.90791
15724.42266
15693.53136
15733.92307
15758.13729
15712.83915
15733.35161
15656.92141
15599.07471
15586.38669
15611.06004
15695.67830
15629.01636
15652.39733
15647.81602
15663.99707
15708.35763
15654.82822
15687.65675
15708.86750
15742.24439
15766.17708
15726.67732
15738.78768
15688.89095
15712.76638
15737.37928
15735.44641
15780.29417
15723.08618
15684.87721
15648.33375
15783.87450
15712.69915
15733.80389
15716.24242
15647.41675
15598.41830
15607.41894
15719.34103
15661.64044
15642.76069
15613.84483
15661.14214
15713.60060
15678.33906
15683.42434
15692.16441
15759.87738
15689.57433
15749.53294
15700.61796
15696.68003
15755.05621
15717.96053
15770.02849
15762.22373
15717.98853
15724.44467
15675.18538
15717.29168
15706.83367
15761.25020
15756.30042
15789.18355
15763.65609
15773.14993
15715.57362
15782.21141
15812.35304
15747.51600
15730.24025
15709.30397
15694.11144
15749.41646
15701.44092
15663.38519
15574.79197
15671.01647
15606.52201
15711.06394
15681.32073
15763.06418
15863.86010
15790.37610
15733.77182
15736.60602
15750.55305
15762.38962
15773.29955
15760.47626
15756.65261
15741.02922
15798.28754
15777.37860
15814.80695
15792.16887
15774.66699
15762.24582
15807.68984
15798.31122
15856.59709
15771.93761
15763.29976
