-5578.80481
-5579.10143
-5547.31243
-5560.44237
-5560.87243
-5532.99183
-5581.79412
-5573.75742
-5585.72054
-5581.55503
-5615.14621
-5618.29001
-5614.58079
-5574.95781
-5565.61491
-5598.23248
-5577.08233
-5560.19454
-5587.00793
-5591.70538
-5588.53572
-5560.76483
-5561.78250
-5552.16313
-5567.53448
-5568.93135
-5570.99703
-5580.38455
-5563.12104
-5553.61487
-5561.21310
-5568.73963
-5613.27825
-5603.15671
-5617.02488
-5618.07676
-5603.10038
-5587.85294
-5612.40057
-5556.35999
-5575.48632
-5549.88360
-5554.48257
-5504.37026
-5501.51813
-5504.77377
-5533.88173
-5563.61069
-5591.86434
-5601.35075
-5578.10416
-5566.18404
-5574.46054
-5582.27462
-5594.60221
-5574.95748
-5583.69627
-5591.01058
-5606.76204
-5564.14179
-5591.27472
-5594.73046
-5601.86144
-5578.85322
-5569.94903
-5583.89891
-5564.56998
-5552.15271
-5574.52222
-5569.38337
-5589.80117
-5566.31054
-5577.00077
-5553.24270
-5537.87290
-5542.59016
-5551.21566
-5554.16390
-5576.72139
-5549.82238
-5563.10916
-5555.91299
-5561.56851
-5556.05997
-5541.21068
-5554.01609
-5569.35081
-5561.92482
-5582.23347
-5592.42099
-5598.86688
-5600.08543
-5613.18819
-5604.04497
-5576.99976
-5573.11039
-5564.17755
-5549.73433
-5546.68761
-5554.15226
-5551.68686
-5547.08166
-5562.52423
-5571.96987
-5593.16131
-5578.76575
-5591.47026
-5613.72050
-5637.04392
-5619.08662
-5596.43112
-5574.73092
-5601.46812
-5579.33314
-5607.10796
-5606.24375
-5580.55782
-5579.11110
-5564.07868
-5594.27403
-5622.35205
-5596.64760
-5617.83473
-5597.77873
-5577.26646
-5598.46861
-5580.54001
-5585.95079
-5586.72777
-5575.50405
-5603.36300
-5582.85166
-5566.59826
-5560.52963
-5582.24121
-5592.05236
-5573.69727
-5541.44924
-5554.22346
-5566.03386
-5524.38919
-5536.23106
-5537.15296
-5535.76132
-5573.63249
-5563.71678
-5575.68723
-5586.47734
-5569.24513
-5575.41947
-5582.81005
-5552.96739
-5525.31836
-5529.52819
-5545.05390
-5537.37193
-5563.02258
-5556.96343
-5572.15369
-5577.13920
-5578.37538
-5589.93895
-5582.81534
-5556.66791
-5585.85004
-5613.69340
-5570.22168
-5516.60411
-5528.40970
-5544.34232
-5561.27431
-5535.49199
-5536.77906
-5545.08446
-5546.12853
-5537.39841
-5529.47632
-5576.61233
-5603.03274
-5587.96230
-5568.78701
-5560.62672
-5564.76058
-5526.03460
-5496.89048
-5563.43420
-5529.48369
-5544.45712
-5561.58804
-5544.77500
-5530.85757
-5554.70529
-5567.98009
-5590.92052
-5575.68727
-5567.72011
-5571.36937
-5556.62100
-5570.59933
-5568.19690
-5576.93977
-5559.44588
-5587.72038
-5651.06458
-5611.88046
-5617.77573
-5575.73509
-5581.80286
-5612.05094
-5576.37649
-5594.68871
-5575.98587
-5554.09927
-5537.02244
-5553.47488
-5596.80570
-5580.37472
-5574.68276
-5550.58849
-5572.78971
-5556.21168
-5566.08652
-5570.07280
-5573.48608
-5568.85137
-5565.77275
-5560.45097
-5620.67542
-5625.32255
-5588.42206
-5592.54110
-5615.33826
-5585.62243
-5561.52450
-5582.84408
-5600.97731
-5572.06915
-5561.32406
-5565.27762
-5566.60173
-5553.79895
-5588.07785
-5580.61828
-5594.79434
-5578.99347
-5547.10536
-5585.71975
-5545.41543
-5579.67374
-5574.30438
-5561.47391
-5578.96812
-5573.91526
-5557.29986
-5573.11787
-5557.23155
-5560.82766
-5558.15369
-5559.46810
-5563.91280
-5566.30560
-5565.86388
-5570.39079
-5571.26228
-5597.55689
-5604.34569
-5585.05392
-5555.11503
-5552.91677
-5592.65391
-5586.30478
-5581.18995
-5570.80427
-5581.70581
-5590.68166
-5579.23852
-5585.58192
-5573.53736
-5563.97052
-5539.59403
-5561.28625
-5551.74990
-5579.49424
-5596.60158
-5592.89038
-5568.61897
-5568.11701
-5579.26175
-5606.35015
-5593.73320
-5589.25133
-5585.91522
-5566.85171
-5572.71946
-5591.49982
-5595.11999
-5578.05274
-5596.33180
-5608.74515
-5602.74865
-5575.68278
-5579.48012
-5569.51417
-5568.68663
-5560.36276
-5568.40220
-5549.79899
-5550.19258
-5559.61320
-5558.99778
-5547.91749
-5534.30615
-5542.64590
-5539.82757
-5589.67053
-5604.60898
-5616.27315
-5581.99463
-5563.60268
-5569.47850
-5551.23958
-5544.47778
-5536.17584
-5565.09321
-5581.80502
-5591.69579
-5554.21669
-5564.17497
-5570.31959
-5584.33180
-5589.68175
-5589.37544
-5617.57291
-5597.30667
-5617.86040
-5602.05341
-5609.47417
-5580.41433
-5581.03037
-5579.93082
-5602.47430
-5587.27806
-5597.58727
-5565.62759
-5559.58104
-5567.78618
-5578.75747
-5574.20709
-5583.83889
-5601.59421
-5586.50191
-5571.35417
-5562.20943
-5569.85579
-5582.07928
-5568.90837
-5582.86925
-5573.89444
-5545.78381
-5540.19455
-5507.66367
-5532.49979
-5583.48457
-5596.01050
-5590.89890
-5620.57654
-5582.47826
-5584.06571
-5559.45410
-5548.56038
-5571.63118
-5564.32162
-5560.30676
-5523.59853
-5531.84108
-5555.75112
-5560.12772
-5578.30642
-5539.40594
-5548.29388
-5576.85126
-5583.06289
-5567.04765
-5578.47221
-5569.99128
-5602.21493
-5576.61901
-5582.50254
-5583.27136
-5603.26184
-5553.51601
-5516.42553
-5558.62800
-5564.12563
-5557.31271
-5588.48685
-5599.15591
-5564.73748
-5544.50962
-5577.61999
-5563.99132
-5584.16124
-5579.02086
-5563.41263
-5577.43824
-5586.38343
-5579.70999
-5580.44475
-5592.89247
-5566.32681
-5563.41403
-5564.48614
-5556.59384
-5533.05604
-5505.06717
-5553.83259
-5569.41875
-5583.84496
-5585.99927
-5574.94273
-5579.59383
-5584.26397
-5582.86585
-5535.39257
-5571.80183
-5574.06534
-5578.01605
-5593.76081
-5551.03255
-5546.58912
-5557.83322
-5553.36012
-5580.41525
-5574.09055
-5583.51859
-5563.82604
-5560.71069
-5567.07751
-5592.08163
-5598.04513
-5608.74040
-5627.83891
-5593.05490
-5599.91938
-5587.29917
-5579.19628
-5574.38399
-5571.86619
-5577.41287
-5574.13241
-5572.80731
-5571.55239
-5559.97278
-5541.04016
-5518.34326
-5548.71166
-5567.78987
-5555.63351
-5574.37344
-5544.49081
-5565.99519
-5580.10189
-5585.04491
-5579.70104
-5558.52473
-5579.27257
-5583.32472
-5581.89686
-5606.96554
-5602.54498
-5586.66445
-5603.59461
-5619.25310
-5637.66227
-5596.38003
-5585.38184
-5578.16299
-5550.01598
-5547.50268
-5575.67290
-5583.82556
-5594.92251
-5554.26940
-5498.74527
-5579.36277
-5598.75884
-5597.97692
-5599.77365
-5595.14749
-5606.84990
-5558.49963
-5561.68981
-5566.28819
-5575.72193
-5572.07747
-5568.96352
-5538.14673
-5562.59560
-5583.14801
-5588.97611
-5616.66075
-5589.24031
-5625.17730
-5615.62364
-5626.90539
-5570.61627
-5587.16824
-5612.29617
-5611.84665
-5606.40817
-5589.41904
-5586.39151
-5575.35371
-5564.97793
-5528.99406
-5512.14115
-5538.83573
-5562.52969
-5566.48186
-5592.54430
-5572.90323
-5566.89587
-5606.90840
-5609.20035
-5581.72448
-5585.73311
-5564.15097
-5559.16619
-5546.59047
-5558.04035
-5579.76305
-5580.68087
-5598.13609
-5600.82115
-5567.88334
-5572.77104
-5559.13538
-5550.48004
-5530.73238
-5563.67455
-5602.29816
-5591.41187
-5561.24313
-5542.93373
-5514.31804
-5550.55239
-5550.53184
-5527.84632
-5523.43782
-5546.69421
-5539.79783
-5524.89115
-5541.51552
-5547.96638
-5566.99703
-5560.98291
-5553.91079
-5535.60123
-5565.87134
-5593.32060
-5603.80386
-5601.02991
-5611.05873
-5573.42318
-5572.13329
-5562.37703
-5540.25840
-5574.85619
-5587.10720
-5591.49888
-5543.44200
-5523.39360
-5540.79948
-5566.18072
-5570.86042
-5587.41555
-5596.97033
-5607.96868
-5588.50728
-5579.80758
-5565.69389
-5569.17485
-5556.15722
-5528.71858
-5563.32583
-5550.44091
-5570.61185
-5564.25356
-5578.91396
-5590.84573
-5596.91569
-5603.94750
-5576.96262
-5569.06571
-5564.00915
-5598.21782
-5598.90926
-5569.23252
-5570.57166
-5585.54500
-5556.55789
-5577.10186
-5592.68513
-5552.38289
-5573.59065
-5544.79711
-5527.64039
-5546.61232
-5540.81577
-5553.29923
-5575.57406
-5573.78291
-5565.70725
-5589.35192
-5576.09864
-5554.14553
-5544.14430
-5556.67919
-5563.01833
-5545.02452
-5567.88394
-5575.11449
-5543.86954
-5570.19868
-5555.37878
-5544.80625
-5550.52526
-5551.52576
-5544.25933
-5575.18544
-5573.56662
-5560.16046
-5562.54252
-5569.58399
-5580.19802
-5540.48506
-5569.71552
-5588.72612
-5568.26321
-5555.74208
-5545.34051
-5555.73581
-5574.77073
-5565.27387
-5577.28053
-5622.67746
-5585.10498
-5573.19352
-5585.81495
-5566.04836
-5561.79330
-5548.01872
-5541.10626
-5542.54528
-5584.47044
-5587.67949
-5583.07047
-5596.01047
-5606.83256
-5594.97691
-5582.57804
-5550.03957
-5581.95883
-5592.96642
-5592.43455
-5556.46084
-5549.17276
-5556.77537
-5545.56811
-5531.88840
-5545.51121
-5574.50282
-5580.87522
-5581.38642
-5578.63265
-5561.23154
-5577.05771
-5594.72072
-5553.84550
-5561.89914
-5558.91097
-5574.35450
-5536.44399
-5531.98850
-5575.16885
-5555.89424
-5542.11448
-5573.57406
-5577.49921
-5557.48909
-5568.08883
-5577.46727
-5537.37055
-5563.69785
-5592.01382
-5602.56832
-5574.72421
-5598.03113
-5590.79709
-5579.11794
-5568.58954
-5574.27566
-5584.65995
-5606.05046
-5604.22567
-5603.60238
-5563.14110
-5559.87627
-5558.33910
-5569.49530
-5585.06011
-5573.62032
-5572.64014
-5572.12979
-5583.69820
-5569.85636
-5570.74237
-5576.87069
-5580.18303
-5556.56707
-5555.91193
-5582.75287
-5575.88991
-5525.00690
-5496.11697
-5522.61668
-5552.08899
-5580.03684
-5575.90280
-5563.34713
-5543.33879
-5575.43128
-5562.72145
-5558.61593
-5540.95840
-5601.65076
-5568.81520
-5534.97995
-5543.00523
-5544.00957
-5578.21424
-5583.04429
-5576.53386
-5566.74072
-5555.94669
-5552.08190
-5545.21223
-5536.43102
-5560.81805
-5537.13146
-5525.82901
-5566.39172
-5589.05524
-5588.13664
-5612.96861
-5600.27755
-5614.08842
-5621.31318
-5576.04940
-5575.84268
-5556.63317
-5551.69181
-5546.34054
-5580.17554
-5549.87415
-5581.69312
-5592.67316
-5562.78831
-5579.97475
-5610.19318
-5563.01363
-5577.42906
-5578.82825
-5571.44718
-5570.49689
-5532.58493
-5568.37185
-5556.63592
-5565.56038
-5560.58046
-5591.12858
-5580.67379
-5568.70272
-5565.86917
-5558.71074
-5564.44806
-5571.03823
-5555.49005
-5548.58097
-5528.55844
-5568.24635
-5553.75106
-5551.21356
-5570.71827
-5598.08696
-5546.13756
-5582.19620
-5576.97488
-5572.41782
-5564.93744
-5560.28042
-5549.13974
-5576.52310
-5592.64839
-5588.95376
-5581.46939
-5578.58541
-5546.53836
-5529.62899
-5542.03600
-5574.93843
-5570.91066
-5571.66791
-5562.36740
-5578.54813
-5551.89094
-5569.22291
-5578.90742
-5560.17247
-5555.45223
-5607.77207
-5558.00299
-5561.74092
-5549.59904
-5563.02771
-5559.11419
-5546.66629
-5564.16376
-5571.25340
-5565.78825
-5587.76341
-5557.68395
-5596.38706
-5600.62720
-5580.84166
-5570.34775
-5603.88474
-5587.59320
-5596.42958
-5582.04404
-5556.38804
-5575.05089
-5591.23858
-5588.58607
-5537.04211
-5541.51852
-5560.59674
-5578.89048
-5576.76221
-5560.15995
-5582.81862
-5585.14373
-5583.77320
-5544.12171
-5533.34796
-5532.35502
-5551.12342
-5552.27821
-5539.65136
-5589.33007
-5578.20936
-5598.88305
-5586.10526
-5562.06484
-5556.51860
-5551.56893
-5580.87298
-5542.29430
-5581.04165
-5615.17565
-5579.69310
-5571.17305
-5586.29107
-5590.14380
-5572.30700
-5554.68742
-5541.23166
-5548.49132
-5574.93977
-5534.24216
-5521.36022
-5559.19042
-5576.77184
-5566.32770
-5551.69519
-5518.25856
-5565.51356
-5555.74443
-5588.35117
-5601.70936
-5577.37776
-5555.19836
-5539.11167
-5562.16419
-5562.99709
-5580.41238
-5568.28556
-5539.98415
-5561.38386
-5571.45742
-5572.94440
-5568.84115
-5575.59881
-5561.23848
-5550.97672
-5544.44084
-5560.02956
-5558.93030
-5564.63482
-5578.89996
-5588.49594
-5552.27576
-5553.14291
-5526.73000
-5536.82572
-5523.45161
-5554.72369
-5528.10699
-5516.89409
-5559.88001
-5569.59356
-5604.77352
-5619.16422
-5602.54648
-5576.82068
-5592.07896
-5563.10890
-5562.24484
-5560.64541
-5528.50303
-5552.53478
-5514.22795
-5567.47681
-5547.59933
-5560.37697
-5583.22717
-5580.05136
-5619.29766
-5620.62004
-5611.22074
-5624.56815
-5634.53011
-5631.39951
-5588.74465
-5599.98078
-5598.15036
-5593.41257
-5573.73245
-5557.20580
-5559.09461
-5563.66711
-5543.93463
-5569.92474
-5591.94704
-5599.57721
-5601.87126
-5608.38039
-5614.31846
-5598.48798
-5596.77448
-5595.46568
-5613.28249
-5603.27120
-5604.07588
-5612.85008
-5577.25418
-5598.23130
-5572.75300
-5540.47975
-5554.04637
-5576.98866
-5595.07734
-5555.87507
-5541.38394
-5555.02179
-5583.69307
-5565.64892
-5571.59614
-5591.68831
-5531.50524
-5576.41937
-5577.51873
-5570.65532
-5544.84289
-5550.07852
-5593.63212
-5607.08652
-5589.91024
-5595.71437
-5598.99347
-5588.46531
-5567.57111
-5554.92597
-5552.34709
-5550.04833
-5540.78823
-5547.48218
-5550.99191
-5547.70150
-5558.02839
-5557.83939
-5571.41987
-5551.30281
-5525.61310
-5515.86790
-5532.46144
-5548.26076
-5582.49860
-5577.51283
-5555.11885
-5552.58705
-5522.75328
-5554.83783
-5525.72042
-5547.60036
-5543.05019
-5541.09877
-5530.52067
-5579.77132
-5597.27601
-5583.18162
-5576.25145
-5635.58589
-5604.59303
-5617.52495
-5579.42787
-5564.39703
-5603.56660
-5613.17093
-5591.22319
-5570.21939
-5591.57612
-5562.50833
-5565.99860
-5525.87970
-5553.41300
-5581.81950
-5556.73129
-5537.51684
-5565.02652
-5548.58564
-5534.09212
-5538.75857
-5588.74979
-5583.36980
-5609.66354
-5598.75380
-5581.75077
-5573.93802
-5562.16882
-5579.85299
-5572.38907
-5553.71158
-5552.20938
-5564.76434
-5568.58437
-5551.31422
-5564.00567
-5607.71710
-5568.51982
-5565.77539
-5607.09037
-5610.50187
-5571.51208
-5584.45970
-5572.80182
-5595.52632
-5596.84790
-5596.11584
-5606.29807
-5604.58365
-5575.83550
-5556.26537
-5580.61017
-5564.14889
-5572.76903
-5563.69530
-5564.96490
-5579.90931
-5587.59801
-5584.62712
-5577.54212
-5575.43499
-5544.74396
-5549.96701
-5565.33512
-5603.62126
-5574.74370
-5574.30858
-5598.73969
-5619.21325
-5580.42199
-5572.39441
-5562.63500
-5520.73856
-5564.59488
-5573.61676
-5575.20553
-5564.41095
-5581.95488
-5594.72036
-5613.71976
-5580.35224
-5572.61925
-5551.20999
-5555.56583
-5552.44441
-5577.70136
-5554.55409
-5573.84868
-5577.82259
-5571.98824
-5586.71669
-5576.27581
-5574.14582
-5567.68728
-5552.53055
-5539.08232
-5549.12577
-5586.07648
-5568.61205
-5576.04271
-5553.11058
-5547.75877
-5533.08720
-5564.49816
-5562.91693
-5569.52591
-5589.62791
-5583.88290
-5614.10584
-5567.97945
-5537.33475
-5586.67271
-5541.65916
-5528.57091
-5526.61910
-5561.18602
-5540.66310
-5569.15529
-5568.26544
-5583.71843
-5595.59310
-5601.70996
-5566.10889
-5560.20791
-5577.46310
-5600.76174
-5601.88038
-5589.17351
-5549.81256
-5611.72714
-5586.66159
-5569.02907
-5543.06741
-5548.71832
-5539.82643
-5554.42478
-5550.01836
-5564.87110
-5536.94116
-5581.81429
-5551.00335
-5568.58332
-5550.48289
-5563.22322
-5542.87272
-5563.73544
-5593.54805
-5584.94654
-5626.76214
-5585.77726
-5578.36484
-5591.31677
-5571.16575
-5573.07596
-5591.97735
-5590.10465
-5586.93545
-5589.78024
-5631.44261
-5605.52625
-5629.63979
-5607.70169
-5606.27640
-5603.37166
-5558.64744
-5592.59147
-5594.69080
-5605.44613
-5605.94110
-5592.05364
-5600.80190
-5610.28808
-5574.31921
-5575.82750
-5581.85964
-5608.40813
-5626.81003
-5596.15666
-5591.59110
-5585.33136
-5577.65760
-5552.51088
-5539.82807
-5538.64487
-5553.48872
-5591.65754
-5605.85674
-5629.60435
-5610.50865
-5591.31403
-5577.75347
-5558.65650
-5562.43120
-5569.46877
-5553.03300
-5565.73199
-5583.08221
-5589.35870
-5615.67609
-5598.83793
-5597.34308
-5616.70666
-5578.49416
-5568.16637
-5573.86106
-5586.62929
-5577.01136
-5548.74685
-5560.63419
-5560.12063
-5537.52834
-5531.84170
-5546.08497
-5569.15569
-5590.74806
-5590.73634
-5576.99840
-5596.67018
-5578.65230
-5566.67852
-5549.89324
-5584.42379
-5573.09156
-5552.42490
-5522.52337
-5544.45926
-5556.65951
-5572.92826
-5594.71735
-5595.26237
-5562.86593
-5573.37416
-5571.60858
-5522.74935
-5525.59184
-5516.32281
-5568.02020
-5580.68513
-5560.01024
-5556.99658
-5570.02756
-5566.48736
-5562.54864
-5584.45272
-5565.28973
-5563.65620
-5594.56295
-5563.72695
-5514.49665
-5564.86238
-5554.81948
-5573.25581
-5581.63103
-5603.86298
-5577.38976
-5552.55649
-5582.22378
-5607.96501
-5575.47969
-5591.64270
-5596.60453
-5568.89265
-5583.09666
-5548.27172
-5526.14469
-5545.58202
-5547.11249
-5563.44569
-5553.68558
-5558.45887
-5564.87112
-5605.54986
-5606.06485
-5568.79952
-5592.77776
-5579.34858
-5570.93398
-5577.07078
-5596.21078
-5553.05679
-5541.05957
-5558.00631
-5537.97634
-5558.52688
-5577.17889
-5589.60872
-5606.43311
-5577.19969
-5566.76900
-5573.32557
-5554.78769
-5623.84979
-5621.43988
-5585.45701
-5602.60294
-5604.07001
-5583.93988
-5560.08312
-5587.81233
-5595.92536
-5603.81022
-5602.84180
-5578.29678
-5591.95356
-5608.24306
-5624.58353
-5598.66277
-5578.13634
-5585.31926
-5561.81427
-5586.28187
-5588.87594
-5580.15706
-5591.44986
-5580.68273
-5596.80820
-5565.78872
-5557.31521
-5544.17551
-5564.67810
-5559.87736
-5565.72558
-5563.97562
-5593.79637
-5583.31400
-5585.07596
-5580.54623
-5581.34497
-5576.97076
-5598.64040
-5595.81207
-5606.48612
-5588.93129
-5598.02103
-5583.93051
-5569.60559
-5533.12872
-5556.34228
-5527.94659
-5532.95517
-5570.63188
-5563.25757
-5550.03661
-5565.14401
-5570.09093
-5580.53802
-5545.03246
-5559.95291
-5591.35282
-5572.76284
-5576.16483
-5555.09573
-5550.87102
-5539.64233
-5566.94767
-5587.94483
-5589.06049
-5549.70237
-5556.96525
-5539.37245
-5568.59616
-5546.26369
-5543.31248
-5572.26163
-5512.43016
-5563.97440
-5585.89980
-5583.54467
-5582.02459
-5573.36557
-5567.06339
-5581.48344
-5573.11783
-5543.99149
-5553.13016
-5560.62221
-5580.85023
-5561.64184
-5553.45843
-5552.23015
-5582.77601
-5558.19300
-5557.34484
-5554.57392
-5592.90611
-5599.57495
-5611.89797
-5581.36486
-5583.55603
-5560.89893
-5586.79765
-5587.89279
-5580.92740
-5569.91709
-5553.86871
-5545.77577
-5582.34442
-5540.57935
-5553.00526
-5571.87607
-5569.69366
-5581.80599
-5563.12882
-5587.90222
-5550.35535
-5542.74239
-5531.90211
-5573.57569
-5602.09195
-5587.73773
-5574.93910
-5582.57380
-5610.44483
-5601.93913
-5566.00408
-5568.99965
-5616.29906
-5612.95522
-5595.69803
-5623.02494
-5580.12555
-5597.22983
-5583.79601
-5578.44294
-5565.71752
-5582.05548
-5548.61208
-5508.48184
-5523.81096
-5543.97932
-5566.58975
-5565.11843
-5550.35717
-5567.89961
-5563.92668
-5554.56017
-5568.74649
-5590.38563
-5579.11962
-5569.45259
-5549.39439
-5558.20468
-5570.21681
-5614.49243
-5620.55028
-5604.10660
-5595.66037
-5573.15794
-5569.90218
-5523.33279
-5524.69347
-5592.88093
-5584.06163
-5585.72287
-5590.28537
-5587.12983
-5534.34437
-5542.72642
-5559.81538
-5531.63592
-5532.38737
-5561.51176
-5597.71338
-5570.78222
-5589.05333
-5598.09178
-5604.27179
-5564.73710
-5551.91474
-5556.87948
-5495.19218
-5546.43032
-5543.30669
-5540.05955
-5555.11676
-5544.88846
-5550.36167
-5539.78712
-5563.61748
-5581.40777
-5557.28184
-5584.00962
-5589.05212
-5591.08249
-5582.54498
-5571.15674
-5576.04644
-5595.38013
-5556.62731
-5577.01726
-5591.41320
-5568.42695
-5560.49706
-5545.54423
-5562.11491
-5594.08571
-5583.30351
-5592.58766
-5569.17395
-5593.31565
-5574.69389
-5586.94560
-5568.38135
-5573.98170
-5569.20304
-5568.02815
-5570.57648
-5568.31194
-5565.81580
-5533.93448
-5573.93124
-5591.38115
-5580.00074
-5584.57663
-5555.70726
-5593.16177
-5578.40222
-5531.00174
-5548.02888
-5587.16663
-5585.27731
-5587.80540
-5566.06257
-5593.23787
-5552.87806
-5543.91192
-5579.85218
-5563.86964
-5543.28670
-5577.35237
-5539.08959
-5562.62146
-5569.69917
-5613.80976
-5590.07006
-5555.64973
-5546.62628
-5573.15600
-5594.97741
-5590.39486
-5577.85597
-5578.87803
-5621.48683
-5614.54195
-5615.49243
-5594.17037
-5576.72170
-5604.47845
-5591.82842
-5575.41195
-5572.10599
-5539.83420
-5567.83273
-5585.42030
-5602.54963
-5610.47933
-5603.36929
-5572.73097
-5578.35611
-5590.41379
-5571.94208
-5594.14844
-5584.69768
-5569.40816
-5593.36239
-5575.22869
-5577.64687
-5568.03513
-5591.54760
-5602.37350
-5570.20177
-5574.78140
-5553.77331
-5576.06617
-5572.57211
-5591.50764
-5580.30484
-5555.88846
-5540.70431
-5529.82635
-5532.17692
-5525.28916
-5539.56558
-5539.02103
-5552.46248
-5598.08618
-5579.62206
-5587.26365
-5584.62645
-5594.17527
-5563.20224
-5571.50802
-5599.05745
-5549.84082
-5540.34803
-5565.88927
-5557.56892
-5574.79995
-5545.00389
-5581.44933
-5567.61440
-5572.72014
-5608.86019
-5578.45509
-5564.06484
-5609.30287
-5598.60353
-5584.63157
-5610.88484
-5603.20963
-5591.59547
-5579.46076
-5592.15985
-5592.08617
-5619.99719
-5612.11360
-5592.50031
-5597.51016
-5559.87041
-5581.80382
-5559.47023
-5557.27455
-5559.29982
-5549.66715
-5582.05275
-5581.36982
-5550.50241
-5560.23894
-5554.20627
-5541.72899
-5544.28446
-5575.36009
-5564.11165
-5553.38774
-5596.77327
-5595.17318
-5572.52930
-5572.40886
-5557.57137
-5556.54192
-5563.32339
-5578.72071
-5559.49650
-5577.43575
-5557.08279
-5564.01053
-5562.23597
-5601.47299
-5584.78548
-5583.03749
-5583.33001
-5596.68371
-5624.06476
-5603.34562
-5579.62921
-5561.98919
-5595.39455
-5587.00540
-5579.86526
-5562.64083
-5563.45465
-5581.73035
-5564.49391
-5552.82103
-5575.45228
-5579.06222
-5596.72904
-5604.77473
-5571.07452
-5592.94960
-5593.93911
-5631.88625
-5576.51916
-5570.36622
-5596.10411
-5548.79652
-5531.47699
-5557.75828
-5553.39282
-5537.69542
-5553.18865
-5537.46900
-5567.86383
-5586.56119
-5592.45581
-5574.59831
-5588.16799
-5571.27379
-5549.48609
-5551.94687
-5565.48075
-5513.23167
-5556.47949
-5582.59692
-5601.62837
-5618.28649
-5585.57928
-5589.15466
-5564.88916
-5570.86170
-5596.09068
-5607.81379
-5590.55171
-5594.57017
-5565.16573
-5579.23955
-5564.28887
-5566.36709
-5572.40754
-5570.49045
-5598.52266
-5594.58497
-5581.29871
-5565.51445
-5597.17344
-5588.40834
-5606.37544
-5594.10781
-5578.14869
-5560.43875
-5560.93945
-5563.85299
-5566.50977
-5585.50881
-5603.43677
-5582.30532
-5585.27036
-5546.28899
-5575.00142
-5581.87428
-5563.41650
-5574.68406
-5568.50096
-5579.23824
-5564.43540
-5553.28352
-5578.60788
-5539.24607
-5529.17707
-5557.12359
-5585.65204
-5568.58502
-5580.65078
-5558.00922
-5543.85824
-5549.81837
-5588.90877
-5566.50080
-5557.78182
-5535.66226
-5579.28590
-5558.75401
-5558.96521
-5573.23282
-5589.39758
-5580.66138
-5586.54138
-5561.86191
-5540.29143
-5568.78905
-5533.93558
-5531.43189
-5575.27571
-5548.61061
-5553.61264
-5548.72596
-5564.36517
-5557.55672
-5544.70581
-5555.51457
-5544.51342
-5582.93521
-5594.57082
-5578.35498
-5570.08107
-5574.75991
-5572.98457
-5548.60663
-5578.31663
-5589.53442
-5570.95893
-5548.93504
-5533.32109
-5552.09633
-5550.29774
-5570.57557
-5596.62577
-5633.09470
-5573.70710
-5583.80994
-5573.04879
-5576.28607
-5577.11149
-5596.77000
-5592.60074
-5570.60099
-5584.44229
-5593.12003
-5588.99165
-5591.06287
-5613.10109
-5602.32213
-5594.74518
-5606.05866
-5595.18732
-5570.00706
-5583.13784
-5589.74038
-5552.53047
-5566.80101
-5565.91384
-5597.26233
-5583.91200
-5595.51863
-5596.50988
-5567.32628
-5551.39293
-5565.40931
-5547.21145
-5511.98109
-5532.29802
-5508.52260
-5539.27430
-5575.87306
-5548.80633
-5538.83554
-5539.80838
-5569.20372
-5558.49271
-5525.94583
-5557.92762
-5572.03417
-5593.20685
-5580.50019
-5611.44489
-5580.98898
-5584.83596
-5589.18762
-5607.89383
-5566.19902
-5553.43040
-5558.14249
-5556.11248
-5556.26034
-5550.42302
-5549.82827
-5564.86452
-5555.91129
-5565.97960
-5565.75884
-5564.20920
-5580.22294
-5582.17772
-5599.84094
-5597.39660
-5575.21497
-5538.64639
-5526.15502
-5597.93564
-5602.85294
-5581.14960
-5580.01444
-5564.77428
-5570.37865
-5563.01981
-5534.52887
-5563.96970
-5568.88169
-5545.79219
-5556.55436
-5521.66359
-5559.95074
-5580.02897
-5584.85709
-5543.33442
-5521.28759
-5526.97473
-5539.37661
-5556.61143
-5587.79501
-5562.87034
-5555.09925
-5602.58622
-5569.67568
-5568.86240
-5560.70756
-5543.15933
-5600.08499
-5566.54286
-5556.62594
-5547.68922
-5550.20252
-5578.15024
-5575.17048
-5592.97062
-5587.75351
-5594.71038
-5598.79275
-5607.54445
-5564.98917
-5560.22431
-5563.11009
-5588.29639
-5571.83326
-5544.97493
-5588.22611
-5570.33697
-5560.92230
-5558.58056
-5584.86099
-5538.75530
-5529.69797
-5526.13116
-5519.63988
-5568.93255
-5574.11591
-5584.22180
-5595.53149
-5582.74167
-5552.40603
-5547.32684
-5554.75459
-5543.86392
-5556.95505
-5567.56139
-5556.46572
-5516.29020
-5537.06367
-5567.84440
-5557.83813
-5562.47834
-5541.32863
-5572.31345
-5558.37119
-5553.96612
-5555.37406
-5539.63872
-5574.39396
-5559.59790
-5560.63749
-5540.75861
-5546.05091
-5548.34127
-5572.84640
-5572.03354
-5557.41986
-5569.98226
-5586.03026
-5563.69593
-5594.07808
-5568.33033
-5580.64290
-5586.08657
-5609.85245
-5587.20175
-5552.55479
-5582.20631
-5567.44230
-5557.22063
-5556.84044
-5558.08356
-5527.46610
-5560.00894
-5582.43263
-5591.21297
-5599.49349
-5572.28478
-5582.81227
-5558.47103
-5561.50177
-5564.89232
-5571.97523
-5580.61769
-5610.57340
-5580.01336
-5573.97845
-5587.16852
-5589.66780
-5608.56387
-5605.43445
-5610.98036
-5579.92128
-5612.67540
-5588.59684
-5578.96046
-5607.87619
-5574.36427
-5573.75568
-5599.30160
-5577.33843
-5565.97247
-5554.08008
-5535.47152
-5549.93305
-5566.68841
-5583.28872
-5595.04932
-5584.88799
-5565.31193
-5586.80856
-5612.81008
-5608.75187
-5563.16834
-5561.39261
-5600.94812
-5573.91960
-5584.68331
-5599.39134
-5582.36292
-5619.94412
-5597.18145
-5567.68749
-5571.89161
-5552.31601
-5562.82222
-5572.47111
-5567.92117
-5564.72431
-5567.63447
-5534.96493
-5578.20621
-5550.72614
-5572.78841
-5581.11784
-5555.38644
-5560.17537
-5566.29121
-5569.90102
-5571.46221
-5542.00093
-5562.13859
-5555.70037
-5570.15253
-5563.71013
-5561.54372
-5554.22366
-5544.44488
-5549.73558
-5549.94146
-5602.23178
-5576.44917
-5570.54483
-5584.81534
-5570.48391
-5547.96534
-5556.81953
-5613.26111
-5588.23719
-5548.49005
-5552.40308
-5550.24506
-5533.91243
-5576.20409
-5567.32064
-5562.40216
-5581.89256
-5563.38814
-5523.71699
-5555.22089
-5557.53611
-5544.10793
-5544.73429
-5558.75265
-5572.80504
-5562.08499
-5555.32081
-5601.02822
-5580.87249
-5571.73715
-5569.74365
-5589.09630
-5562.82751
-5596.48507
-5569.53578
-5554.91703
-5567.49268
-5543.39483
-5560.39886
-5568.95247
-5564.38395
-5550.09419
-5541.54023
-5558.57483
-5592.05453
-5596.10702
-5582.56921
-5591.27802
-5594.40577
-5582.99336
-5611.55711
-5589.37439
-5590.68832
-5552.51193
-5574.34418
-5534.15583
-5554.84766
-5505.18274
-5564.70948
-5562.65538
-5575.07783
-5562.02333
-5541.66939
-5556.75195
-5571.46304
-5576.95342
-5557.55304
-5598.84756
-5592.21987
-5571.28375
-5589.91972
-5575.76988
-5566.96058
-5581.56989
-5575.38827
-5589.71483
-5602.76311
-5599.36552
-5609.57225
-5596.30032
-5535.33163
-5556.57462
-5570.51688
-5581.29455
-5591.64573
-5585.57512
-5581.81207
-5578.43466
-5572.04558
-5592.16658
-5510.46713
-5527.98473
-5583.42052
-5585.42102
-5552.78557
-5538.54437
-5549.71030
-5564.58733
-5565.72045
-5544.76712
-5533.47362
-5525.55740
-5527.03604
-5564.57671
-5564.88076
-5587.08024
-5580.03630
-5614.06133
-5560.61053
-5570.43328
-5569.37728
-5581.77891
-5571.32403
-5569.88837
-5574.08344
-5592.77282
-5573.07019
-5598.49496
-5611.26090
-5576.81981
-5548.76061
-5560.40415
-5572.30753
-5552.07737
-5530.55686
-5543.20334
-5545.19986
-5569.34450
-5599.95527
-5602.71321
-5607.23968
-5605.95599
-5606.94603
-5594.67967
-5593.46751
-5601.34054
-5595.54203
-5615.17654
-5579.48237
-5624.32723
-5601.77402
-5592.79842
-5571.18832
-5557.14680
-5569.45431
-5565.69007
-5557.31657
-5578.00372
-5564.59571
-5591.17055
-5598.77113
-5606.12594
-5622.92044
-5571.46482
-5576.19128
-5570.62438
-5540.98122
-5564.13690
-5566.18960
-5591.82560
-5590.64200
-5620.93366
-5615.42140
-5617.00368
-5607.87264
-5610.37331
-5610.03935
-5596.54284
-5583.94028
-5589.90461
-5545.55674
-5554.07993
-5581.15165
-5582.12888
-5600.24322
-5573.56208
-5557.83612
-5585.42450
-5552.65562
-5572.29531
-5576.26717
-5573.06772
-5561.41495
-5548.48911
-5583.23471
-5566.59313
-5583.31545
-5554.86512
-5542.07121
-5542.66330
-5568.82990
-5594.45210
-5559.96421
-5545.84527
-5573.75443
-5599.61005
-5557.09416
-5569.76816
-5556.81168
-5548.59137
-5558.84041
-5604.43450
-5572.27110
-5581.90307
-5568.06885
-5570.48979
-5548.73986
-5585.97831
-5589.25187
-5562.94045
-5579.57549
-5572.60805
-5608.84497
-5590.87404
-5600.30944
-5576.16973
-5567.93618
-5576.94163
-5565.65333
-5573.30158
-5563.67315
-5545.63693
-5566.84800
-5580.05338
-5559.91032
-5579.03558
-5560.62083
-5569.10761
-5576.67287
-5551.08787
-5570.71891
-5556.34453
-5556.28445
-5569.77751
-5601.07625
-5575.45116
-5580.07793
-5595.21006
-5554.34014
-5592.65869
-5595.74546
-5563.40086
-5569.25902
-5528.52961
-5590.45913
-5583.26760
-5593.70538
-5551.10017
-5522.29409
-5568.33049
-5548.42078
-5555.69110
-5551.81168
-5581.29025
-5562.69781
-5586.29289
-5587.61912
-5604.86907
-5589.19841
-5612.16374
-5630.59083
-5615.22917
-5591.59329
-5572.49978
-5588.09647
-5565.45218
-5588.32407
-5579.45937
-5560.33703
-5557.97978
-5550.66028
-5589.48362
-5575.55570
-5592.85458
-5578.29658
-5605.45002
-5589.10093
-5560.05907
-5604.97094
-5608.01794
-5625.06393
-5593.86613
-5562.52084
-5561.94609
-5565.35303
-5598.24650
-5592.38833
-5602.53184
-5589.53312
-5550.10310
-5548.96974
-5576.94548
-5574.95826
-5586.29117
-5544.75415
-5537.37250
-5543.65859
-5527.62647
-5555.63748
-5558.22425
-5540.19118
-5563.17610
-5601.08643
-5574.99739
-5544.56060
-5578.36266
-5590.38737
-5606.69546
-5592.10678
-5591.86928
-5603.94739
-5594.93340
-5597.72892
-5581.56469
-5589.89896
-5573.85410
-5552.67980
-5571.29762
-5560.93697
-5566.23654
-5536.70140
-5535.13997
-5582.75055
-5568.58322
-5565.40069
-5603.66773
-5613.81831
-5594.16988
-5582.51624
-5580.27386
-5589.96771
-5602.22289
-5618.16364
-5606.59157
-5615.98315
-5576.65612
-5556.20081
-5556.81715
-5568.10541
-5577.00657
-5597.47213
-5596.10977
-5592.13521
-5554.25795
-5544.84160
-5556.36812
-5574.82063
-5577.33099
-5562.07119
-5536.43296
-5530.59984
-5530.89336
-5538.60087
-5553.51687
-5596.87168
-5560.83459
-5596.64745
-5599.85903
-5612.87924
-5613.64424
-5598.02613
-5625.51975
-5600.90025
-5611.71112
-5574.28446
-5576.35097
-5589.86002
-5587.46914
-5598.15701
-5594.56889
-5586.68834
-5600.87746
-5567.73294
-5558.27017
-5578.81927
-5568.98472
-5567.32198
-5552.95650
-5580.52535
-5567.25525
-5591.25499
-5580.23297
-5574.51158
-5499.41962
-5525.56087
-5536.33831
-5538.76097
-5580.26638
-5590.34681
-5586.81030
-5577.35151
-5589.71479
-5563.99044
-5577.21279
-5550.23831
-5577.58710
-5591.97282
-5556.81126
-5568.10205
-5580.01110
-5595.19019
-5560.78654
-5536.80926
-5545.69186
-5554.32442
-5565.74521
-5536.87988
-5562.17609
-5592.49009
-5620.89979
-5596.57573
-5570.43608
-5579.62196
-5597.86296
-5597.62406
-5581.59755
-5582.34693
-5553.64031
-5603.73181
-5573.15622
-5580.56405
-5579.78692
-5578.49393
-5558.54664
-5538.79465
-5544.23764
-5562.42843
-5580.69589
-5579.58175
-5557.67305
-5551.51408
-5554.98160
-5560.63061
-5561.37719
-5570.81336
-5561.55609
-5575.37620
-5623.10758
-5578.58397
-5577.05103
-5585.15564
-5531.16094
-5532.96423
-5531.95027
-5556.52995
-5559.24715
-5564.06902
-5568.81248
-5559.63480
-5566.55407
-5588.36156
-5579.06855
-5598.07412
-5558.62540
-5548.02814
-5573.65189
-5539.77391
-5583.83043
-5582.50260
-5582.05468
-5594.51422
-5615.48613
-5605.15301
-5587.74947
-5558.65101
-5562.67840
-5553.19681
-5541.09997
-5539.09146
-5523.02899
-5575.02975
-5563.97005
-5531.73010
-5510.15492
-5554.66173
-5558.05865
-5562.35138
-5589.93184
-5572.12779
-5604.82899
-5584.52535
-5575.13473
-5571.74136
-5584.17319
-5562.83528
-5571.01972
-5578.01108
-5575.75104
-5555.75568
-5541.19225
-5574.02567
-5581.57920
-5592.79400
-5593.95513
-5586.76629
-5550.96210
-5600.67271
-5581.38446
-5575.09382
-5510.07430
-5551.51953
-5564.32214
-5570.09263
-5571.49992
-5579.36102
-5600.98157
-5587.58868
-5588.53679
-5573.30918
-5560.15783
-5566.72296
-5591.32770
-5545.61470
-5496.64142
-5508.34474
-5558.71118
-5542.00042
-5521.88183
-5516.08155
-5503.46063
-5518.99736
-5512.88495
-5558.90683
-5599.13165
-5607.69002
-5596.28831
-5579.93928
-5576.13183
-5569.32188
-5562.52096
-5553.53637
-5558.82943
-5572.23473
-5581.86238
-5597.20172
-5598.86017
-5586.56344
-5591.53092
-5585.56624
-5575.49397
-5583.21637
-5560.18354
-5559.04739
-5575.13446
-5545.82181
-5568.62509
-5543.44995
-5563.34900
-5543.78208
-5542.27482
-5543.34086
-5587.81722
-5564.13026
-5572.86040
-5561.01068
-5572.11161
-5580.21506
-5574.48660
-5565.61613
-5558.86361
-5566.19321
-5579.42852
-5591.24125
-5566.55355
-5561.10529
-5556.75108
-5534.10204
-5542.64409
-5563.31767
-5565.52215
-5553.47792
-5544.53433
-5586.62916
-5591.12569
-5582.12042
-5605.56834
-5560.57935
-5552.94380
-5527.39436
-5561.19752
-5588.62822
-5602.83234
-5574.80929
-5574.49265
-5580.59898
-5559.24804
-5580.53834
-5583.31588
-5596.86189
-5592.98952
-5604.96491
-5611.60239
-5607.26018
-5609.56871
-5570.99571
-5549.14096
-5563.55849
-5549.74220
-5520.89236
-5543.03723
-5575.46985
-5591.47629
-5587.69851
-5578.83381
-5610.36128
-5597.92381
-5585.49061
-5575.58862
-5546.14228
-5581.36718
-5559.06632
-5550.58235
-5591.60724
-5590.77979
-5572.43406
-5574.08018
-5564.17932
-5571.76669
-5567.45964
-5584.04289
-5563.75525
-5568.79992
-5585.27760
-5566.05761
-5553.86916
-5500.10732
-5556.09805
-5575.09774
-5544.25344
-5571.68849
-5577.64258
-5567.54858
-5573.44545
-5583.62415
-5566.97732
-5590.17985
-5584.09898
-5572.07077
-5567.87671
-5571.18205
-5599.97058
-5564.81004
-5607.33272
-5588.79677
-5552.70625
-5538.39877
-5562.90435
-5577.66633
-5588.03563
-5571.86092
-5586.13403
-5584.82282
-5592.59798
-5598.63926
-5578.52205
-5554.58861
-5559.50025
-5563.55318
-5534.52231
-5548.89412
-5551.47450
-5548.96336
-5571.19881
-5569.17047
-5569.90670
-5557.46905
-5528.95395
-5529.81530
-5503.22563
-5546.37712
-5544.86698
-5558.61268
-5546.08193
-5562.60104
-5581.91866
-5578.73741
-5579.94786
-5562.36018
-5576.37980
-5530.10269
-5575.72641
-5596.63068
-5559.41801
-5572.10576
-5614.95883
-5579.61723
-5577.18541
-5597.38041
-5574.21386
-5555.32407
-5560.38416
-5569.98540
-5563.63453
-5558.74415
-5559.90714
-5570.45189
-5587.79283
-5578.25714
-5596.78218
-5594.19749
-5588.58269
-5573.69135
-5547.37550
-5527.47669
-5567.64837
-5565.82566
-5543.75444
-5575.39491
-5581.47937
-5546.91477
-5534.13357
-5568.16080
-5595.95013
-5578.74465
-5544.65246
-5575.09308
-5554.22187
-5531.08743
-5547.76289
-5586.40071
-5612.65788
-5605.62770
-5581.72141
-5572.03798
-5538.07008
-5537.41128
-5566.72058
-5550.88101
-5560.91350
-5557.08588
-5565.38090
-5559.70945
-5561.12290
-5564.06546
-5591.38237
-5577.51167
-5597.02865
-5600.24675
-5583.57431
-5571.13478
-5561.59075
-5539.85145
-5519.90702
-5542.01456
-5538.94783
-5547.54739
-5529.68162
-5542.77095
-5561.15391
-5605.61302
-5608.46743
-5613.87136
-5592.20666
-5545.24769
-5544.59284
-5562.76400
-5546.77233
-5557.10151
-5580.30854
-5595.64135
-5574.00568
-5574.64800
-5572.41531
-5551.48356
-5588.62967
-5600.99991
-5603.52693
-5600.86952
-5588.97112
-5587.40406
-5572.80838
-5592.25004
-5599.64853
-5602.37091
-5610.03392
-5595.64636
-5598.74400
-5565.67442
-5567.03477
-5532.78536
-5545.30531
-5544.67548
-5543.17769
-5565.84319
-5551.17687
-5526.51964
-5542.22525
-5552.07245
-5549.61769
-5529.42183
-5572.28766
-5586.68639
-5582.62896
-5575.28558
-5544.68392
-5596.82280
-5601.63907
-5611.67892
-5565.14374
-5568.71612
-5523.58973
-5517.62636
-5538.39101
-5558.28485
-5543.69848
-5533.63078
-5550.19379
-5570.23915
-5528.50543
-5553.77388
-5549.65570
-5583.94362
-5591.49226
-5597.04942
-5576.16574
-5596.21493
-5576.81506
-5559.62066
-5571.85745
-5595.01138
-5569.54935
-5571.83839
-5591.63347
-5588.10783
-5584.12283
-5562.62408
-5556.62260
-5541.09234
-5516.15636
-5548.83448
-5558.02372
-5557.41213
-5535.63524
-5549.05969
-5571.56755
-5572.33607
-5528.63549
-5578.05268
-5570.26775
-5527.63499
-5549.61060
-5552.34467
-5531.16781
-5522.96579
-5565.96982
-5559.03165
-5566.97073
-5582.23209
-5527.51875
-5538.42841
-5556.90064
-5556.64172
-5576.89174
-5545.99483
-5560.84037
-5545.41852
-5514.08968
-5583.14889
-5595.17332
-5584.00305
-5537.88225
-5547.33949
-5550.13058
-5549.59117
-5555.16918
-5527.60167
-5527.53809
-5550.94406
-5520.19932
-5552.36815
-5575.39019
-5585.60669
-5546.61095
-5577.72057
-5562.26439
-5575.34688
-5552.03060
-5547.27472
-5607.13693
-5579.83161
-5572.67379
-5546.59608
-5569.87853
-5584.64747
-5571.23828
-5583.35793
-5586.63573
-5591.88891
-5574.04979
-5566.86933
-5581.00131
-5575.68332
-5628.95076
-5609.21355
-5609.02872
-5614.25756
-5617.77293
-5589.44736
-5611.71714
-5588.18512
-5579.09991
-5565.79528
-5571.61706
-5577.89121
-5584.69165
-5572.39947
-5580.48903
-5594.97591
-5588.18593
-5613.32391
-5576.05274
-5567.74042
-5576.44422
-5561.41572
-5564.90269
-5608.46466
-5603.83713
-5603.69498
-5597.98030
-5592.40629
-5631.47432
-5626.36225
-5611.53413
-5634.35466
-5613.32914
-5619.12663
-5591.54842
-5562.61387
-5574.51761
-5571.51568
-5602.71930
-5593.85551
-5587.18265
-5586.57948
-5591.05814
-5594.22970
-5546.75222
-5537.66923
-5590.44577
-5595.24146
-5568.75837
-5558.48119
-5526.01749
-5562.39302
-5567.18978
-5557.41017
-5547.76011
-5509.61607
-5559.43492
-5559.09802
-5548.94418
-5567.33511
-5564.95044
-5544.44803
-5558.41787
-5553.71728
-5624.97921
-5575.49495
-5564.98359
-5575.12859
-5596.94814
-5579.70679
-5536.81902
-5547.15209
-5596.01074
-5596.04723
-5554.80581
-5540.96488
-5548.47472
-5550.79232
-5571.95208
-5566.97008
-5577.68784
-5592.47957
-5582.89714
-5551.45352
-5536.75647
-5527.83784
-5575.13545
-5586.77800
-5611.99975
-5571.40536
-5578.94471
-5573.29622
-5584.48350
-5606.48422
-5559.11947
-5550.96165
-5576.07324
-5576.07145
-5568.72280
-5576.94199
-5594.21275
-5581.72940
-5611.76369
-5600.53160
-5606.09461
-5602.86906
-5600.23845
-5572.25779
-5585.44907
-5574.15922
-5551.29435
-5572.00594
-5565.33896
-5555.05055
-5570.87088
-5524.52193
-5535.67557
-5554.91388
-5584.20281
-5611.63050
-5586.76465
-5574.53598
-5610.94370
-5562.12589
-5565.26460
-5566.36630
-5536.94235
-5538.46702
-5548.79897
-5523.22318
-5511.98238
-5544.31759
-5535.72722
-5545.30348
-5562.74170
-5563.58662
-5586.36271
-5570.40898
-5541.16579
-5572.07950
-5561.75375
-5562.24516
-5558.88807
-5534.53355
-5536.20262
-5545.53494
-5552.81523
-5566.40056
-5560.28528
-5579.12031
-5556.47809
-5545.72010
-5559.45618
-5565.56306
-5562.61461
-5565.38009
-5569.67110
-5579.18490
-5574.85350
-5580.58715
-5577.65094
-5578.02492
-5611.06748
-5603.57905
-5599.35147
-5584.41536
-5548.19898
-5563.77952
-5564.93361
-5567.68533
-5536.80226
-5561.94965
-5580.56307
-5594.09360
-5578.98768
-5568.73245
-5557.45826
-5531.84288
-5518.83844
-5537.61596
-5561.50371
-5527.16703
-5596.50794
-5598.84157
-5618.08451
-5577.78244
-5576.89119
-5591.63489
-5605.00833
-5616.17690
-5623.58020
-5559.43679
-5548.83147
-5548.84557
-5561.70033
-5582.20208
-5613.43412
-5600.34481
-5609.28105
-5576.14975
-5582.79768
-5556.06694
-5566.06169
-5576.50723
-5565.91886
-5552.24561
-5589.43511
-5565.44966
-5559.36360
-5552.56182
-5579.88559
-5569.81982
-5587.54602
-5577.83157
-5583.93467
-5604.02181
-5578.88689
-5592.02808
-5605.89302
-5587.09530
-5577.61987
-5598.63312
-5555.39060
-5545.90939
-5557.49356
-5572.48249
-5596.72635
-5567.37666
-5575.59850
-5589.15377
-5601.89169
-5602.33999
-5571.52029
-5580.69880
-5561.70999
-5548.27048
-5499.13844
-5535.30280
-5538.42371
-5569.63340
-5578.55222
-5553.38366
-5556.49800
-5539.66295
-5545.30180
-5542.25793
-5583.96808
-5559.42331
-5585.55514
-5557.79798
-5565.14653
-5581.20443
-5568.84821
-5571.31487
-5602.55599
-5632.86271
-5626.86706
-5642.56790
-5613.92337
-5605.36731
-5645.70007
-5631.21275
-5606.96095
-5601.66913
-5566.29066
-5557.23294
-5582.06425
-5589.82567
-5569.91326
-5604.29538
-5615.95033
-5579.29945
-5554.80417
-5562.46967
-5545.80739
-5545.93279
-5549.02112
-5551.89378
-5551.47074
-5561.62003
-5527.45733
-5550.43977
-5554.30331
-5591.36883
-5593.43132
-5604.51042
-5603.48538
-5595.08329
-5612.50421
-5614.33016
-5601.49626
-5588.32673
-5555.14704
-5563.48071
-5570.74862
-5576.64730
-5589.95692
-5588.30102
-5569.23529
-5562.15689
-5576.16637
-5534.38118
-5531.79614
-5555.12831
-5535.92938
-5536.57032
-5550.63810
-5548.24642
-5536.86433
-5568.17143
-5578.94744
-5542.92911
-5585.28243
-5594.10375
-5594.66022
-5592.98830
-5581.60197
-5561.78873
-5562.36125
-5543.18231
-5569.73302
-5549.20313
-5547.36460
-5562.10366
-5566.58241
-5580.33102
-5585.92393
-5572.73560
-5584.18295
-5585.04915
-5604.73320
-5560.12863
-5571.46339
-5558.05565
-5585.89630
-5571.74523
-5570.95241
-5582.20992
-5594.42490
-5601.57880
-5615.62534
-5605.67477
-5544.48697
-5554.26437
-5582.95313
-5574.70911
-5582.28480
-5587.19696
-5583.82095
-5579.80081
-5594.89551
-5623.09685
-5604.76486
-5590.65100
-5580.23422
-5595.57392
-5575.91798
-5585.33310
-5561.90783
-5547.32232
-5545.40303
-5571.41707
-5578.97550
-5540.09210
-5548.93826
-5573.91600
-5588.85382
-5587.13694
-5578.42542
-5577.61847
-5568.44505
-5596.45858
-5576.05566
-5576.18350
-5582.83210
-5576.53762
-5547.41534
-5546.56618
-5601.88096
-5595.76557
-5568.49382
-5581.78992
-5568.55260
-5547.86759
-5575.73472
-5576.63711
-5594.59835
-5567.56348
-5566.97723
-5579.90766
-5572.56372
-5596.13773
-5582.44609
-5545.34857
-5575.10951
-5567.48169
-5523.44928
-5539.18065
-5554.26087
-5580.52366
-5577.46423
-5569.04806
-5588.96419
-5573.86141
-5592.98294
-5579.96503
-5567.83233
-5599.03328
-5605.30503
-5579.32858
-5592.82989
-5584.87181
-5572.32611
-5546.99557
-5533.50108
-5544.50410
-5576.33545
-5586.45789
-5571.28189
-5574.56861
-5590.87087
-5571.33717
-5552.27555
-5538.70995
-5568.88858
-5561.95664
-5601.75715
-5597.43350
-5584.49232
-5571.19998
-5558.63906
-5559.65069
-5595.98020
-5630.35118
-5627.97155
-5589.28773
-5605.08005
-5614.58253
-5629.08291
-5643.55602
-5621.92170
-5630.33734
-5606.15321
-5608.87425
-5603.17086
-5593.32740
-5592.49761
-5592.84316
-5585.33487
-5581.31791
-5542.96702
-5551.31635
-5544.93293
-5546.47716
-5529.59095
-5557.28171
-5534.66867
-5549.97450
-5593.11677
-5548.28862
-5547.84801
-5566.74821
-5578.71069
-5560.00938
-5548.82677
-5578.59983
-5576.97289
-5566.95688
-5583.23944
-5576.13859
-5578.69312
-5575.75573
-5589.25889
-5564.57301
-5550.20777
-5528.31940
-5559.62697
-5551.44317
-5522.33027
-5545.06348
-5555.93370
-5544.96097
-5576.02847
-5575.71152
-5564.27486
-5575.30487
-5578.95172
-5611.05298
-5610.33482
-5565.06591
-5563.86618
-5568.30171
-5570.92909
-5555.48515
-5540.59410
-5562.76691
-5557.18568
-5574.49828
-5541.90585
-5553.45946
-5527.11866
-5582.63735
-5553.07363
-5581.15176
-5612.08925
-5568.55627
-5575.80305
-5574.68432
-5573.35781
-5565.76171
-5566.10523
-5600.94431
-5580.86426
-5583.26760
-5574.20321
-5556.51546
-5566.66753
-5570.76820
-5587.51237
-5569.51959
-5582.68804
-5579.39733
-5581.84359
-5574.73948
-5539.60869
-5537.89385
-5531.45482
-5538.98149
-5572.21300
-5574.38121
-5563.73116
-5571.78755
-5561.56608
-5567.05159
-5586.70810
-5604.11598
-5568.83198
-5551.18222
-5571.68536
-5567.88701
-5587.90821
-5596.87026
-5552.34991
-5538.98798
-5580.70123
-5562.18356
-5553.27880
-5561.77335
-5563.77843
-5570.52474
-5581.36197
-5565.29538
-5527.11763
-5555.62654
-5556.90461
-5590.90931
-5559.31421
-5568.23274
-5596.74251
-5579.91752
-5583.55426
-5599.31457
-5584.14374
-5584.66790
-5541.75406
-5498.46198
-5547.42742
-5573.55415
-5578.04407
-5568.69186
-5550.62511
-5542.96798
-5574.33041
-5575.65789
-5571.91657
-5570.27018
-5535.23381
-5583.85274
-5609.75390
-5593.72533
-5580.01491
-5573.64464
-5580.73863
-5588.51679
-5586.22789
-5608.90672
-5632.52806
-5630.82206
-5598.40785
-5571.06807
-5580.69221
-5569.22710
-5562.32202
-5554.41911
-5523.78090
-5548.52983
-5549.64314
-5549.03971
-5546.99685
-5576.76050
-5565.84471
-5555.28357
-5553.35027
-5556.02701
-5563.60598
-5537.89798
-5532.16922
-5541.43098
-5523.25915
-5538.46809
-5545.84784
-5558.49848
-5555.81130
-5556.62872
-5568.23310
-5565.36525
-5576.42366
-5574.30849
-5567.50057
-5583.18503
-5562.66286
-5576.91051
-5582.34071
-5547.21358
-5524.40922
-5575.39920
-5590.42065
-5591.43430
-5601.27791
-5587.67432
-5570.44276
-5586.75131
-5576.22025
-5504.19502
-5593.43835
-5570.30673
-5575.99269
-5607.23741
-5603.44296
-5584.89472
-5561.34825
-5586.29071
-5572.60142
-5575.20395
-5556.95859
-5550.49612
-5536.84281
-5558.22460
-5581.27549
-5589.81167
-5565.83941
-5564.44467
-5591.43866
-5585.39520
-5631.44204
-5623.09787
-5615.68110
-5592.98762
-5589.14361
-5635.78505
-5607.58756
-5594.48814
-5600.63781
-5561.99341
-5608.21078
-5606.01594
-5584.34087
-5588.57834
-5592.67507
-5566.20393
-5586.95727
-5567.92258
-5591.72028
-5574.80365
-5542.81334
-5558.85633
-5569.57082
-5549.85018
-5554.79643
-5566.02896
-5541.42148
-5552.40063
-5570.68907
-5602.97141
-5599.64707
-5581.44692
-5573.96370
-5534.91687
-5540.45165
-5547.33720
-5521.75021
-5519.89379
-5526.03733
-5510.45374
-5555.35535
-5555.32710
-5565.61978
-5579.51271
-5565.41097
-5596.71156
-5585.45841
-5584.97556
-5586.50466
-5580.36735
-5568.06511
-5576.29519
-5593.53833
-5561.21455
-5579.16504
-5557.93662
-5554.69630
-5570.01475
-5590.65670
-5597.62000
-5586.91522
-5589.72345
-5552.26810
-5525.12096
-5540.10824
-5591.29245
-5574.63781
-5590.16499
-5570.66366
-5574.74460
-5587.28103
-5590.58381
-5586.26873
-5552.22399
-5535.10041
-5537.73094
-5527.03740
-5560.79742
-5579.24622
-5562.92070
-5556.14500
-5560.27394
-5549.60151
-5587.49615
-5596.83015
-5602.39386
-5581.27425
-5582.78254
-5562.06463
-5569.50791
-5607.55012
-5594.50135
-5569.73847
-5572.08548
-5568.46077
-5579.32372
-5588.88740
-5579.03382
-5609.98938
-5605.28710
-5588.09836
-5555.79052
-5534.46797
-5540.40426
-5587.60222
-5579.35209
-5556.89929
-5564.89692
-5571.81915
-5561.79453
-5565.27694
-5549.13275
-5532.06924
-5537.95272
-5535.46641
-5548.36456
-5547.93997
-5593.11312
-5603.07151
-5570.30407
-5583.66617
-5588.61792
-5560.94425
-5575.28840
-5581.74561
-5566.65878
-5582.69757
-5558.95241
-5571.48809
-5552.56837
-5557.58079
-5537.71035
-5575.54778
-5558.29299
-5568.02708
-5589.12438
-5600.97129
-5637.84013
-5635.26746
-5599.21307
-5599.91154
-5578.48365
-5570.14717
-5575.66259
-5582.12468
-5586.38824
-5557.36226
-5534.63810
-5546.27517
-5554.79702
-5562.89824
-5581.54664
-5588.40387
-5568.44277
-5552.92019
-5581.96051
-5595.83778
-5618.99265
-5588.67269
-5572.07002
-5582.71689
-5608.89467
-5593.45576
-5602.98531
-5574.12865
-5568.94528
-5586.60669
-5573.21411
-5606.51823
-5578.79380
-5574.20501
-5552.81098
-5566.30827
-5537.46972
-5540.59112
-5564.00738
-5583.18319
-5571.76653
-5556.07879
-5579.06935
-5585.23199
-5545.57425
-5534.46749
-5527.89352
-5584.14051
-5586.37456
-5536.79116
-5524.55501
-5533.43546
-5548.15106
-5533.99830
-5526.80974
-5517.06559
