-5915.28205
-5910.51847
-5921.09951
-5900.69860
-5910.15700
-5925.21588
-5914.04905
-5912.00522
-5912.81871
-5915.90777
-5896.52323
-5902.84970
-5904.48174
-5920.96921
-5924.69793
-5930.92943
-5923.96451
-5913.95718
-5912.99238
-5919.25660
-5933.84790
-5942.09612
-5924.88320
-5916.96862
-5939.36413
-5953.69733
-5966.45566
-5946.24335
-5917.66413
-5903.43645
-5893.60622
-5910.28177
-5917.60526
-5932.42990
-5944.42661
-5932.14126
-5943.09076
-5935.68965
-5918.63678
-5934.21206
-5933.19378
-5922.83559
-5920.16658
-5911.65588
-5905.50705
-5922.09426
-5914.69869
-5925.04474
-5921.40676
-5916.83964
-5914.37675
-5914.92346
-5887.08666
-5888.02159
-5881.84893
-5888.59504
-5890.50477
-5896.99422
-5889.16004
-5877.12941
-5876.85332
-5869.78229
-5875.06191
-5867.97692
-5886.78508
-5870.25156
-5880.85800
-5872.23733
-5874.27437
-5895.78902
-5907.77171
-5900.49247
-5886.33308
-5894.05579
-5906.48441
-5901.09209
-5910.04995
-5903.26744
-5896.45254
-5897.34409
-5902.82337
-5892.44449
-5890.43366
-5900.12772
-5892.79495
-5907.50392
-5909.41090
-5922.21538
-5925.31105
-5920.14092
-5915.22049
-5929.27015
-5934.81840
-5920.85163
-5916.95542
-5933.36124
-5913.64067
-5912.98664
-5918.04325
-5908.28704
-5914.97128
-5906.03789
-5925.20737
-5926.46861
-5932.59693
-5926.06136
-5923.03291
-5938.84692
-5944.06883
-5940.74546
-5933.03524
-5942.93607
-5936.72788
-5950.52664
-5941.28818
-5942.39221
-5943.88943
-5947.20313
-5943.15296
-5930.19357
-5929.79398
-5924.35794
-5933.26798
-5926.30667
-5894.99672
-5892.29298
-5888.31124
-5892.08147
-5882.31376
-5879.60748
-5879.94400
-5875.13819
-5877.85473
-5860.78531
-5903.34635
-5910.70274
-5925.25305
-5883.46949
-5877.76884
-5892.10336
-5919.29886
-5894.97623
-5901.21823
-5897.35626
-5912.58542
-5910.94315
-5924.44332
-5913.79816
-5915.29789
-5901.57939
-5912.18645
-5893.90977
-5882.44719
-5887.48749
-5891.15145
-5900.73706
-5907.89134
-5902.86137
-5897.31069
-5887.41295
-5879.42897
-5898.38481
-5903.79384
-5908.27503
-5912.65275
-5911.77342
-5915.59089
-5881.13520
-5908.54883
-5888.85758
-5902.35335
-5904.97154
-5911.14530
-5902.67727
-5924.89830
-5916.39596
-5916.30120
-5921.28996
-5912.32403
-5907.80008
-5911.64896
-5909.49059
-5874.00339
-5878.80501
-5872.89199
-5881.49651
-5861.88305
-5875.92402
-5866.36483
-5872.13627
-5871.31811
-5882.77389
-5865.42182
-5853.01375
-5850.38958
-5873.27138
-5886.84602
-5898.32782
-5894.66451
-5919.42153
-5946.37368
-5920.27628
-5932.61522
-5923.62241
-5919.15868
-5922.18488
-5931.58848
-5940.03440
-5952.98416
-5941.45360
-5953.96897
-5940.90673
-5939.93875
-5939.29744
-5918.00683
-5926.79593
-5907.77356
-5915.11408
-5928.46999
-5925.44061
-5934.49505
-5919.53699
-5920.02465
-5919.91965
-5935.80791
-5920.90472
-5923.81262
-5942.62863
-5925.65664
-5923.91096
-5915.69583
-5914.39406
-5906.44820
-5882.85952
-5892.51472
-5885.04717
-5867.04402
-5861.43746
-5885.14573
-5904.59778
-5919.98767
-5916.81602
-5908.11069
-5907.29787
-5907.82818
-5924.21664
-5934.99535
-5953.90314
-5949.33675
-5942.70906
-5976.63573
-5975.08155
-5965.40270
-5958.84050
-5952.00255
-5953.96129
-5941.80856
-5935.94790
-5945.52324
-5928.40111
-5918.42345
-5927.93178
-5944.07662
-5955.90278
-5924.15834
-5908.61207
-5903.17736
-5899.44419
-5912.23505
-5905.40366
-5895.80585
-5903.11917
-5904.18583
-5930.70908
-5922.53007
-5906.69905
-5907.10781
-5908.91939
-5923.91784
-5902.68468
-5883.31569
-5878.38841
-5895.79000
-5907.44365
-5921.46578
-5916.80387
-5934.88476
-5928.41465
-5940.98065
-5939.61912
-5934.78649
-5936.80526
-5944.16690
-5943.01139
-5946.85886
-5948.57286
-5936.88573
-5931.66666
-5933.27588
-5931.07301
-5922.10042
-5929.66974
-5923.10046
-5920.47241
-5928.00092
-5901.39427
-5926.02390
-5928.37849
-5935.82864
-5927.06337
-5923.96258
-5939.41395
-5940.25739
-5917.39078
-5935.83254
-5945.18979
-5924.82677
-5933.92760
-5946.41638
-5932.00837
-5924.67065
-5925.22340
-5917.01168
-5926.12302
-5916.73486
-5920.31076
-5911.58906
-5904.63787
-5922.63845
-5923.96544
-5944.87494
-5935.20376
-5955.26428
-5952.49595
-5934.49780
-5928.58167
-5932.31990
-5945.08701
-5936.33510
-5935.94213
-5927.66427
-5931.51062
-5932.39536
-5950.36071
-5925.80712
-5928.74641
-5935.24121
-5940.17343
-5950.37552
-5955.27178
-5958.31695
-5970.79938
-5970.02754
-5977.53617
-5973.40780
-5963.96830
-5959.86978
-5952.87883
-5961.07314
-5982.31463
-5969.43287
-5968.01734
-5959.97917
-5961.07435
-5961.50212
-5958.78872
-5953.65552
-5954.77947
-5952.17978
-5966.00226
-5975.68928
-5976.95146
-5956.60599
-5926.30007
-5935.19423
-5957.62950
-5933.34207
-5928.09282
-5925.89873
-5947.36963
-5944.46832
-5955.71850
-5963.01725
-5951.97021
-5964.16987
-5940.10805
-5928.03455
-5940.12062
-5941.18888
-5948.22800
-5954.17208
-5964.37726
-5947.01779
-5952.37422
-5948.95011
-5959.34476
-5953.86860
-5940.47028
-5937.98619
-5933.42694
-5927.86242
-5935.38017
-5937.38166
-5937.80482
-5938.20188
-5937.91033
-5921.27674
-5921.20366
-5933.35386
-5945.31103
-5954.72725
-5960.23124
-5942.02214
-5941.51490
-5924.93017
-5917.91076
-5917.12973
-5955.36080
-5935.88733
-5929.01436
-5930.67097
-5920.60464
-5905.48289
-5950.35882
-5962.64776
-5949.22606
-5958.38490
-5941.75296
-5937.33217
-5954.21951
-5942.76746
-5963.78303
-5954.13434
-5935.33437
-5939.85417
-5949.20171
-5932.69146
-5942.02032
-5924.60662
-5923.35087
-5932.09068
-5927.15637
-5913.96072
-5923.36232
-5899.12311
-5926.32527
-5913.38052
-5921.61944
-5913.13182
-5900.50018
-5925.85444
-5945.77580
-5967.66006
-5954.90984
-5963.51184
-5943.78620
-5953.25094
-5938.55548
-5935.72601
-5931.40747
-5935.31853
-5939.58790
-5905.94369
-5904.65152
-5924.13645
-5936.84110
-5910.53488
-5911.69595
-5897.84864
-5914.63470
-5890.16221
-5899.90629
-5886.33088
-5897.45583
-5902.03597
-5907.33809
-5926.77023
-5920.32542
-5917.05798
-5918.74323
-5916.08111
-5938.35671
-5919.33448
-5906.85788
-5895.36911
-5901.62986
-5914.86880
-5917.88714
-5891.71366
-5877.37922
-5888.14688
-5896.24081
-5871.11824
-5862.92224
-5876.58130
-5885.09852
-5904.52237
-5895.98552
-5889.22931
-5877.42465
-5864.01346
-5875.48894
-5894.71978
-5906.91789
-5890.06168
-5874.98758
-5886.73834
-5871.38463
-5876.16846
-5860.40362
-5866.84581
-5884.57938
-5878.84413
-5879.14559
-5882.05404
-5874.60873
-5885.46595
-5879.27321
-5883.12940
-5885.16165
-5862.43856
-5877.91365
-5897.86086
-5900.20121
-5903.20750
-5891.24892
-5864.46001
-5891.45183
-5883.46829
-5858.39053
-5868.73251
-5883.04687
-5858.28240
-5877.04364
-5894.92662
-5901.77890
-5945.94723
-5933.21790
-5930.77982
-5932.01931
-5938.28439
-5939.14058
-5943.89929
-5941.11911
-5945.18444
-5919.52761
-5926.82659
-5915.13880
-5900.74207
-5895.58746
-5893.82856
-5889.92008
-5868.84938
-5866.58914
-5862.90194
-5882.93547
-5870.37143
-5851.25253
-5871.97822
-5870.46018
-5875.86871
-5888.83367
-5904.02139
-5914.96746
-5904.21318
-5882.78275
-5884.21092
-5886.66283
-5877.89569
-5871.51138
-5863.46417
-5862.23924
-5882.56647
-5894.10590
-5898.46430
-5902.58588
-5889.50953
-5907.92932
-5903.63223
-5892.67964
-5875.94796
-5882.34008
-5884.66710
-5876.83737
-5891.29051
-5920.47127
-5917.05439
-5914.17223
-5934.37400
-5929.74074
-5916.84301
-5918.89262
-5905.66881
-5908.84499
-5902.58604
-5887.31181
-5877.84649
-5874.92352
-5888.94139
-5863.63847
-5882.58792
-5889.39012
-5900.98530
-5901.70867
-5888.36941
-5910.40212
-5926.13008
-5921.74786
-5914.85433
-5929.25103
-5897.69383
-5904.20678
-5911.22963
-5924.79088
-5937.25523
-5934.17600
-5945.87180
-5917.42735
-5922.75482
-5935.11156
-5943.47635
-5962.03829
-5957.44978
-5967.57102
-5972.98589
-5956.37746
-5965.57120
-5953.09829
-5956.87695
-5947.79379
-5946.11686
-5959.93615
-5959.40739
-5935.14767
-5943.65635
-5940.83869
-5949.44383
-5954.22560
-5958.64892
-5934.28825
-5932.73432
-5947.23973
-5934.03259
-5935.67348
-5943.59114
-5922.63759
-5926.15066
-5917.14566
-5897.63420
-5908.39888
-5912.09291
-5908.01755
-5918.98845
-5903.30975
-5922.96495
-5918.38323
-5914.73488
-5890.98846
-5905.52643
-5919.86699
-5925.27328
-5917.58808
-5926.21251
-5923.42653
-5908.16471
-5927.88857
-5920.41015
-5906.01709
-5880.69643
-5905.42358
-5918.40409
-5930.67733
-5931.54087
-5942.33229
-5917.50887
-5921.51900
-5923.83049
-5931.05291
-5931.96329
-5920.21564
-5881.53433
-5881.70465
-5901.29083
-5890.35951
-5901.81504
-5922.81421
-5914.62086
-5909.99447
-5906.51894
-5907.18599
-5914.15985
-5910.54958
-5905.56084
-5892.26658
-5889.11867
-5907.08796
-5906.54323
-5914.86436
-5924.36204
-5946.81578
-5920.79453
-5935.31222
-5928.72890
-5923.85884
-5921.79490
-5933.08093
-5930.19938
-5934.46528
-5937.89866
-5935.57202
-5924.21131
-5918.54292
-5913.78090
-5919.31044
-5926.49911
-5945.30328
-5938.34424
-5925.69608
-5948.91267
-5938.65566
-5942.65781
-5941.93431
-5945.36199
-5942.21536
-5946.12071
-5949.55151
-5933.70478
-5957.48882
-5926.46701
-5931.34965
-5919.65656
-5928.85739
-5939.90934
-5947.64507
-5938.31449
-5903.78433
-5920.99778
-5919.03285
-5907.20539
-5914.69573
-5908.39601
-5890.24153
-5910.62941
-5914.11650
-5909.23299
-5873.30123
-5870.66962
-5879.69679
-5884.91663
-5890.99072
-5920.19529
-5926.68625
-5938.71717
-5920.86756
-5919.72969
-5923.93940
-5932.57457
-5928.42998
-5935.04341
-5919.51539
-5910.05731
-5903.91827
-5889.35953
-5901.57481
-5896.27261
-5919.22824
-5906.39637
-5919.00465
-5910.53548
-5912.97200
-5892.05299
-5909.00177
-5899.26055
-5893.74851
-5889.65424
-5881.72739
-5874.77756
-5925.43274
-5911.45377
-5911.12145
-5920.58193
-5936.26227
-5930.22221
-5929.99779
-5911.97519
-5910.14338
-5926.06706
-5925.93986
-5929.98770
-5927.25149
-5942.71724
-5928.34015
-5921.25023
-5936.77767
-5935.52528
-5942.56556
-5931.24198
-5922.92392
-5917.89211
-5911.05415
-5926.65011
-5946.76995
-5934.89057
-5928.84789
-5921.01743
-5927.90387
-5925.37269
-5928.99153
-5931.38341
-5942.13930
-5933.18038
-5940.54866
-5932.92509
-5929.90427
-5922.15797
-5914.53382
-5928.76609
-5921.36886
-5907.59915
-5917.35297
-5909.98796
-5903.61489
-5919.20130
-5914.27025
-5892.88016
-5903.04043
-5912.51292
-5897.61062
-5875.18319
-5893.38922
-5896.43451
-5905.51949
-5902.58721
-5890.81112
-5907.04772
-5923.34227
-5905.77304
-5890.96230
-5905.53693
-5884.16080
-5897.14328
-5883.53253
-5887.26233
-5889.64431
-5878.60705
-5887.24324
-5877.49447
-5862.82229
-5862.82460
-5885.82080
-5899.40781
-5902.89973
-5900.78630
-5921.61810
-5902.58040
-5917.04429
-5948.49037
-5936.08471
-5922.16422
-5902.71655
-5922.19076
-5901.28056
-5898.34778
-5859.82419
-5861.36520
-5856.62813
-5875.57821
-5887.94291
-5886.43497
-5886.44746
-5877.14784
-5879.42449
-5881.62898
-5895.27223
-5889.58421
-5891.18004
-5891.01173
-5893.84590
-5916.05946
-5905.61559
-5896.68297
-5886.62423
-5891.30988
-5877.40511
-5901.96491
-5901.00486
-5882.47355
-5889.73088
-5896.22918
-5874.78980
-5878.18850
-5869.64695
-5897.61439
-5907.25945
-5902.40180
-5890.19908
-5889.53846
-5905.00937
-5884.78090
-5898.01686
-5922.74564
-5900.83894
-5898.92628
-5921.65985
-5896.00742
-5900.14538
-5902.38849
-5902.04847
-5895.44736
-5892.32981
-5910.73368
-5894.25779
-5913.58917
-5916.46651
-5898.48535
-5892.18447
-5917.01365
-5902.33051
-5920.32281
-5907.52547
-5904.95602
-5885.40447
-5889.55541
-5898.67389
-5887.75595
-5897.85254
-5905.10864
-5886.75021
-5899.97541
-5902.22071
-5911.59183
-5894.86282
-5904.69494
-5907.25729
-5894.97801
-5876.97866
-5905.26544
-5919.22094
-5909.62960
-5906.79006
-5920.22096
-5937.11577
-5925.52113
-5925.52190
-5931.01317
-5932.30055
-5931.02513
-5926.82199
-5915.43286
-5915.91405
-5921.28615
-5905.80527
-5912.24818
-5910.87985
-5917.08127
-5935.48034
-5917.35509
-5924.69689
-5895.26381
-5872.43050
-5894.29380
-5887.98860
-5906.83019
-5904.66931
-5890.67114
-5887.24219
-5910.52588
-5919.18891
-5923.03829
-5923.83600
-5924.60336
-5915.32676
-5931.61724
-5921.47950
-5928.05444
-5917.55157
-5917.35768
-5921.62518
-5918.83280
-5903.07467
-5927.67851
-5913.64654
-5908.84892
-5898.66506
-5920.23049
-5920.18689
-5927.85927
-5931.99212
-5913.53682
-5920.70854
-5926.11916
-5937.00760
-5935.30234
-5924.53478
-5936.50785
-5929.52407
-5911.51360
-5925.41072
-5930.75782
-5957.91477
-5949.84901
-5951.55379
-5949.25019
-5941.85878
-5933.52235
-5937.32109
-5933.15256
-5913.34871
-5894.02366
-5902.13044
-5880.36358
-5884.91861
-5880.63371
-5892.56077
-5892.12455
-5893.23057
-5889.28705
-5884.72360
-5871.47052
-5885.19680
-5891.73679
-5901.07258
-5910.33390
-5884.37974
-5891.50913
-5869.42749
-5844.91852
-5871.26652
-5887.23656
-5889.53347
-5886.54964
-5896.95280
-5878.94230
-5889.12774
-5889.80281
-5885.65439
-5894.83143
-5889.79629
-5884.51480
-5871.24095
-5880.84190
-5902.15048
-5918.32388
-5901.48835
-5908.17899
-5901.33425
-5889.97068
-5897.48975
-5870.22343
-5872.61849
-5887.12495
-5896.88498
-5905.18839
-5894.45703
-5884.20106
-5891.07647
-5898.97622
-5914.56043
-5905.55647
-5892.74810
-5880.20084
-5895.27762
-5915.90055
-5912.65892
-5902.73283
-5891.04760
-5890.62156
-5863.31659
-5861.41501
-5865.09832
-5882.47487
-5896.62360
-5910.19551
-5901.96251
-5911.33078
-5904.96751
-5885.22846
-5869.76857
-5841.53270
-5835.32231
-5849.23995
-5865.70270
-5862.60127
-5882.03459
-5861.98143
-5883.23204
-5882.06893
-5907.99328
-5903.44222
-5913.64883
-5918.36655
-5918.06426
-5923.31591
-5912.92487
-5901.99487
-5907.23747
-5915.99170
-5934.40948
-5927.04039
-5920.39171
-5934.04517
-5944.50274
-5928.70822
-5948.12895
-5944.05424
-5963.65746
-5942.44430
-5942.27863
-5970.02823
-5949.36286
-5947.75109
-5970.69364
-5968.34015
-5969.40780
-5986.26832
-5994.80973
-5998.61268
-5996.00452
-5991.79234
-5977.08108
-5974.79947
-5965.73338
-5971.27323
-5977.62906
-5957.73085
-5956.58611
-5959.07062
-5961.39059
-5990.73767
-5988.38210
-5978.10106
-5971.16526
-5965.33617
-5963.32167
-5975.04371
-5974.99096
-5974.44072
-5974.10155
-5962.78235
-5950.78596
-5962.17033
-5947.18115
-5948.36769
-5942.66926
-5948.70691
-5932.57983
-5939.49375
-5944.25211
-5955.12896
-5954.84137
-5945.13777
-5936.00046
-5963.82840
-5966.05646
-5956.69216
-5935.66368
-5939.77244
-5926.96857
-5941.48448
-5938.44238
-5917.85872
-5901.74877
-5908.07771
-5917.32206
-5903.60423
-5889.76386
-5898.07731
-5905.25186
-5895.73627
-5901.47043
-5894.96551
-5905.95206
-5908.95845
-5908.83894
-5908.64419
-5924.32883
-5924.86873
-5916.55340
-5907.89135
-5891.00998
-5901.29157
-5899.27010
-5882.41965
-5866.92012
-5876.29733
-5891.44192
-5897.70239
-5910.46935
-5885.64485
-5891.80690
-5899.47920
-5908.89972
-5922.71881
-5875.98908
-5888.35372
-5893.33108
-5898.10750
-5902.12743
-5890.65166
-5891.56099
-5876.62828
-5886.96389
-5902.71952
-5904.58496
-5905.77692
-5911.02373
-5925.72206
-5926.78693
-5917.24249
-5922.24294
-5897.27493
-5925.87016
-5939.28537
-5924.96282
-5935.46110
-5929.04745
-5924.82143
-5909.06104
-5913.55094
-5915.55840
-5915.10856
-5915.31569
-5927.79180
-5926.16058
-5918.66039
-5923.53862
-5939.38485
-5940.67650
-5931.86496
-5923.76357
-5895.61253
-5886.81505
-5880.24468
-5907.91715
-5925.60248
-5925.53490
-5930.08475
-5927.99365
-5927.76184
-5921.39293
-5923.31988
-5911.42754
-5892.17115
-5917.37245
-5913.06723
-5915.88557
-5905.67386
-5915.35912
-5916.89705
-5948.63481
-5943.46257
-5936.94317
-5922.75872
-5908.67426
-5917.17814
-5913.92693
-5922.36070
-5902.99433
-5899.21537
-5885.27923
-5883.32142
-5879.25682
-5885.57365
-5884.17756
-5896.75419
-5882.09482
-5857.05475
-5861.64311
-5881.05964
-5891.23390
-5899.31187
-5916.95554
-5926.21754
-5918.96087
-5905.17609
-5916.19916
-5890.53924
-5899.98269
-5901.68942
-5926.30703
-5918.63546
-5897.61179
-5882.49057
-5889.87451
-5887.91933
-5890.45208
-5889.81862
-5887.69981
-5892.96181
-5901.56539
-5896.25025
-5894.73347
-5886.80657
-5884.51340
-5911.12410
-5919.79747
-5943.39593
-5945.25559
-5926.14511
-5939.75507
-5933.41098
-5922.36631
-5927.20988
-5924.61870
-5936.26332
-5913.94777
-5896.79978
-5893.10689
-5912.52669
-5915.47934
-5921.84306
-5917.83979
-5904.71370
-5921.66731
-5939.99482
-5935.78588
-5931.43692
-5925.14214
-5923.03077
-5935.77114
-5941.60578
-5947.71325
-5920.54297
-5934.64484
-5922.40417
-5934.99511
-5940.16067
-5928.16579
-5941.98621
-5934.32572
-5931.73935
-5940.78323
-5936.11294
-5906.62567
-5913.97026
-5913.68798
-5924.89589
-5926.98873
-5936.11536
-5915.27109
-5924.40990
-5923.08815
-5913.31782
-5934.31200
-5938.73772
-5953.12952
-5944.49633
-5943.80306
-5912.24834
-5924.56853
-5911.91916
-5921.10616
-5904.76028
-5893.99244
-5899.40909
-5891.66974
-5915.43227
-5915.97765
-5933.92158
-5940.72548
-5940.77759
-5936.85036
-5916.66829
-5928.39667
-5918.03801
-5911.01432
-5910.73307
-5915.44272
-5918.83220
-5925.70675
-5929.86173
-5919.36699
-5946.26223
-5928.53056
-5920.45791
-5906.36187
-5920.71899
-5910.29587
-5904.65292
-5915.15679
-5926.69254
-5922.42781
-5928.59387
-5916.32517
-5921.67788
-5915.20942
-5910.93964
-5915.97282
-5929.62712
-5925.67243
-5929.51297
-5921.00002
-5922.54510
-5941.11403
-5946.13846
-5947.89633
-5945.14709
-5947.55121
-5922.74491
-5934.43646
-5944.07848
-5935.25362
-5921.41907
-5912.53401
-5907.34434
-5916.57690
-5914.32119
-5918.35453
-5926.08273
-5903.67027
-5903.78575
-5918.30819
-5922.73470
-5933.93682
-5927.93442
-5924.50326
-5937.66105
-5921.28360
-5911.67124
-5902.70504
-5900.93502
-5920.33130
-5911.42763
-5926.16851
-5910.26584
-5922.94307
-5931.71894
-5926.20276
-5929.75308
-5932.87601
-5928.36522
-5931.72143
-5928.62366
-5909.07446
-5938.05197
-5952.56827
-5956.14694
-5941.79358
-5941.96967
-5939.70883
-5954.28137
-5954.08329
-5963.69617
-5966.27408
-5959.05967
-5954.37288
-5954.62192
-5953.44739
-5955.54177
-5939.78417
-5924.20461
-5928.62988
-5919.17816
-5938.70657
-5926.66874
-5927.82994
-5917.33280
-5912.73577
-5939.31589
-5938.48632
-5934.67831
-5952.41178
-5923.12426
-5932.00653
-5936.57079
-5928.50519
-5934.84477
-5948.86999
-5954.81348
-5947.46381
-5952.22555
-5953.70768
-5947.92048
-5957.84458
-5961.65318
-5949.95016
-5964.69435
-5964.23921
-5945.31965
-5913.72491
-5934.38083
-5932.31782
-5917.79382
-5881.94446
-5890.53175
-5887.61661
-5887.43134
-5909.27221
-5907.66212
-5904.32401
-5916.65068
-5924.18759
-5926.94361
-5926.49457
-5927.50094
-5909.56278
-5895.09422
-5895.65164
-5891.48984
-5890.70265
-5903.73134
-5891.32772
-5897.15454
-5923.75870
-5882.15374
-5874.96712
-5904.82418
-5908.58896
-5896.21037
-5900.25490
-5909.24130
-5904.55091
-5916.84092
-5910.87063
-5922.16280
-5916.50236
-5915.08520
-5928.87215
-5927.46996
-5901.34308
-5904.39220
-5906.95651
-5898.95952
-5900.00809
-5882.60997
-5868.39596
-5878.73609
-5894.76878
-5913.23256
-5914.26773
-5917.40624
-5904.28198
-5899.72959
-5886.83821
-5890.18340
-5879.51915
-5888.13269
-5891.07376
-5883.69892
-5887.43443
-5860.23647
-5861.66552
-5863.54894
-5855.35997
-5854.14873
-5836.86645
-5851.96912
-5869.61092
-5864.99863
-5870.14357
-5896.65617
-5873.86532
-5867.70752
-5892.88752
-5898.80953
-5911.63949
-5908.63411
-5910.75191
-5907.66806
-5892.83621
-5868.46770
-5879.34089
-5905.22993
-5933.25477
-5916.71477
-5919.06982
-5933.19768
-5928.02310
-5919.61610
-5955.52271
-5936.21898
-5896.59531
-5893.57157
-5914.55352
-5944.43317
-5939.66227
-5939.80731
-5920.77207
-5937.02292
-5956.01102
-5947.07492
-5918.60996
-5917.05789
-5923.09308
-5907.18833
-5919.96141
-5915.62755
-5919.95433
-5931.68910
-5932.48805
-5912.23580
-5909.72518
-5920.89872
-5929.29533
-5929.05147
-5915.57490
-5917.71018
-5923.99352
-5912.42078
-5923.83823
-5929.27367
-5931.64087
-5925.24021
-5933.18835
-5922.13582
-5913.04467
-5908.80564
-5913.19259
-5919.23344
-5920.80815
-5903.80343
-5906.41717
-5919.86200
-5926.77969
-5933.46722
-5929.51313
-5906.51675
-5907.82109
-5917.60452
-5909.52603
-5892.81440
-5904.77657
-5895.58768
-5890.88789
-5893.76291
-5895.55604
-5897.09799
-5912.63270
-5900.83112
-5909.67079
-5900.12845
-5916.92952
-5920.61037
-5928.17642
-5912.04353
-5914.63918
-5925.26863
-5917.33008
-5928.56539
-5934.22910
-5929.59258
-5940.74783
-5936.51368
-5929.48842
-5921.67559
-5923.19571
-5926.33253
-5918.72814
-5915.41714
-5902.72917
-5928.06460
-5965.84234
-5945.94438
-5931.92478
-5928.55519
-5925.79644
-5927.72320
-5912.92301
-5921.99861
-5917.01180
-5937.55409
-5926.64948
-5923.85684
-5922.47813
-5917.07024
-5921.00047
-5912.21577
-5904.15461
-5902.54777
-5897.53306
-5900.23900
-5895.02500
-5916.97087
-5910.49445
-5900.50896
-5906.94030
-5888.49678
-5912.40526
-5903.08593
-5889.18916
-5884.44708
-5882.89238
-5868.29426
-5878.13408
-5880.54087
-5881.71144
-5879.54444
-5878.29255
-5887.26177
-5889.74627
-5884.71380
-5906.48589
-5878.23779
-5921.61458
-5908.52216
-5924.71368
-5906.36550
-5904.75114
-5899.36694
-5876.68389
-5863.49970
-5870.70834
-5893.84025
-5888.71949
-5882.74543
-5900.15629
-5878.50650
-5891.79351
-5898.67317
-5909.91282
-5915.40780
-5907.19408
-5911.41974
-5923.43187
-5923.80528
-5898.70800
-5915.74960
-5906.88585
-5890.12494
-5857.79938
-5859.49008
-5867.40738
-5873.60579
-5868.18895
-5878.08869
-5896.90427
-5891.14348
-5885.17227
-5896.26335
-5897.32608
-5895.99753
-5894.10958
-5911.49822
-5932.45847
-5931.62445
-5935.02781
-5920.80570
-5880.11287
-5876.46790
-5897.70926
-5899.54361
-5906.12363
-5910.79190
-5922.91956
-5919.00089
-5909.99738
-5902.43584
-5912.82975
-5902.59314
-5924.82874
-5915.60111
-5901.85652
-5913.97833
-5907.50749
-5895.13393
-5929.05943
-5930.10780
-5940.72176
-5940.48794
-5934.05241
-5915.97805
-5898.93149
-5902.81719
-5905.40961
-5910.74800
-5890.28011
-5873.68059
-5883.53004
-5880.85984
-5881.33073
-5890.93622
-5889.82473
-5910.64538
-5938.61674
-5939.84726
-5933.48007
-5939.88594
-5934.03733
-5927.45817
-5938.45351
-5925.97904
-5926.27854
-5911.90060
-5905.70673
-5926.68878
-5946.72827
-5954.66959
-5964.11662
-5968.23996
-5963.11066
-5973.42476
-5962.33530
-5958.17562
-5955.07059
-5943.46349
-5904.58328
-5904.17763
-5932.28275
-5929.19214
-5941.96676
-5919.46715
-5924.43017
-5920.27791
-5913.79177
-5924.95311
-5934.41114
-5927.27072
-5912.23907
-5895.90274
-5890.69464
-5903.07169
-5914.75766
-5920.84006
-5917.52692
-5921.58028
-5921.09360
-5928.74284
-5925.02842
-5936.86036
-5955.30230
-5955.16712
-5950.12079
-5936.49165
-5934.38602
-5937.73111
-5945.61027
-5951.23441
-5968.50754
-5962.58935
-5972.40486
-5962.11542
-5972.47333
-5967.79993
-5976.71622
-5999.46282
-5978.27680
-5969.68119
-5964.03495
-5959.11601
-5968.01281
-5968.65142
-5968.46171
-5947.57781
-5944.18149
-5939.98085
-5947.45824
-5949.34547
-5948.36168
-5968.18244
-5971.70850
-5965.52139
-5953.40598
-5930.65098
-5946.74589
-5951.26787
-5946.20811
-5961.53662
-5955.62491
-5938.75507
-5940.32655
-5907.34545
-5906.95418
-5902.03179
-5900.58031
-5882.58305
-5890.06300
-5910.95599
-5916.05639
-5924.87215
-5925.58600
-5925.22437
-5919.20118
-5918.57168
-5906.10274
-5920.70180
-5943.15322
-5934.75672
-5954.62712
-5966.94167
-5979.86940
-5964.80723
-5951.11610
-5946.68822
-5944.27662
-5941.07437
-5921.78690
-5956.49796
-5957.53955
-5946.80265
-5947.40699
-5949.52981
-5947.57395
-5950.92304
-5950.00378
-5944.87714
-5934.81580
-5936.16232
-5943.36150
-5931.93081
-5920.58452
-5924.90004
-5931.39284
-5934.46514
-5946.02933
-5954.32560
-5952.96953
-5925.91927
-5930.32311
-5915.33569
-5924.23279
-5904.88849
-5912.10776
-5898.34681
-5903.11269
-5909.05382
-5893.59475
-5897.78503
-5931.69821
-5925.58102
-5913.06251
-5925.91280
-5930.49706
-5934.56239
-5925.04951
-5930.50183
-5934.31369
-5933.03686
-5936.29562
-5943.67593
-5938.06861
-5927.81166
-5908.55327
-5889.81593
-5891.24762
-5891.98394
-5901.97123
-5922.68006
-5928.26507
-5904.44008
-5891.43769
-5891.42682
-5892.42665
-5889.43727
-5920.74002
-5895.23239
-5899.02929
-5893.80421
-5885.19400
-5897.55325
-5894.86401
-5894.43248
-5908.85012
-5919.77980
-5904.98903
-5906.64281
-5907.87760
-5899.11528
-5890.16565
-5900.03585
-5910.68976
-5909.55026
-5895.14809
-5883.01249
-5882.73591
-5887.12674
-5877.33282
-5897.44047
-5901.15053
-5897.71259
-5903.38860
-5896.15937
-5872.30593
-5895.91666
-5897.76983
-5890.25284
-5879.88217
-5879.60551
-5893.01580
-5883.74749
-5876.79293
-5890.84277
-5902.77277
-5906.81007
-5916.20581
-5926.53784
-5914.10014
-5909.30031
-5916.60942
-5894.02658
-5913.93481
-5906.11334
-5900.77156
-5898.10301
-5879.64663
-5886.34833
-5913.03908
-5906.26800
-5901.27051
-5915.20793
-5906.94808
-5903.65465
-5923.24062
-5910.39643
-5901.27225
-5904.66525
-5911.62624
-5913.63622
-5917.83684
-5946.21994
-5943.77303
-5929.55642
-5943.01445
-5939.64332
-5951.05115
-5915.92635
-5916.45463
-5922.75131
-5923.89218
-5938.85655
-5928.44617
-5932.94211
-5937.16779
-5931.38299
-5931.18425
-5918.19462
-5931.02276
-5916.68970
-5912.66646
-5936.37194
-5913.26965
-5896.31239
-5897.04547
-5895.23602
-5895.86899
-5916.11067
-5921.51620
-5940.52458
-5925.39478
-5936.16093
-5931.46553
-5913.77404
-5905.25712
-5924.30795
-5928.70181
-5943.20279
-5946.17325
-5969.03633
-5948.62878
-5958.13176
-5968.60056
-5967.88979
-5968.02356
-5965.91698
-5986.22135
-5975.41375
-5972.54156
-5977.37755
-5993.44320
-5977.28475
-5962.49535
-5952.15451
-5971.38186
-5975.54684
-5953.61642
-5934.90725
-5927.84734
-5925.16368
-5931.53809
-5911.73662
-5935.21898
-5907.10108
-5911.73909
-5907.85341
-5923.47792
-5913.79397
-5900.80345
-5904.44341
-5904.57602
-5914.30696
-5910.70627
-5928.08930
-5929.32171
-5914.90849
-5920.79037
-5906.06814
-5915.80702
-5923.23413
-5910.16429
-5936.14304
-5923.99091
-5905.60412
-5899.05182
-5897.33757
-5885.47631
-5904.61591
-5897.38097
-5913.43702
-5918.94734
-5932.42540
-5939.28847
-5941.09125
-5920.21911
-5924.91201
-5917.62859
-5924.85729
-5939.57268
-5935.34300
-5957.92135
-5944.52020
-5925.31015
-5928.42367
-5912.35836
-5916.02753
-5915.11982
-5915.66361
-5904.98399
-5933.72892
-5918.72106
-5912.81687
-5909.89993
-5906.44862
-5908.55045
-5903.41053
-5916.83969
-5896.04628
-5885.10288
-5895.40226
-5907.20921
-5905.12823
-5908.45373
-5886.63001
-5906.31778
-5921.96521
-5918.96736
-5916.47326
-5896.14534
-5918.41086
-5917.14337
-5901.50386
-5914.62852
-5915.34286
-5903.75699
-5908.96432
-5927.30353
-5908.67798
-5907.64514
-5910.09023
-5899.32544
-5902.57234
-5903.67657
-5916.46858
-5928.86368
-5924.41469
-5915.98957
-5926.94902
-5933.58326
-5933.67013
-5915.25278
-5898.34354
-5901.80250
-5903.57657
-5917.05670
-5921.44738
-5932.76754
-5935.14720
-5905.88683
-5934.25151
-5926.02570
-5916.60091
-5930.18461
-5917.83028
-5918.81008
-5918.38748
-5948.23982
-5946.31203
-5963.78133
-5941.59326
-5924.41583
-5924.18524
-5939.75720
-5944.90785
-5945.25386
-5947.41728
-5945.03771
-5961.21364
-5944.75600
-5925.93252
-5904.32439
-5887.80279
-5887.87781
-5893.61234
-5879.41153
-5902.34283
-5901.82738
-5901.08931
-5895.83619
-5904.89158
-5912.85044
-5898.95236
-5921.65749
-5910.50082
-5919.63661
-5949.98624
-5948.97891
-5945.72613
-5939.63048
-5928.64922
-5934.73798
-5934.78303
-5953.95161
-5946.11398
-5953.19384
-5951.70598
-5944.34799
-5941.23075
-5931.57848
-5928.65588
-5937.41961
-5919.30361
-5945.41928
-5954.52162
-5945.59079
-5980.36149
-5971.74907
-5955.01499
-5968.65613
-5970.00122
-5952.24407
-5959.65257
-5958.72725
-5951.07501
-5966.97238
-5953.00080
-5943.51670
-5950.93282
-5932.98612
-5955.53340
-5952.22185
-5952.27514
-5959.50030
-5971.51360
-5961.35885
-5960.26834
-5955.76780
-5966.77818
-5968.46523
-5948.45627
-5954.72102
-5962.03115
-5945.92133
-5946.12345
-5933.00762
-5941.68212
-5928.43869
-5915.50981
-5937.63372
-5951.51900
-5934.77377
-5936.45690
-5958.02330
-5947.43969
-5939.87106
-5946.38653
-5926.37776
-5932.63731
-5935.09631
-5942.89817
-5932.43164
-5947.75690
-5944.89313
-5938.95823
-5921.48813
-5909.46419
-5925.64797
-5935.21743
-5927.14403
-5931.66215
-5960.25711
-5945.87764
-5946.00710
-5943.44189
-5921.08272
-5922.42498
-5915.03294
-5926.32903
-5926.30145
-5934.13832
-5934.46708
-5897.76523
-5909.06075
-5911.43685
-5916.57635
-5924.10498
-5924.91552
-5925.99148
-5935.19861
-5914.96396
-5929.03691
-5912.96146
-5910.15123
-5915.81895
-5927.44416
-5943.21497
-5929.00152
-5915.87124
-5932.81799
-5914.34301
-5897.92377
-5891.59227
-5915.01314
-5916.79151
-5896.37085
-5899.19707
-5893.18090
-5914.14771
-5899.91616
-5891.73845
-5877.35729
-5903.98593
-5923.57962
-5923.65076
-5923.62013
-5910.82461
-5916.49792
-5904.85084
-5891.78946
-5902.86901
-5919.20696
-5917.25237
-5898.54117
-5891.15916
-5900.94395
-5879.94461
-5891.93194
-5899.54284
-5917.92200
-5920.82408
-5911.39767
-5916.90641
-5916.98664
-5920.37814
-5899.37683
-5898.97743
-5891.56300
-5864.68451
-5864.28540
-5886.67738
-5909.40311
-5887.57682
-5879.64125
-5892.85082
-5934.10397
-5924.81939
-5904.00574
-5882.66012
-5881.27609
-5899.69805
-5899.80699
-5894.84472
-5916.15893
-5890.79427
-5895.98177
-5904.22444
-5905.03206
-5893.51265
-5902.11622
-5902.99562
-5926.47073
-5911.56560
-5920.08955
-5916.01437
-5923.93514
-5909.07506
-5926.54626
-5914.04853
-5915.61123
-5911.52241
-5904.51145
-5909.22518
-5907.85719
-5941.33356
-5927.27674
-5923.51143
-5915.36762
-5924.31597
-5902.66506
-5920.48541
-5905.28974
-5910.23530
-5914.04884
-5919.81347
-5927.40662
-5917.66662
-5899.79229
-5894.15205
-5882.50578
-5912.66626
-5901.53913
-5896.43249
-5917.30608
-5917.43928
-5910.50506
-5899.19448
-5916.73330
-5930.43744
-5927.95740
-5914.74170
-5906.18594
-5907.66135
-5913.75791
-5924.90499
-5913.41529
-5933.48925
-5933.99583
-5943.73469
-5937.55177
-5913.06914
-5910.90682
-5931.41735
-5914.27665
-5933.27895
-5902.45452
-5898.29410
-5900.59412
-5867.10473
-5904.83237
-5891.96160
-5900.65505
-5888.00302
-5900.15779
-5903.86119
-5910.08079
-5931.39931
-5923.46224
-5917.28363
-5901.82335
-5898.77217
-5873.08850
-5882.24735
-5877.80013
-5879.79405
-5880.35113
-5862.68237
-5895.64175
-5918.10592
-5904.29326
-5912.27314
-5916.67668
-5902.41351
-5905.39455
-5916.61000
-5910.32668
-5909.36921
-5910.69049
-5907.93743
-5884.00480
-5878.39032
-5882.14367
-5870.94959
-5877.65456
-5887.93090
-5900.82266
-5901.91403
-5906.31455
-5901.26382
-5921.83221
-5905.61851
-5906.35581
-5909.40985
-5922.49388
-5907.12305
-5894.49310
-5887.59251
-5895.58422
-5904.97214
-5900.76198
-5881.98681
-5890.64975
-5904.35442
-5906.51676
-5880.62797
-5898.26676
-5916.45459
-5927.79853
-5943.32457
-5936.99403
-5933.07636
-5931.77563
-5932.38147
-5944.20265
-5931.09020
-5938.30892
-5912.86434
-5912.63578
-5925.63226
-5939.36507
-5932.85479
-5943.37138
-5928.86670
-5913.73097
-5925.95469
-5896.60290
-5900.26733
-5897.31398
-5875.43513
-5905.53063
-5902.19086
-5883.01451
-5880.50671
-5879.93625
-5884.54119
-5872.00846
-5860.94870
-5881.18062
-5881.01485
-5887.99950
-5893.74323
-5899.16690
-5894.11367
-5884.09020
-5871.94271
-5899.50478
-5894.26833
-5900.57166
-5897.86545
-5908.80260
-5920.87499
-5912.26589
-5904.84927
-5904.37999
-5907.05919
-5903.41808
-5909.71038
-5920.98594
-5902.79049
-5909.36389
-5915.75735
-5904.28938
-5905.23742
-5891.88626
-5921.80908
-5917.81691
-5922.75365
-5918.70753
-5931.60263
-5928.87658
-5928.03606
-5908.28755
-5928.83596
-5915.07803
-5905.43321
-5896.32702
-5908.36811
-5914.95616
-5927.29482
-5917.31948
-5921.68634
-5915.36035
-5918.63501
-5906.78755
-5903.77703
-5901.27982
-5906.64298
-5900.46451
-5914.95862
-5905.04830
-5907.24276
-5914.60079
-5927.82675
-5938.85714
-5934.00543
-5922.20518
-5927.71844
-5950.08112
-5936.79903
-5941.46874
-5945.04519
-5940.72598
-5927.68921
-5924.89633
-5901.20942
-5917.63647
-5915.34665
-5912.58445
-5912.86830
-5899.16304
-5918.05081
-5929.10763
-5926.06685
-5883.65775
-5893.92586
-5888.20454
-5893.28609
-5896.52883
-5906.05488
-5895.82137
-5903.60867
-5916.21960
-5910.78497
-5924.19893
-5933.83215
-5918.41763
-5906.17618
-5937.77610
-5946.99074
-5954.15882
-5936.96797
-5947.00094
-5932.65776
-5930.71824
-5936.86960
-5930.36536
-5926.87964
-5927.43284
-5918.94601
-5929.79810
-5923.90696
-5933.98294
-5935.82116
-5880.37348
-5882.07914
-5869.49613
-5874.98661
-5880.22801
-5876.03883
-5890.47072
-5881.00349
-5892.96619
-5884.78116
-5893.74621
-5877.00552
-5861.98669
-5856.29585
-5846.74747
-5853.55134
-5834.46399
-5858.98217
-5869.95842
-5871.61070
-5870.90762
-5891.71467
-5906.01609
-5903.04798
-5911.10002
-5912.61001
-5922.67249
-5897.14733
-5884.61825
-5912.21847
-5910.49522
-5890.43087
-5893.33740
-5904.27179
-5912.84345
-5932.86455
-5921.33316
-5904.95704
-5909.26568
-5915.61884
-5938.81818
-5940.52004
-5934.77408
-5937.85053
-5944.42145
-5944.29082
-5929.65088
-5913.84932
-5931.49035
-5932.62638
-5927.86040
-5925.39485
-5930.93324
-5913.72424
-5894.26138
-5897.98065
-5893.81306
-5900.94324
-5895.71630
-5897.08930
-5900.86680
-5917.07955
-5902.62172
-5897.68380
-5902.18499
-5888.85208
-5920.33985
-5929.54968
-5917.15253
-5914.49614
-5897.25741
-5913.48607
-5938.07195
-5915.43775
-5895.18750
-5902.30155
-5905.11783
-5903.57764
-5904.57264
-5902.46481
-5894.10866
-5914.68012
-5901.20795
-5909.59457
-5929.45214
-5913.81815
-5913.35771
-5923.93279
-5930.87764
-5938.03005
-5922.59005
-5923.28829
-5918.92128
-5917.73094
-5886.98512
-5898.85018
-5888.21929
-5908.83551
-5893.28256
-5875.99055
-5868.51550
-5879.17598
-5889.55653
-5897.79369
-5872.25982
-5869.21299
-5881.92445
-5881.15664
-5892.11623
-5888.86845
-5883.99947
-5904.55977
-5894.91794
-5881.79284
-5923.31459
-5899.19263
-5911.76551
-5929.20382
-5911.09017
-5884.50982
-5883.84832
-5880.85540
-5868.22957
-5857.54733
-5853.93772
-5861.18709
-5869.68816
-5870.10420
-5864.75906
-5879.10990
-5873.63217
-5890.06620
-5860.23232
-5863.34274
-5848.90588
-5857.90870
-5869.94746
-5863.89886
-5865.52357
-5858.98031
-5884.82912
-5873.52783
-5873.44188
-5883.94772
-5881.19363
-5879.72802
-5873.00113
-5895.05000
-5890.22164
-5893.09089
-5904.42752
-5904.18174
-5904.83692
-5913.97612
-5893.54430
-5901.35966
-5893.57146
-5904.56610
-5926.27423
-5934.27771
-5914.83648
-5903.90682
-5907.29312
-5903.95990
-5884.49671
-5885.32976
-5895.93252
-5904.73643
-5906.96856
-5895.05513
-5905.67479
-5910.58659
-5926.84360
-5937.66816
-5935.70197
-5921.42676
-5922.92736
-5910.00573
-5928.30927
-5955.70232
-5952.89521
-5923.09471
-5922.96978
-5910.24197
-5907.50017
-5892.06350
-5896.68705
-5882.68591
-5891.82920
-5890.59363
-5889.45161
-5880.74446
-5891.18497
-5895.81339
-5891.30246
-5904.18829
-5903.39889
-5898.98810
-5881.54911
-5914.15228
-5904.03923
-5901.34908
-5901.42748
-5894.26281
-5895.64279
-5885.81029
-5866.09246
-5870.70517
-5894.63369
-5907.19591
-5906.97269
-5929.75325
-5916.74095
-5920.49689
-5911.77309
-5881.12810
-5889.39757
-5889.05566
-5892.47012
-5906.15021
-5923.72286
-5912.25465
-5921.33941
-5915.11579
-5907.47863
-5903.73521
-5909.88162
-5906.35342
-5928.28068
-5948.61949
-5949.31538
-5945.09094
-5947.56883
-5931.15370
-5926.79860
-5937.61814
-5941.90199
-5938.95000
-5944.20377
-5943.64258
-5939.53279
-5934.81204
-5952.06008
-5958.92021
-5941.21479
-5935.42773
-5939.00077
-5924.90930
-5941.84787
-5958.66084
-5968.23405
-5966.68684
-5942.94366
-5933.62326
-5930.76403
-5940.54091
-5950.03367
-5957.47617
-5946.76429
-5937.68951
-5935.63871
-5932.84208
-5945.95772
-5947.38807
-5953.33227
-5948.79215
-5922.86576
-5934.06824
-5911.84879
-5899.40642
-5897.20690
-5880.87537
-5889.40185
-5894.22740
-5890.59189
-5888.02999
-5888.71374
-5865.27947
-5857.18406
-5872.24613
-5883.01493
-5889.98877
-5903.89799
-5908.65346
-5897.62468
-5885.02180
-5889.53030
-5884.21686
-5862.67018
-5874.35639
-5870.61197
-5895.58455
-5906.33905
-5898.31394
-5902.61271
-5893.28319
-5905.21099
-5907.48566
-5903.20472
-5895.05311
-5902.81452
-5928.48356
-5911.87525
-5935.57430
-5928.74532
-5925.64983
-5915.82837
-5907.90666
-5908.04596
-5924.70316
-5901.48081
-5900.74379
-5913.81002
-5927.84996
-5915.29649
-5907.37747
-5900.35243
-5884.13462
-5899.89779
-5880.95480
-5902.39340
-5904.34279
-5915.82182
-5913.69177
-5909.01836
-5915.10125
-5926.03742
-5923.66779
-5915.70892
-5928.26195
-5940.65344
-5945.36753
-5954.06774
-5950.21477
-5932.38955
-5929.68506
-5941.47268
-5920.09722
-5923.25806
-5902.00612
-5938.15620
-5926.16265
-5927.48635
-5915.28452
-5899.14412
-5900.91708
-5905.30654
-5899.75138
-5912.60641
-5916.97335
-5918.20846
-5911.97202
-5908.63378
-5903.40418
-5906.86672
-5907.86569
-5908.80374
-5904.85605
-5902.31157
-5894.58917
-5885.53702
-5886.34467
-5895.95838
-5919.89472
-5946.13312
-5942.63367
-5943.50694
-5935.49693
-5938.54974
-5942.21404
-5941.19175
-5952.02205
-5955.86748
-5956.87644
-5951.09086
-5968.42856
-5970.63387
-5944.96123
-5957.49070
-5963.10811
-5956.47094
-5945.38736
-5939.02909
-5943.73650
-5953.89375
-5927.67992
-5936.14011
-5916.44773
-5904.71073
-5926.87762
-5934.49604
-5918.36914
-5928.00377
-5900.42472
-5915.30498
-5921.04779
-5922.75796
-5920.44190
-5914.21941
-5898.95416
-5914.23688
-5890.14026
-5912.06700
-5933.38066
-5919.87816
-5928.97867
-5923.46049
-5920.77193
-5924.61978
-5914.87704
-5916.86487
-5916.71401
-5921.48280
-5940.41837
-5938.66511
-5935.14002
-5905.02854
-5914.05170
-5922.66519
-5896.64642
-5919.57828
-5923.26993
-5940.35849
-5929.10866
-5923.67522
-5913.00789
-5923.64640
-5911.89174
-5916.58678
-5922.04823
-5910.98111
-5906.07586
-5918.83341
-5917.91836
-5926.39958
-5932.35959
-5931.56272
-5933.45047
-5951.97746
-5935.13625
-5947.68336
-5953.97740
-5966.79583
-5948.35000
-5937.45412
-5908.22254
-5922.06982
-5945.18242
-5939.44072
-5928.09061
-5937.88707
-5926.43263
-5936.15316
-5928.29449
-5912.56223
-5905.48892
-5895.04321
-5901.02705
-5901.36532
-5903.04857
-5915.25721
-5904.02003
-5894.59260
-5913.83624
-5941.33607
-5939.55717
-5924.39101
-5937.76683
-5930.29440
-5952.76611
-5940.05924
-5935.71030
-5949.02231
-5941.22419
-5922.21492
-5924.44032
-5947.79325
-5950.58836
-5959.58393
-5946.50390
-5947.36243
-5940.05977
-5935.88901
-5952.17834
-5934.28536
-5921.71969
-5936.26610
-5936.01066
-5936.43068
-5917.12670
-5935.88652
-5963.85889
-5958.17169
-5961.21582
-5971.27301
-5960.86892
-5939.11334
-5938.00696
-5927.15759
-5946.30624
-5928.50450
-5946.46860
-5959.14935
-5941.09638
-5955.88589
-5944.27965
-5934.31889
-5940.93363
-5956.74807
-5945.46208
-5953.55440
-5955.13485
-5942.65665
-5947.12428
-5926.52419
-5928.93960
-5910.86809
-5905.09467
-5906.12655
-5871.60883
-5875.49285
-5861.76580
-5859.95323
-5903.70889
-5918.05580
-5917.34319
-5909.27447
-5915.27486
-5921.14323
-5917.47522
-5916.21014
-5899.09929
-5904.17235
-5899.14014
-5900.20027
-5926.61937
-5931.39481
-5898.96978
-5890.87556
-5895.20114
-5931.49679
-5924.38476
-5932.21349
-5945.76130
-5940.20950
-5947.45171
-5921.40667
-5911.66347
-5930.59302
-5910.15981
-5957.56940
-5944.07581
-5946.60285
-5928.33065
-5962.54619
-5967.40249
-5975.95783
-5971.31212
-5969.45507
-5974.21369
-5970.03767
-5972.56182
-5972.20178
-5964.89676
-5977.61699
-5948.91632
-5931.17715
-5930.90342
-5934.05410
-5938.52015
-5940.23734
-5926.29244
-5943.62668
-5932.85555
-5938.52851
-5958.66905
-5961.60523
-5955.82254
-5950.40275
-5943.49512
-5923.49838
-5920.72506
-5934.40599
-5946.15396
-5924.97939
-5909.53102
-5913.34956
-5904.91743
-5886.60303
-5899.60462
-5902.31770
-5895.81197
-5907.67474
-5882.48349
-5885.74940
-5888.33990
-5901.95602
-5898.36745
-5900.81569
-5878.13782
-5874.24042
-5894.09740
-5905.20784
-5917.06558
-5882.27931
-5883.72726
-5877.79073
-5874.58862
-5859.25528
-5842.63132
-5874.55748
-5885.23494
-5889.67964
-5884.71458
-5885.04824
-5874.13146
-5867.02521
-5858.41631
-5860.53157
-5887.83701
-5898.23506
-5905.00736
-5922.85354
-5900.98144
-5900.21333
-5899.22287
-5909.49188
-5913.44868
-5919.69587
-5930.62372
-5905.86675
-5888.56708
-5875.65159
-5861.94469
-5865.79514
-5867.60528
-5889.18460
-5872.22551
-5860.61430
-5872.95106
-5876.33722
-5899.39310
-5904.54245
-5909.68640
-5922.74449
-5943.70184
-5938.47437
-5939.30267
-5929.51231
-5933.53903
-5935.68990
-5909.97682
-5921.74686
-5937.65441
-5947.95505
-5956.25945
-5951.61713
-5946.97988
-5957.68298
-5942.87506
-5942.87442
-5963.50370
-5957.19941
-5943.26851
-5914.80691
-5939.36829
-5943.12276
-5946.06428
-5929.22085
-5939.53266
-5948.22809
-5951.46088
-5956.09754
-5940.11453
-5917.48486
-5925.52074
-5929.22572
-5927.78702
-5908.98074
-5902.43689
-5905.70013
-5894.02534
-5915.36244
-5907.94535
-5925.63937
-5914.52795
-5903.50781
-5909.97793
-5905.62390
-5899.53274
-5901.49991
-5898.85124
-5912.37950
-5913.54116
-5912.98781
-5917.62974
-5919.71583
-5908.92881
-5907.51871
-5921.82985
-5910.16646
-5896.08576
-5904.72167
-5921.32166
-5938.66668
-5923.58507
-5902.86775
-5912.68005
-5930.25958
-5923.58437
-5945.93704
-5942.47983
-5947.45050
-5940.49326
-5951.25901
-5972.17758
-5971.37394
-5966.78312
-5965.67923
-5961.88273
-5961.93915
-5958.12560
-5934.08502
-5932.66591
-5927.27567
-5940.08206
-5920.24723
-5924.81299
-5914.97167
-5918.69760
-5928.98554
-5936.46427
-5932.58904
-5936.60195
-5925.58784
-5935.45126
-5919.42326
-5944.82390
-5942.07374
-5957.63095
-5930.43468
-5927.47994
-5928.37408
-5932.41196
-5936.33130
-5944.68526
-5915.46802
-5934.34172
-5917.88690
-5896.88141
-5900.77564
-5906.46262
-5897.14768
-5898.53147
-5896.23916
-5906.58444
-5900.34194
-5899.28993
-5897.56383
-5897.60363
-5897.10207
-5887.52102
-5919.62509
-5898.83026
-5915.41334
-5919.86784
-5921.18145
-5940.90865
-5943.58737
-5917.73538
-5911.79130
-5917.99686
-5936.32216
-5942.60503
-5956.32249
-5934.07259
-5935.21522
-5942.98846
-5955.64515
-5938.52768
-5943.35022
-5940.57682
-5933.69755
-5932.94595
-5939.57692
-5942.71299
-5937.87893
-5942.56106
-5934.89370
-5923.05776
-5933.98771
-5949.19302
-5934.23528
-5954.16877
-5955.47959
-5940.32768
-5938.60112
-5935.32502
-5931.33849
-5937.52540
-5935.21128
-5926.33819
-5908.60809
-5929.30001
-5927.72350
-5927.90697
-5918.83120
-5917.40639
-5918.34102
-5911.58341
-5895.78919
-5908.27361
-5910.35255
-5927.64884
-5941.93889
-5929.64100
-5928.05261
-5906.15526
-5904.47543
-5889.97407
-5897.56190
-5890.40138
-5901.46358
-5868.56163
-5885.92684
-5905.51369
-5916.32576
-5915.46337
-5936.59930
-5922.80598
-5916.90864
-5904.12324
-5886.36953
-5875.53108
-5881.17618
-5886.83617
-5888.86004
-5895.10247
-5885.18472
-5897.22773
-5896.56167
-5915.08557
-5922.52623
-5918.41066
-5924.70940
-5926.10643
-5911.19356
-5898.58123
-5891.77989
-5915.70347
-5907.14721
-5866.85819
-5888.07133
-5915.57700
-5914.95775
-5903.38326
-5901.46185
-5912.09777
-5922.82296
-5904.31506
-5905.70876
-5910.83835
-5910.89844
-5898.54693
-5886.56677
-5902.26877
-5916.63843
-5904.90759
-5928.96087
-5950.58037
-5953.97343
-5943.31975
-5955.48003
-5935.28654
-5915.09670
-5920.78700
-5910.54754
-5916.04435
-5909.92724
-5923.91602
-5886.75842
-5908.10614
-5918.34051
-5914.40038
-5911.95584
-5895.41654
-5887.02964
-5900.26559
-5898.89676
-5902.66845
-5902.42838
-5901.27951
-5885.91817
-5909.76655
-5887.45400
-5925.04724
-5926.88250
-5934.25913
-5932.78716
-5911.10761
-5921.41405
-5916.60946
-5916.93271
-5908.27190
-5906.37065
-5885.90535
-5887.26491
-5868.94365
-5847.79681
-5869.48843
-5882.86678
-5885.60493
-5898.34997
-5913.88800
-5915.91514
-5931.81987
-5925.64673
-5918.58848
-5919.42585
-5941.66163
-5943.48150
-5934.25533
-5945.01776
-5939.79942
-5943.07042
-5928.71260
-5948.09895
-5960.98507
-5975.85350
-5980.49544
-5979.68908
-5967.12249
-5953.70284
-5954.01496
-5948.38967
-5951.10662
-5942.15403
-5937.32104
-5945.84631
-5927.78957
-5949.58408
-5947.60787
-5958.94552
-5949.60332
-5954.93562
-5937.41440
-5925.99783
-5938.86701
-5930.30244
-5926.31427
-5930.69123
-5941.15138
-5939.03777
-5934.49166
-5948.06407
-5946.34111
-5950.41115
-5941.74715
-5941.63320
-5940.35952
-5949.93058
-5948.13942
-5946.43839
-5935.02595
-5927.91839
-5920.57504
-5909.66098
-5903.74527
-5881.13347
-5903.11519
-5910.06347
-5896.86330
-5901.61930
-5893.90314
-5906.02409
-5895.87421
-5892.84524
-5873.26395
-5891.91412
-5881.21266
-5883.70516
-5910.49153
-5906.75509
-5893.58435
-5879.23718
-5877.43807
-5884.36947
-5899.12395
-5892.35129
-5896.22887
-5902.46304
-5902.05688
-5896.90062
-5896.47669
-5905.59280
-5913.52949
-5903.20268
-5904.43856
-5915.92287
-5897.46043
-5901.11666
-5916.41447
-5925.18997
-5903.40415
-5904.08309
-5910.21878
-5907.35025
-5925.31116
-5923.16155
-5922.46011
-5910.47541
-5919.20694
-5880.67305
-5879.47626
-5904.09697
-5882.87633
-5911.73911
-5926.36872
-5935.74629
-5913.12253
-5900.94887
-5890.64258
-5911.16137
-5910.69070
-5913.01986
-5917.31553
-5923.80501
-5913.27789
-5911.34966
-5917.17556
-5928.69604
-5921.97113
-5920.04301
-5914.40756
-5914.43555
-5919.24218
-5909.76355
-5898.80370
-5895.66331
-5902.47101
-5913.74169
-5915.88463
-5924.57415
-5904.99139
-5892.75905
-5896.95705
-5904.72280
-5888.66055
-5882.70786
-5892.92110
-5886.23674
-5885.50257
-5878.41439
-5886.63230
-5898.88380
-5901.50790
-5881.23662
-5900.19795
-5879.91083
-5920.94701
-5913.71459
-5897.34007
-5919.26991
-5922.77458
-5913.48612
-5934.39264
-5913.07358
-5933.86243
-5918.51641
-5915.88310
-5912.27518
-5874.81283
-5880.28966
-5876.22492
-5880.08972
-5893.83986
-5894.37771
-5872.27717
-5839.19096
-5877.92682
-5902.18327
-5911.33975
-5904.05309
-5920.70845
-5909.47899
-5915.89755
-5919.06474
-5920.36177
-5929.56327
-5923.45735
-5907.48381
-5910.23420
-5914.92264
-5925.28317
-5923.67923
-5942.88226
-5933.94652
-5947.02780
-5929.89548
-5924.57200
-5934.11289
-5941.00366
-5942.71938
-5928.51399
-5932.89427
-5945.72295
-5930.57712
-5934.46123
-5933.31822
-5926.69123
-5936.47296
-5931.14384
-5928.91052
-5909.07659
-5905.30848
-5906.45938
-5912.08187
-5911.24678
-5915.14297
-5927.12639
-5916.74270
-5905.08326
-5902.37287
-5922.38275
-5902.49918
-5919.56614
-5914.32584
-5924.68192
-5900.74568
-5887.35964
-5887.38482
-5874.47613
-5884.19473
-5893.16948
-5909.40664
-5907.54290
-5900.44685
-5897.80119
-5896.65036
-5903.37478
-5916.39907
-5930.62513
-5920.56712
-5909.81464
-5910.10249
-5909.44957
-5930.58623
-5956.14857
-5951.72601
-5948.08858
-5942.67991
-5934.57266
-5937.46158
-5939.00816
-5937.33195
-5953.81610
-5935.75262
-5937.49467
-5924.90956
-5927.72743
-5912.49342
-5927.86689
-5923.29738
-5927.96353
-5930.88223
-5925.95309
-5930.59580
-5934.17317
-5911.71295
-5907.21321
-5905.80523
-5918.35670
-5919.76794
-5925.74304
-5941.04005
-5944.38641
-5948.94935
-5943.32097
-5938.51754
-5929.96685
-5939.16219
