-6135.54939
-6135.82986
-6127.69614
-6124.40354
-6111.71940
-6115.95797
-6122.25495
-6127.02603
-6129.70529
-6123.14058
-6114.89340
-6125.76712
-6116.00876
-6139.25479
-6141.84084
-6139.92156
-6129.12654
-6125.58169
-6125.06240
-6131.20051
-6130.05703
-6123.37115
-6133.27799
-6134.82488
-6123.32777
-6123.05295
-6130.95147
-6130.68440
-6128.24210
-6140.19175
-6129.25900
-6144.57180
-6127.49880
-6123.22945
-6108.65125
-6129.25072
-6122.61553
-6123.11946
-6116.01516
-6118.81715
-6116.48016
-6115.42531
-6111.50376
-6108.73750
-6114.54169
-6121.78190
-6119.40328
-6119.35336
-6106.95177
-6105.68425
-6122.40989
-6125.40990
-6120.07460
-6124.23820
-6106.26552
-6127.89105
-6132.94270
-6136.87368
-6131.53627
-6128.86220
-6135.41850
-6127.41312
-6141.06980
-6131.36248
-6132.62209
-6141.06339
-6143.66775
-6136.45693
-6130.09269
-6104.22018
-6123.53571
-6125.74139
-6132.70878
-6123.33307
-6133.91312
-6133.69888
-6124.55737
-6121.81430
-6136.39752
-6144.50742
-6123.17099
-6119.72515
-6129.95659
-6119.46953
-6119.01338
-6112.80995
-6111.80583
-6120.93848
-6117.61839
-6106.81457
-6097.69175
-6109.60957
-6104.63209
-6113.93423
-6119.20059
-6113.56615
-6114.75489
-6106.14151
-6080.57379
-6095.36405
-6103.52096
-6090.60086
-6102.43949
-6115.32150
-6116.34069
-6119.97829
-6098.72011
-6114.95216
-6117.31373
-6113.59156
-6117.83681
-6101.90018
-6110.30845
-6122.95061
-6125.03919
-6121.89623
-6137.12475
-6125.74768
-6128.59779
-6132.50875
-6123.52565
-6147.07679
-6121.45085
-6120.69863
-6121.08435
-6136.51545
-6134.39610
-6140.81588
-6128.45434
-6132.40935
-6118.66855
-6128.86944
-6120.53770
-6120.22675
-6120.15967
-6114.35062
-6132.90571
-6132.96247
-6126.77984
-6132.67345
-6124.66568
-6117.34274
-6104.03971
-6105.99381
-6114.13932
-6116.93243
-6116.65830
-6110.35335
-6110.90409
-6120.97478
-6115.58529
-6115.27029
-6107.03091
-6103.59159
-6106.75637
-6116.74992
-6123.70444
-6127.75252
-6114.24131
-6115.39709
-6118.29834
-6129.55448
-6125.91004
-6117.10766
-6115.42914
-6128.07938
-6124.50638
-6140.51110
-6144.90897
-6127.17527
-6115.78542
-6113.07793
-6108.45348
-6123.32713
-6118.72786
-6112.05485
-6119.02289
-6115.80446
-6121.07815
-6121.48471
-6132.29147
-6131.54540
-6129.62611
-6137.25887
-6137.90000
-6132.82020
-6140.05485
-6141.31290
-6136.28840
-6143.42239
-6150.76259
-6143.61370
-6146.88667
-6146.20806
-6157.83838
-6155.17738
-6148.55512
-6154.66667
-6145.15489
-6130.95340
-6141.18121
-6143.99935
-6146.67864
-6154.61962
-6153.45194
-6154.55103
-6150.95521
-6149.40847
-6138.05700
-6143.91527
-6152.62982
-6148.04566
-6140.02924
-6141.88456
-6147.47325
-6142.33841
-6136.88775
-6130.34315
-6136.91329
-6134.51780
-6134.65934
-6128.59701
-6126.52798
-6125.75795
-6125.12127
-6120.93786
-6118.11350
-6112.84707
-6103.37640
-6110.01550
-6114.04199
-6114.29086
-6113.45133
-6099.98944
-6112.18689
-6114.04717
-6102.14652
-6102.66312
-6109.87257
-6112.72105
-6096.41627
-6107.57378
-6089.00627
-6096.07718
-6096.46746
-6094.79306
-6109.15249
-6108.10809
-6100.85817
-6094.88016
-6102.43508
-6101.89663
-6105.62807
-6102.87307
-6099.65389
-6094.01374
-6084.49924
-6085.24344
-6100.45078
-6100.16985
-6114.22188
-6103.95487
-6119.39364
-6133.03517
-6122.89228
-6118.66410
-6127.89581
-6119.21158
-6123.99860
-6120.19305
-6121.98451
-6125.69306
-6123.09049
-6121.23262
-6103.22620
-6107.18012
-6096.59858
-6106.06771
-6092.32749
-6092.41923
-6105.86770
-6100.10203
-6099.72268
-6114.63235
-6119.54864
-6133.52872
-6122.92629
-6103.17704
-6120.19610
-6125.57630
-6135.92637
-6122.22303
-6120.49927
-6115.75735
-6133.23664
-6126.04714
-6123.14711
-6117.94679
-6116.03002
-6111.16314
-6106.92259
-6119.76090
-6109.94868
-6120.50997
-6123.90149
-6109.57268
-6110.42865
-6109.96778
-6120.76645
-6107.65732
-6114.81376
-6126.58728
-6129.28420
-6127.71025
-6125.90716
-6116.52601
-6116.30881
-6115.53336
-6133.45822
-6124.63187
-6149.48721
-6135.79211
-6139.78909
-6135.16517
-6131.58997
-6140.85566
-6145.42037
-6148.33715
-6144.02026
-6161.55656
-6155.98457
-6152.57511
-6150.92351
-6151.02866
-6152.66709
-6168.52283
-6174.50152
-6172.69610
-6166.20455
-6176.11284
-6164.82512
-6162.26544
-6176.90972
-6169.10263
-6166.03703
-6168.51524
-6161.24236
-6154.38665
-6160.24280
-6155.92378
-6150.26718
-6156.21081
-6163.13402
-6176.81618
-6167.17603
-6159.12923
-6170.31798
-6165.65837
-6156.85974
-6167.64685
-6168.21411
-6160.07271
-6162.15770
-6168.91860
-6167.85535
-6174.50365
-6173.30088
-6171.83247
-6175.55612
-6179.54224
-6175.23428
-6174.46670
-6176.83496
-6168.85531
-6154.73178
-6156.84634
-6160.30140
-6154.12304
-6155.91230
-6167.91259
-6171.84345
-6171.46677
-6160.89953
-6156.17681
-6155.02134
-6151.12631
-6146.02273
-6157.69971
-6167.89628
-6163.62154
-6154.79693
-6154.77846
-6165.76014
-6162.37708
-6169.99555
-6171.00040
-6170.23044
-6166.26482
-6168.93981
-6167.33398
-6169.65579
-6179.12353
-6178.24772
-6177.17708
-6184.47116
-6180.43513
-6170.58611
-6180.37495
-6187.42258
-6173.17850
-6188.98342
-6186.23880
-6180.13131
-6183.76359
-6172.83231
-6182.37826
-6181.34131
-6181.68214
-6183.32742
-6179.53260
-6176.14867
-6176.91619
-6180.68289
-6187.98341
-6182.71150
-6188.37669
-6178.40355
-6179.86979
-6185.59970
-6176.83237
-6176.22774
-6165.72583
-6165.07988
-6141.75482
-6141.07370
-6133.87238
-6154.17538
-6159.90092
-6166.91022
-6159.82402
-6165.51463
-6151.88720
-6167.69069
-6163.23921
-6176.87799
-6186.97514
-6177.87391
-6168.93715
-6183.84870
-6172.74699
-6178.87704
-6180.83552
-6183.13874
-6173.63010
-6175.90861
-6181.72432
-6180.07455
-6182.79088
-6175.00443
-6171.82340
-6165.85820
-6171.91280
-6169.18242
-6169.29307
-6172.42944
-6170.15337
-6174.09268
-6179.33063
-6160.70583
-6175.99356
-6182.66018
-6190.59008
-6183.86581
-6178.30929
-6196.84483
-6198.23355
-6196.36584
-6181.56399
-6179.45185
-6186.35650
-6188.49520
-6179.35422
-6193.92122
-6184.67951
-6188.42695
-6194.85178
-6189.99430
-6202.96826
-6205.79757
-6202.24049
-6199.27263
-6197.55994
-6173.36309
-6168.97532
-6167.15620
-6165.33479
-6173.67923
-6169.47498
-6184.14398
-6172.20376
-6177.17373
-6169.22765
-6171.68473
-6174.35143
-6157.36140
-6165.79130
-6154.78814
-6150.23824
-6155.12322
-6163.75989
-6155.11097
-6143.66925
-6159.25548
-6153.29962
-6137.81617
-6146.37710
-6147.33684
-6141.99395
-6166.01683
-6167.70761
-6173.12254
-6173.48706
-6180.80867
-6171.61927
-6173.79412
-6172.51420
-6158.46581
-6165.54947
-6159.73185
-6173.19612
-6165.54959
-6173.32856
-6176.89920
-6168.66403
-6159.01415
-6168.66674
-6157.20476
-6163.51182
-6162.26167
-6163.07122
-6157.39923
-6167.68856
-6167.57009
-6167.59851
-6160.46162
-6159.49379
-6164.63612
-6165.02474
-6150.07855
-6147.63719
-6137.28316
-6150.57176
-6163.70990
-6166.99792
-6155.61004
-6157.72613
-6171.30886
-6160.43517
-6177.58986
-6160.91203
-6160.70798
-6172.12003
-6175.61581
-6171.17045
-6169.17586
-6163.13465
-6154.74148
-6156.15947
-6161.02681
-6163.63003
-6161.85155
-6164.84331
-6170.40228
-6169.07754
-6164.75996
-6169.20044
-6163.41983
-6157.14536
-6158.68152
-6170.74252
-6166.35403
-6155.87567
-6159.10284
-6162.20076
-6181.01875
-6167.96509
-6180.42395
-6179.34437
-6179.65954
-6182.81781
-6184.80524
-6185.21236
-6182.94719
-6183.65164
-6179.49087
-6180.97095
-6180.96238
-6177.87234
-6187.90404
-6191.86907
-6189.38801
-6194.48352
-6185.02726
-6175.27943
-6189.00263
-6178.55290
-6174.06184
-6165.76191
-6163.85995
-6147.92871
-6142.21534
-6144.45856
-6153.00266
-6151.16176
-6149.37058
-6142.87021
-6138.08270
-6144.06630
-6142.88875
-6137.38917
-6145.63050
-6138.95414
-6139.94776
-6147.93538
-6133.24536
-6128.65678
-6125.88231
-6141.94806
-6133.56316
-6134.73987
-6146.44008
-6156.35390
-6150.03188
-6162.19194
-6159.55055
-6147.47810
-6148.71571
-6150.29801
-6155.48189
-6154.60751
-6148.95532
-6139.96403
-6129.62860
-6137.76483
-6139.22816
-6142.53880
-6145.01460
-6147.10311
-6149.78662
-6152.01823
-6139.87334
-6136.27403
-6143.63095
-6141.64442
-6141.14871
-6147.33678
-6156.71320
-6146.86337
-6142.09752
-6130.49748
-6148.36639
-6136.72172
-6133.22334
-6141.04731
-6148.33277
-6163.60441
-6142.94819
-6140.15788
-6138.24513
-6142.63071
-6156.39478
-6152.13035
-6150.50429
-6152.82750
-6149.71053
-6140.68642
-6143.23711
-6160.13792
-6159.45293
-6155.43696
-6160.15645
-6156.29271
-6162.60442
-6161.92910
-6164.40667
-6163.69019
-6159.18464
-6167.46008
-6165.05273
-6160.25129
-6154.61918
-6160.00037
-6147.60952
-6154.52327
-6154.85231
-6157.45615
-6167.22168
-6156.63929
-6163.92036
-6171.68097
-6178.74474
-6177.95564
-6173.59819
-6181.67598
-6179.85549
-6168.01531
-6182.71857
-6170.50456
-6170.64138
-6174.86208
-6183.20208
-6181.82163
-6178.52821
-6188.23770
-6171.45118
-6169.70179
-6166.39334
-6154.45587
-6159.50373
-6159.73711
-6169.69818
-6160.86969
-6161.90964
-6160.32797
-6155.19138
-6162.48423
-6174.49992
-6157.88546
-6168.53636
-6167.52823
-6159.23687
-6159.98695
-6169.93775
-6166.36752
-6159.53555
-6164.45630
-6167.10865
-6157.46782
-6166.43580
-6176.46759
-6160.26357
-6163.60074
-6164.88609
-6171.52761
-6179.59639
-6166.26105
-6177.88477
-6175.63176
-6178.14512
-6183.88316
-6174.56487
-6177.48619
-6188.18989
-6177.07842
-6180.12935
-6194.05262
-6195.28959
-6180.43351
-6186.12320
-6184.03967
-6177.09025
-6175.21248
-6162.19022
-6158.14757
-6176.93157
-6163.83872
-6167.25675
-6158.76405
-6158.33790
-6150.70352
-6165.05498
-6157.96747
-6169.22062
-6168.99781
-6165.38994
-6169.79677
-6158.06193
-6162.86347
-6161.49070
-6163.51309
-6171.78302
-6162.71460
-6158.28818
-6167.32837
-6170.15935
-6156.97689
-6167.86720
-6171.23729
-6176.12104
-6175.71883
-6160.39935
-6166.45029
-6163.84623
-6169.72439
-6154.56896
-6159.31878
-6152.48588
-6139.24967
-6141.08949
-6134.59886
-6127.55231
-6129.12093
-6139.23624
-6136.40533
-6147.66917
-6162.36828
-6150.42570
-6143.56999
-6149.02775
-6135.55995
-6141.38199
-6125.63678
-6132.88287
-6131.83468
-6135.21076
-6127.99280
-6142.57450
-6132.08901
-6136.33834
-6136.97576
-6141.64016
-6143.33202
-6142.19925
-6141.33276
-6143.34748
-6146.24106
-6136.28722
-6155.74552
-6156.80771
-6150.14234
-6157.74387
-6147.38100
-6151.45474
-6141.81949
-6142.43024
-6141.05789
-6148.80275
-6157.87852
-6147.85200
-6143.10330
-6150.11972
-6156.23546
-6164.87153
-6153.42063
-6160.81852
-6149.45903
-6163.71586
-6165.45210
-6161.13766
-6159.98157
-6150.52751
-6166.76273
-6165.11995
-6163.27092
-6157.95107
-6169.02785
-6163.08112
-6169.71003
-6169.56405
-6163.07516
-6160.54198
-6152.87388
-6147.16603
-6146.27841
-6155.49096
-6160.52466
-6164.26036
-6152.64378
-6166.38055
-6167.45669
-6157.36547
-6156.81318
-6155.67099
-6151.86473
-6157.45665
-6156.51936
-6134.79727
-6134.48882
-6131.67841
-6134.18668
-6138.10841
-6132.18853
-6144.10398
-6140.95708
-6149.77275
-6152.59188
-6162.28594
-6150.53284
-6149.26983
-6147.80775
-6157.46284
-6157.62196
-6160.62473
-6168.25948
-6156.09227
-6158.26129
-6153.43363
-6158.16379
-6151.63707
-6137.22718
-6142.07483
-6145.01046
-6158.65900
-6164.67242
-6144.20389
-6141.75892
-6153.22626
-6152.37911
-6157.58185
-6152.44737
-6148.94682
-6149.97445
-6153.67111
-6160.39163
-6153.59374
-6161.61928
-6154.38894
-6166.26955
-6171.87816
-6172.33206
-6168.13407
-6169.74279
-6175.79747
-6176.30272
-6174.69886
-6162.70670
-6155.07118
-6158.33781
-6159.53868
-6160.09844
-6149.22608
-6140.30547
-6146.70472
-6141.16583
-6131.42553
-6142.32328
-6122.83394
-6131.06851
-6138.64225
-6140.96769
-6149.04300
-6143.27647
-6137.68909
-6146.26700
-6143.04931
-6147.38119
-6154.23730
-6128.34730
-6126.27711
-6131.44421
-6130.73270
-6120.98167
-6097.24484
-6107.73532
-6104.46847
-6108.70671
-6115.75085
-6108.07002
-6103.70762
-6104.01405
-6106.11937
-6088.08631
-6098.08695
-6105.56430
-6124.26803
-6106.65396
-6115.98539
-6107.76700
-6122.04121
-6104.37623
-6112.62976
-6118.92213
-6122.30981
-6116.79516
-6128.59956
-6125.66808
-6130.49411
-6127.03347
-6123.12710
-6117.19921
-6103.52785
-6105.03903
-6103.54138
-6128.01292
-6131.25159
-6140.76003
-6132.87056
-6136.98769
-6136.88459
-6132.13256
-6121.72243
-6117.37396
-6121.16522
-6127.98043
-6123.68480
-6130.22840
-6122.93352
-6126.08656
-6140.56299
-6146.00339
-6145.90482
-6129.67400
-6143.76006
-6149.62473
-6137.65651
-6142.07286
-6148.13444
-6132.42906
-6139.55819
-6126.94773
-6128.45394
-6135.96292
-6120.75453
-6129.20866
-6110.78034
-6116.99270
-6116.60248
-6125.68420
-6128.54613
-6136.85218
-6124.87780
-6120.98233
-6117.23187
-6124.05027
-6125.21751
-6096.09326
-6124.23828
-6108.18397
-6112.53334
-6115.12301
-6114.90375
-6110.80210
-6120.65025
-6098.27763
-6118.90007
-6126.10272
-6117.15478
-6122.39392
-6126.23466
-6119.36452
-6129.81875
-6125.83937
-6128.91662
-6125.61513
-6122.67484
-6120.21736
-6136.18941
-6135.18882
-6139.25261
-6130.08723
-6140.55361
-6120.92122
-6130.68747
-6133.36291
-6121.95887
-6115.58014
-6123.88044
-6129.52632
-6135.82511
-6131.77483
-6143.08525
-6143.97367
-6153.65264
-6155.04268
-6156.59767
-6159.22202
-6161.10158
-6174.85628
-6163.99866
-6162.46567
-6160.32930
-6149.92134
-6158.86931
-6157.69840
-6153.14921
-6161.67405
-6155.96795
-6161.53900
-6167.35022
-6163.39516
-6162.64403
-6165.16548
-6169.79052
-6162.24398
-6170.59631
-6166.09909
-6150.50266
-6161.32827
-6159.69818
-6158.55448
-6159.74067
-6157.28485
-6145.70530
-6143.87046
-6132.64443
-6143.64128
-6154.20860
-6145.98250
-6141.79841
-6129.85579
-6117.61885
-6134.71665
-6130.55355
-6139.93876
-6148.30300
-6147.60510
-6140.15822
-6143.21054
-6148.96366
-6150.46142
-6141.44479
-6139.55451
-6142.25586
-6125.35391
-6136.01709
-6122.00590
-6128.46896
-6129.92626
-6134.29198
-6138.59716
-6149.15942
-6155.66029
-6145.22675
-6152.41810
-6138.48529
-6125.55323
-6125.42140
-6139.93900
-6131.56839
-6128.91180
-6119.60516
-6125.17826
-6134.55301
-6128.15054
-6135.85026
-6133.48289
-6131.06054
-6143.09302
-6137.80346
-6142.58023
-6141.82186
-6133.72134
-6145.73899
-6154.08592
-6148.19795
-6145.52306
-6146.08372
-6151.79894
-6152.25433
-6140.64555
-6130.94101
-6154.08955
-6142.23821
-6148.03918
-6140.28013
-6139.97390
-6132.40540
-6137.56088
-6141.87285
-6151.12356
-6154.59632
-6137.85865
-6143.02596
-6143.07747
-6159.51331
-6165.34721
-6165.10718
-6158.45129
-6163.80658
-6149.72001
-6154.08938
-6167.52929
-6160.24661
-6162.13847
-6156.38609
-6175.61980
-6161.26785
-6156.97569
-6165.28011
-6168.24647
-6185.12438
-6185.70793
-6193.74101
-6178.01059
-6187.69168
-6172.32482
-6160.53052
-6169.39020
-6164.17629
-6154.83283
-6152.51452
-6166.28640
-6154.06837
-6159.33847
-6164.39535
-6159.53600
-6165.56009
-6166.09096
-6171.54445
-6165.20536
-6168.93090
-6177.00756
-6168.82109
-6169.56589
-6160.86353
-6152.27242
-6152.41015
-6164.24432
-6149.44900
-6152.59901
-6149.03239
-6153.65440
-6155.10172
-6158.80607
-6141.57332
-6156.03797
-6164.42829
-6168.46227
-6162.35459
-6153.67183
-6154.17984
-6162.14660
-6161.48944
-6151.11438
-6146.79210
-6145.72644
-6139.46348
-6124.09141
-6138.84524
-6131.17632
-6129.02813
-6130.34591
-6129.80255
-6135.43942
-6112.01240
-6110.28038
-6113.44180
-6113.43253
-6126.10922
-6125.02691
-6115.85297
-6124.77857
-6118.86895
-6124.39348
-6132.52155
-6127.39458
-6130.19215
-6119.96904
-6125.95475
-6118.96856
-6132.16426
-6125.95378
-6107.51691
-6112.30854
-6114.45955
-6123.93213
-6133.67751
-6141.34527
-6135.31484
-6132.87113
-6150.72434
-6138.51838
-6124.87380
-6125.81521
-6138.65542
-6132.08462
-6112.92285
-6104.13616
-6105.54301
-6133.27313
-6113.46169
-6110.35019
-6131.92386
-6126.05372
-6138.00826
-6134.72323
-6136.86678
-6131.03003
-6113.59202
-6129.44937
-6126.94219
-6120.89564
-6140.77709
-6127.36329
-6128.65036
-6136.55878
-6133.21478
-6133.69837
-6127.91487
-6119.19514
-6131.77877
-6135.99351
-6132.26263
-6134.75026
-6125.05334
-6131.07866
-6131.45035
-6124.54991
-6130.81098
-6122.85985
-6132.14566
-6124.60811
-6128.30338
-6126.83032
-6134.03773
-6135.39743
-6140.69202
-6136.48624
-6124.24810
-6123.89011
-6123.57555
-6116.92802
-6120.48216
-6127.16675
-6129.39726
-6134.03048
-6139.09948
-6132.03246
-6118.20415
-6137.16666
-6120.36022
-6119.41258
-6128.94895
-6128.72763
-6134.82229
-6118.85328
-6129.08009
-6123.09470
-6136.48303
-6134.82229
-6134.13578
-6123.95389
-6136.00938
-6136.22920
-6143.88114
-6131.08847
-6130.94350
-6136.69227
-6148.40317
-6134.43813
-6142.75432
-6150.27828
-6137.58548
-6141.38568
-6139.28737
-6153.56449
-6146.12923
-6140.84568
-6155.26943
-6158.95337
-6151.16682
-6167.26997
-6162.60655
-6150.29838
-6140.09698
-6141.54788
-6154.48865
-6155.35516
-6143.74381
-6152.83774
-6146.94006
-6156.85935
-6158.75278
-6166.44016
-6166.37578
-6160.40954
-6166.94962
-6150.86183
-6150.75841
-6154.82060
-6162.73650
-6140.28817
-6156.54446
-6153.76051
-6144.59378
-6150.06843
-6162.28591
-6156.33056
-6154.52430
-6157.42745
-6152.33187
-6152.39785
-6140.87039
-6129.98302
-6136.94396
-6145.61657
-6141.64845
-6146.63565
-6155.77792
-6162.18047
-6155.37230
-6155.27227
-6150.55804
-6151.69937
-6156.69446
-6163.18119
-6163.59048
-6172.53824
-6160.41121
-6159.98981
-6164.24554
-6176.65357
-6172.99501
-6173.50568
-6163.95178
-6175.74901
-6177.93019
-6165.74472
-6162.65759
-6167.96510
-6165.85046
-6171.53769
-6159.39871
-6165.53337
-6158.96300
-6146.23506
-6132.48426
-6133.91941
-6143.09073
-6148.39147
-6140.45724
-6132.48789
-6128.62509
-6125.88087
-6126.18039
-6128.68721
-6120.03725
-6112.79936
-6116.24260
-6102.86511
-6100.35257
-6094.91530
-6097.31695
-6083.38968
-6096.06895
-6106.20813
-6114.06731
-6119.82923
-6107.90872
-6109.53880
-6112.75580
-6107.09077
-6116.14974
-6113.46285
-6107.59324
-6109.69247
-6104.22387
-6095.42955
-6099.95336
-6105.43323
-6098.67172
-6106.67594
-6103.28864
-6097.38244
-6096.54495
-6094.92149
-6096.75525
-6110.81316
-6118.80339
-6125.57133
-6128.64055
-6117.04452
-6116.14173
-6118.52678
-6115.62184
-6119.93215
-6120.52278
-6121.56953
-6108.21410
-6116.76026
-6119.24823
-6122.09935
-6134.26923
-6098.67302
-6118.69192
-6138.52763
-6129.55093
-6121.15416
-6117.08460
-6112.13438
-6102.50332
-6107.89919
-6095.90279
-6087.40990
-6104.82859
-6111.85578
-6117.63391
-6114.43272
-6115.38111
-6124.96952
-6110.51955
-6114.30350
-6109.19485
-6110.50415
-6109.84499
-6114.44242
-6109.80095
-6100.63150
-6106.80164
-6117.12702
-6118.52605
-6129.52874
-6129.24356
-6126.58596
-6124.16973
-6133.57187
-6126.18042
-6113.54024
-6118.35491
-6103.50066
-6113.04931
-6111.11998
-6114.36548
-6105.56131
-6104.84497
-6114.35316
-6109.66786
-6120.15408
-6106.11371
-6103.45812
-6119.55733
-6113.65547
-6120.92577
-6126.12565
-6123.03426
-6106.11147
-6107.82098
-6083.34787
-6090.48900
-6100.23939
-6092.98747
-6100.87242
-6096.50608
-6107.28835
-6105.02056
-6113.63995
-6107.07694
-6105.10563
-6112.86312
-6110.80294
-6109.31644
-6100.99500
-6100.35573
-6114.55016
-6115.21952
-6108.28078
-6117.83526
-6111.11454
-6114.87259
-6115.54387
-6118.40578
-6109.86994
-6120.25811
-6118.00431
-6117.07250
-6114.54572
-6117.71741
-6113.11479
-6107.51535
-6107.53603
-6107.91130
-6113.45047
-6114.55439
-6118.95402
-6122.02193
-6119.88047
-6112.99256
-6104.23088
-6109.66015
-6114.83821
-6115.07598
-6118.60900
-6114.99415
-6113.59427
-6121.14993
-6121.34868
-6124.29767
-6110.01352
-6104.04648
-6099.70532
-6086.81641
-6082.32632
-6103.82924
-6103.07403
-6108.48015
-6120.77900
-6126.48520
-6118.52592
-6111.11112
-6113.93345
-6117.87559
-6111.23696
-6108.69537
-6118.80728
-6110.75737
-6107.44415
-6114.74618
-6123.15493
-6121.48239
-6132.11045
-6129.34009
-6133.50633
-6136.15985
-6125.38511
-6133.67314
-6140.46942
-6148.37830
-6155.20138
-6152.17584
-6147.32967
-6142.98129
-6133.95642
-6126.67070
-6120.15015
-6135.89565
-6140.66418
-6131.75235
-6133.36555
-6133.59714
-6122.73082
-6123.14549
-6122.64578
-6120.61650
-6121.23740
-6131.98400
-6107.84897
-6103.13611
-6107.43239
-6115.63618
-6121.40401
-6118.63740
-6098.80495
-6090.12218
-6092.52317
-6105.99396
-6125.26374
-6125.70531
-6123.27981
-6117.33887
-6126.80193
-6121.31269
-6130.89296
-6128.36811
-6125.34258
-6127.74912
-6140.12122
-6132.49096
-6140.36869
-6141.93443
-6137.25338
-6134.94874
-6133.82364
-6147.54027
-6132.45907
-6142.99140
-6143.21993
-6142.83417
-6133.23325
-6136.70009
-6139.59460
-6154.04696
-6155.24935
-6155.92403
-6155.72981
-6160.95457
-6162.94146
-6152.34714
-6154.53643
-6150.33072
-6163.96511
-6158.70736
-6165.65385
-6160.25026
-6157.79533
-6168.33672
-6163.34964
-6168.80947
-6179.16911
-6179.17992
-6186.01607
-6181.53403
-6174.34853
-6161.73141
-6160.57493
-6162.82095
-6171.70623
-6169.94891
-6153.27966
-6139.74231
-6146.21170
-6145.30656
-6139.80595
-6139.79214
-6146.93963
-6145.89524
-6147.47969
-6136.86613
-6135.13398
-6143.61293
-6152.92851
-6162.14703
-6149.71170
-6149.92469
-6143.06420
-6133.42634
-6156.99463
-6163.49293
-6175.67965
-6174.01594
-6172.84652
-6179.55521
-6176.09351
-6166.28693
-6171.01608
-6170.31174
-6168.87706
-6170.44870
-6173.38060
-6175.35427
-6172.46917
-6168.75032
-6173.94578
-6179.34377
-6188.45681
-6188.55628
-6189.16070
-6188.38102
-6177.14233
-6162.53448
-6161.91686
-6167.71306
-6167.73726
-6179.20873
-6177.49592
-6165.43896
-6164.75243
-6155.36995
-6160.40876
-6155.26692
-6156.66501
-6158.73777
-6162.38728
-6169.09943
-6152.82518
-6151.31605
-6151.89374
-6152.15214
-6140.20658
-6145.89874
-6137.36781
-6126.56047
-6143.48300
-6156.15858
-6152.11080
-6152.81274
-6152.89459
-6156.81196
-6153.59212
-6168.48348
-6172.81381
-6171.82121
-6165.37978
-6155.34823
-6144.09541
-6147.71788
-6146.09748
-6142.06178
-6132.57893
-6139.12982
-6145.46418
-6145.80940
-6158.44292
-6155.13328
-6151.06506
-6154.15298
-6158.05963
-6164.91365
-6170.38228
-6164.57703
-6160.62955
-6163.40775
-6166.72609
-6156.23146
-6161.03644
-6176.10065
-6176.51322
-6168.38606
-6167.09378
-6163.37914
-6186.04556
-6188.94307
-6185.70436
-6176.57892
-6178.17962
-6168.62422
-6173.27489
-6167.69842
-6160.76940
-6162.69354
-6153.99877
-6166.57010
-6170.12042
-6155.26619
-6163.86209
-6151.62535
-6151.08417
-6173.40424
-6154.14153
-6162.74728
-6155.73325
-6155.08220
-6148.23913
-6156.55692
-6151.47446
-6154.49297
-6151.50782
-6154.14076
-6157.68745
-6160.57698
-6160.57353
-6161.43866
-6159.26760
-6168.40718
-6173.12938
-6178.66000
-6188.80847
-6186.55564
-6183.84316
-6178.69854
-6176.73088
-6171.17123
-6176.14820
-6183.31339
-6168.09093
-6170.02620
-6159.27545
-6170.81399
-6172.22230
-6184.69305
-6179.92074
-6170.17192
-6169.78795
-6170.29458
-6159.10925
-6163.16776
-6180.73378
-6174.73918
-6165.09211
-6156.96853
-6148.33700
-6152.04644
-6138.18639
-6151.64671
-6151.12711
-6151.63378
-6152.55561
-6163.07273
-6166.24835
-6168.65016
-6178.45563
-6176.54622
-6173.98242
-6168.66393
-6168.46538
-6170.50256
-6171.71451
-6168.94681
-6171.66908
-6166.80969
-6164.31178
-6174.46293
-6167.78417
-6163.84752
-6174.60383
-6175.86553
-6178.61801
-6173.41728
-6174.82100
-6185.04641
-6183.57970
-6169.60539
-6169.80703
-6164.63099
-6186.36784
-6190.58190
-6182.99514
-6187.82338
-6187.96034
-6177.39320
-6180.36085
-6181.11696
-6174.73736
-6162.63855
-6161.41862
-6153.29235
-6154.86885
-6155.68179
-6152.45840
-6174.33734
-6162.02412
-6163.97610
-6167.63023
-6166.54397
-6166.47325
-6168.42304
-6181.41215
-6169.25859
-6162.46821
-6168.31495
-6187.50404
-6186.93948
-6190.42447
-6185.18437
-6190.62299
-6195.66656
-6185.88183
-6187.14620
-6195.66172
-6203.21332
-6207.17983
-6210.36348
-6211.76166
-6208.94519
-6201.33660
-6197.83479
-6206.12890
-6205.16383
-6211.42482
-6208.92779
-6206.45180
-6207.67066
-6208.67267
-6200.11999
-6220.04382
-6221.31518
-6222.59321
-6203.12325
-6223.00334
-6218.78431
-6220.28774
-6222.76327
-6230.73330
-6215.87921
-6218.25947
-6228.73892
-6226.63984
-6220.93045
-6211.35394
-6217.34009
-6203.35086
-6210.00488
-6221.35748
-6214.74269
-6220.57462
-6208.55228
-6207.91855
-6214.38750
-6216.40727
-6208.50895
-6221.81375
-6225.53388
-6221.90082
-6219.67252
-6212.54951
-6207.63931
-6218.77434
-6224.27092
-6212.35606
-6214.22391
-6203.18905
-6208.70102
-6200.92328
-6197.23729
-6207.82022
-6213.16559
-6210.85602
-6215.12433
-6202.40016
-6218.83038
-6225.21662
-6219.90679
-6227.26055
-6234.51240
-6233.29090
-6236.26680
-6233.71881
-6236.43391
-6228.17423
-6231.38219
-6235.55150
-6227.23112
-6234.20061
-6238.20906
-6225.28203
-6223.67746
-6210.83641
-6220.00543
-6218.43804
-6215.97896
-6216.25050
-6214.36727
-6222.00843
-6220.21003
-6222.22218
-6212.53433
-6206.91565
-6215.96002
-6212.36571
-6218.57484
-6217.57091
-6200.02003
-6204.73883
-6210.82343
-6205.58051
-6208.58939
-6198.27360
-6206.09700
-6217.46029
-6203.57194
-6190.03467
-6206.09415
-6211.87207
-6214.64649
-6216.85156
-6220.73452
-6217.74229
-6221.15548
-6219.26799
-6210.05697
-6216.53096
-6215.12029
-6217.94641
-6219.45034
-6219.71753
-6218.27260
-6208.32181
-6215.29092
-6216.08125
-6223.38946
-6221.88754
-6221.37173
-6221.61995
-6227.66221
-6224.77522
-6217.14547
-6219.31117
-6218.60709
-6215.95771
-6219.10779
-6216.96235
-6219.61598
-6214.17584
-6208.07196
-6220.09988
-6226.34903
-6217.75846
-6224.33246
-6214.65030
-6199.47438
-6200.88339
-6202.90716
-6202.19983
-6205.56969
-6202.41203
-6200.11125
-6197.80552
-6195.01477
-6196.01284
-6200.84374
-6193.29009
-6198.11171
-6199.34491
-6191.10591
-6188.69813
-6191.46736
-6191.74068
-6195.97482
-6196.97846
-6189.72815
-6192.20835
-6208.57242
-6201.35024
-6202.11453
-6205.47877
-6186.91400
-6191.52439
-6188.28652
-6178.41593
-6165.64922
-6179.16702
-6174.03195
-6181.88458
-6179.92215
-6185.69133
-6180.03746
-6177.93552
-6178.91742
-6177.42860
-6171.26758
-6165.69754
-6160.68187
-6161.40543
-6152.80465
-6147.06115
-6143.57764
-6139.81417
-6147.97788
-6148.92764
-6155.64273
-6160.02670
-6177.59195
-6178.41818
-6180.55098
-6182.81690
-6182.75005
-6171.30814
-6181.32177
-6176.18344
-6174.46275
-6184.72605
-6180.90777
-6169.93524
-6168.87654
-6163.75193
-6168.12166
-6186.95454
-6182.19683
-6181.28965
-6168.29578
-6178.07312
-6173.77969
-6161.30367
-6164.04329
-6174.02964
-6170.73114
-6179.04308
-6172.65408
-6183.79831
-6191.04091
-6187.90296
-6191.60194
-6190.97963
-6191.12022
-6176.60762
-6185.17584
-6174.48845
-6178.61589
-6173.34775
-6170.45761
-6174.34129
-6177.79734
-6177.78721
-6176.22792
-6171.66257
-6189.37412
-6182.00350
-6171.78454
-6173.55239
-6168.00414
-6166.66058
-6166.50414
-6165.63514
-6163.16185
-6173.23747
-6157.91044
-6163.81581
-6166.45232
-6161.04809
-6163.57638
-6153.96655
-6164.44772
-6160.87432
-6160.96088
-6144.51042
-6160.42219
-6147.89558
-6162.72231
-6158.73648
-6159.07760
-6165.28565
-6174.22763
-6168.62351
-6172.64432
-6159.89546
-6161.56327
-6166.50639
-6163.04854
-6151.44300
-6158.54826
-6152.91134
-6156.26856
-6162.23877
-6158.55205
-6155.41586
-6165.37238
-6171.36621
-6154.59094
-6167.32058
-6154.74692
-6155.29281
-6150.60101
-6148.14465
-6157.06171
-6140.01898
-6140.33881
-6121.28393
-6130.24040
-6132.88517
-6131.08378
-6141.11567
-6132.17766
-6133.39304
-6135.49698
-6144.94089
-6138.63346
-6148.70371
-6156.19214
-6160.58799
-6160.27664
-6149.02629
-6140.67781
-6148.46174
-6138.95454
-6146.12337
-6155.40874
-6152.98939
-6160.18319
-6168.88116
-6152.25828
-6152.76942
-6156.15609
-6140.72879
-6149.06423
-6143.19082
-6139.19723
-6145.16249
-6149.82983
-6145.07355
-6152.20966
-6144.94744
-6144.68040
-6149.46677
-6154.48199
-6148.91424
-6159.25632
-6152.16548
-6159.22909
-6150.68328
-6153.50705
-6143.53992
-6150.72173
-6143.69291
-6142.07058
-6149.77575
-6144.60808
-6161.85593
-6154.46713
-6153.34040
-6132.16649
-6150.42944
-6162.67301
-6153.02091
-6152.41507
-6168.11974
-6161.10833
-6169.96442
-6165.79028
-6163.72209
-6163.53027
-6162.00619
-6169.03646
-6181.90560
-6170.72125
-6165.73495
-6163.96191
-6168.91840
-6157.87027
-6177.17568
-6174.09235
-6179.96260
-6177.09155
-6188.28338
-6180.47982
-6171.25441
-6179.82814
-6178.90748
-6179.66171
-6185.28681
-6188.10085
-6185.71358
-6177.59802
-6177.77498
-6181.90494
-6183.60209
-6175.98213
-6168.94170
-6177.54699
-6180.02984
-6179.89441
-6181.36188
-6189.71681
-6180.52181
-6177.62376
-6178.78956
-6166.70947
-6160.42684
-6157.89791
-6170.31795
-6164.43713
-6157.19323
-6163.45193
-6164.43779
-6155.65195
-6149.72141
-6148.98714
-6153.62176
-6162.72679
-6153.43192
-6149.08579
-6150.00676
-6155.14731
-6163.12103
-6158.11004
-6161.36462
-6161.52738
-6174.69658
-6175.24693
-6160.00034
-6165.45385
-6170.48526
-6176.11428
-6164.72579
-6172.38930
-6168.70172
-6164.09267
-6168.97343
-6168.67022
-6164.94584
-6160.81350
-6161.86557
-6147.92090
-6153.21964
-6162.36301
-6175.52225
-6188.31467
-6186.48626
-6187.93806
-6205.39736
-6199.72187
-6198.33603
-6202.91354
-6213.50546
-6199.63482
-6198.33279
-6174.81132
-6199.62902
-6194.17449
-6194.18847
-6190.48018
-6182.39566
-6172.16886
-6169.70756
-6176.29105
-6169.27280
-6176.35833
-6165.65232
-6166.94179
-6180.84293
-6170.28822
-6175.91952
-6169.96107
-6170.42278
-6171.19297
-6173.35626
-6178.79844
-6180.20704
-6180.68025
-6180.10038
-6167.21827
-6180.77684
-6166.17412
-6160.33323
-6156.67005
-6154.68815
-6160.79175
-6146.86849
-6155.43394
-6151.55894
-6154.49193
-6160.24453
-6153.20774
-6156.94606
-6151.04119
-6161.14630
-6158.54432
-6167.65779
-6172.88652
-6176.36261
-6166.92911
-6161.85414
-6164.98273
-6159.56754
-6164.52046
-6161.92815
-6169.75539
-6161.22824
-6165.67523
-6154.11624
-6159.58974
-6167.12192
-6164.67269
-6165.55558
-6154.34528
-6147.78229
-6146.52163
-6147.54327
-6153.56507
-6157.00616
-6145.32077
-6140.55165
-6149.83331
-6155.91069
-6160.85483
-6162.11921
-6152.86517
-6163.41524
-6174.21540
-6159.14264
-6155.44093
-6159.94900
-6147.91172
-6157.94508
-6156.59274
-6155.74992
-6141.79679
-6148.24757
-6149.33644
-6148.78771
-6144.24902
-6165.01650
-6174.32243
-6171.61632
-6163.09234
-6159.17310
-6138.94061
-6146.84147
-6137.89075
-6143.34336
-6162.46801
-6156.85483
-6150.62378
-6161.34403
-6155.34433
-6163.31074
-6142.96110
-6153.93667
-6141.97411
-6136.33499
-6137.85857
-6138.09713
-6134.86486
-6131.79190
-6129.50714
-6146.02367
-6151.50116
-6146.20926
-6147.36483
-6146.88921
-6139.36594
-6150.34293
-6133.90289
-6142.53213
-6135.95087
-6129.02365
-6148.67225
-6148.80911
-6146.57315
-6158.01474
-6149.35506
-6140.81799
-6148.89664
-6135.54812
-6145.01710
-6141.99401
-6135.61124
-6145.71379
-6153.46538
-6158.18888
-6164.14446
-6164.75858
-6153.44473
-6147.31023
-6152.47123
-6147.28354
-6139.02220
-6140.00055
-6122.93333
-6148.64723
-6165.84865
-6156.78685
-6161.06344
-6154.45642
-6153.64813
-6165.34288
-6167.32407
-6167.04813
-6161.78896
-6163.45880
-6158.78794
-6156.41869
-6168.54605
-6157.51605
-6161.60435
-6160.07072
-6164.29301
-6163.64095
-6159.78681
-6173.92478
-6170.09094
-6166.48430
-6186.31452
-6174.54210
-6182.83700
-6176.73427
-6174.00780
-6175.59929
-6172.14544
-6168.87699
-6156.89846
-6147.84535
-6159.11158
-6141.38919
-6164.07294
-6169.54701
-6167.37979
-6173.00633
-6175.60061
-6159.05394
-6154.06216
-6155.77996
-6151.70634
-6164.76710
-6154.89170
-6163.76703
-6170.18525
-6160.62033
-6166.91545
-6170.13676
-6167.44413
-6160.29582
-6168.34309
-6172.10644
-6180.00904
-6176.60087
-6168.31263
-6165.10578
-6173.02406
-6158.35136
-6159.49999
-6174.81637
-6176.30574
-6171.56141
-6177.12621
-6169.35096
-6166.77532
-6168.52134
-6170.29387
-6174.77980
-6179.02015
-6164.21268
-6176.90789
-6169.54680
-6161.38589
-6171.91341
-6160.24284
-6163.10104
-6149.94904
-6146.16029
-6154.08222
-6164.86920
-6162.08377
-6180.80878
-6170.51524
-6181.76776
-6176.79872
-6170.46483
-6165.84670
-6158.75188
-6170.27467
-6170.14639
-6170.92548
-6168.95200
-6182.37007
-6166.67091
-6170.17604
-6167.75608
-6172.07887
-6179.88511
-6178.07946
-6175.01775
-6185.78462
-6171.54068
-6181.16965
-6179.04839
-6184.30672
-6193.61525
-6193.45285
-6180.14974
-6178.45210
-6184.79214
-6179.53255
-6179.74836
-6175.49196
-6183.25450
-6180.93903
-6183.95709
-6183.04304
-6182.91354
-6186.89673
-6169.71473
-6161.12092
-6172.29481
-6168.57767
-6174.04972
-6176.64020
-6174.69875
-6184.74194
-6174.95805
-6176.15739
-6175.29157
-6188.63819
-6197.35556
-6194.56691
-6197.65115
-6192.39904
-6201.42328
-6180.23907
-6187.33462
-6180.99312
-6174.56167
-6179.80870
-6181.82181
-6177.53089
-6165.31036
-6171.13320
-6174.80847
-6165.85156
-6157.12115
-6163.20987
-6178.47255
-6171.45262
-6173.88399
-6174.01115
-6178.57779
-6181.38252
-6184.86672
-6182.60869
-6179.90721
-6187.80108
-6175.14648
-6170.62128
-6166.87338
-6160.03195
-6184.86614
-6193.77315
-6193.92430
-6182.27444
-6179.44961
-6174.78270
-6188.16805
-6178.60441
-6185.82625
-6178.75357
-6172.44923
-6177.09200
-6185.97605
-6176.16776
-6163.20282
-6169.67383
-6170.34189
-6172.23647
-6179.81858
-6180.23350
-6180.27078
-6183.23960
-6188.16079
-6193.32647
-6171.73165
-6171.59954
-6160.37860
-6159.20002
-6161.80525
-6157.52030
-6160.20236
-6169.63738
-6155.78362
-6168.70817
-6167.47376
-6179.11518
-6164.33871
-6172.46435
-6172.77078
-6167.83358
-6171.20508
-6175.34580
-6177.58803
-6183.43447
-6189.97677
-6181.75509
-6176.38368
-6182.48327
-6178.72173
-6187.07734
-6188.18226
-6170.21884
-6182.12664
-6173.73128
-6186.94030
-6176.34377
-6180.57286
-6184.02588
-6183.01014
-6175.03657
-6172.01885
-6175.59856
-6167.17531
-6163.02291
-6160.48152
-6150.23043
-6152.40618
-6156.57247
-6160.37296
-6164.63161
-6164.61692
-6163.21427
-6165.70379
-6157.70773
-6166.50203
-6157.71804
-6166.21368
-6166.53211
-6172.32738
-6167.30886
-6160.75991
-6151.37323
-6167.63286
-6163.95892
-6158.59522
-6162.00204
-6162.06572
-6160.48210
-6158.06859
-6175.65536
-6170.47505
-6177.90663
-6178.16712
-6186.22033
-6189.60387
-6184.19109
-6181.92371
-6180.95162
-6177.38822
-6185.41835
-6184.52609
-6177.25974
-6171.47860
-6182.89447
-6163.51693
-6178.98478
-6188.66946
-6177.07845
-6155.43879
-6162.71979
-6172.12545
-6172.23670
-6159.56571
-6162.43047
-6161.52361
-6167.99461
-6171.68703
-6157.13212
-6169.52980
-6162.18505
-6147.84287
-6143.45871
-6153.82901
-6153.53635
-6158.28483
-6157.70429
-6171.08698
-6162.05738
-6163.85018
-6167.40517
-6171.77398
-6172.09764
-6175.34801
-6168.03572
-6173.18360
-6165.61362
-6151.70219
-6153.47452
-6141.72264
-6144.95728
-6141.52133
-6145.44101
-6147.33087
-6140.35641
-6143.07817
-6162.50631
-6164.77658
-6158.59940
-6165.34393
-6168.14955
-6167.47699
-6173.77399
-6184.39417
-6171.10948
-6167.60915
-6170.80510
-6164.68652
-6161.05601
-6148.59662
-6163.78779
-6163.07913
-6151.02431
-6154.30454
-6152.41089
-6160.69243
-6156.66927
-6154.78780
-6148.90265
-6158.57473
-6154.47657
-6148.79849
-6167.50402
-6160.13314
-6152.26602
-6152.66737
-6156.49628
-6162.46637
-6161.24986
-6167.24718
-6180.67600
-6191.50709
-6187.24308
-6180.66488
-6174.26310
-6179.22473
-6187.41393
-6178.38302
-6186.82928
-6194.38899
-6185.43809
-6184.83767
-6187.79708
-6183.59239
-6175.82153
-6174.06460
-6174.13444
-6179.60273
-6185.56269
-6175.91543
-6191.25987
-6191.86308
-6199.02944
-6197.55648
-6196.19806
-6207.36550
-6196.38949
-6198.05239
-6191.23086
-6187.97194
-6194.60753
-6190.91859
-6210.40512
-6209.04130
-6192.60274
-6201.23433
-6198.17305
-6199.51700
-6203.24680
-6215.65444
-6217.60806
-6204.08743
-6209.84267
-6210.67459
-6215.31797
-6200.60992
-6214.88075
-6215.60114
-6207.28782
-6196.45036
-6200.40340
-6209.96475
-6208.62859
-6199.87265
-6198.11076
-6206.02074
-6197.50791
-6195.10810
-6208.76361
-6208.09523
-6206.94877
-6212.06072
-6208.82728
-6207.48822
-6203.22795
-6211.07451
-6207.53837
-6208.27909
-6207.41332
-6216.10000
-6220.67859
-6208.99763
-6208.79319
-6211.36915
-6209.06477
-6206.98275
-6206.42557
-6198.85527
-6198.56844
-6199.75492
-6191.05564
-6206.16053
-6197.58820
-6207.95551
-6215.64266
-6209.97505
-6219.21440
-6220.58671
-6216.56497
-6211.36220
-6224.96102
-6221.51801
-6220.03371
-6207.59906
-6208.17371
-6207.05757
-6215.82784
-6214.69700
-6199.88641
-6212.62767
-6205.23038
-6203.97544
-6214.06123
-6211.85104
-6220.04348
-6229.66448
-6220.21485
-6220.33438
-6226.56580
-6209.83762
-6218.71312
-6216.26594
-6214.38400
-6220.89616
-6223.22226
-6221.16311
-6233.66538
-6228.36137
-6225.42651
-6221.69380
-6219.04017
-6221.10718
-6227.12906
-6216.47652
-6219.00153
-6213.12232
-6214.18646
-6211.46523
-6213.38298
-6213.23574
-6218.37636
-6205.01848
-6201.65154
-6198.68426
-6209.80743
-6202.86332
-6201.23641
-6209.98387
-6209.76001
-6214.76722
-6217.22553
-6214.00750
-6218.03683
-6221.63664
-6217.89353
-6206.73175
-6219.43335
-6214.59825
-6193.47278
-6198.97063
-6213.31359
-6210.36117
-6220.71878
-6222.26266
-6220.23255
-6214.72688
-6211.02729
-6218.73413
-6207.98141
-6203.95537
-6195.58401
-6207.49309
-6213.97700
-6215.09114
-6213.99030
-6190.10602
-6192.32842
-6197.46915
-6189.65900
-6200.94105
-6198.75606
-6213.78922
-6210.66540
-6212.77597
-6223.33101
-6227.00498
-6227.97575
-6216.45204
-6223.06931
-6212.85909
-6200.67516
-6209.75273
-6204.45090
-6203.04275
-6208.39077
-6203.04782
-6202.11072
-6206.44281
-6220.81309
-6213.02184
-6221.68583
-6218.25974
-6207.51030
-6209.49138
-6202.47450
-6201.02414
-6204.26832
-6218.79273
-6213.86535
-6220.36323
-6207.32491
-6212.46437
-6203.38942
-6196.94139
-6207.05215
-6210.00857
-6208.17079
-6209.06660
-6196.99677
-6204.69383
-6206.66392
-6212.64530
-6221.27266
-6220.91859
-6222.13437
-6210.86459
-6198.72406
-6198.31652
-6196.61720
-6191.53804
-6195.30563
-6187.29358
-6180.46557
-6189.50409
-6195.41795
-6185.40400
-6201.28005
-6199.22724
-6198.02942
-6192.40126
-6192.77739
-6195.48381
-6184.23426
-6190.67559
-6200.35283
-6192.90486
-6192.52642
-6192.90005
-6177.05051
-6187.11048
-6186.35346
-6187.33077
-6191.12628
-6187.62863
-6201.49793
-6194.22505
-6198.06731
-6182.33860
-6191.14507
-6187.27465
-6188.43748
-6186.27119
-6180.49397
-6188.62453
-6179.08913
-6182.92482
-6177.51221
-6203.87446
-6185.27963
-6209.81313
-6204.41477
-6190.98647
-6210.27955
-6203.55107
-6215.34663
-6208.50826
-6208.54699
-6204.40527
-6204.04109
-6216.02109
-6212.32089
-6214.03384
-6204.17683
-6204.22625
-6214.26794
-6212.56319
-6209.02300
-6207.59977
-6190.98664
-6197.22129
-6197.70304
-6202.31426
-6188.82562
-6185.72027
-6190.91505
-6188.11168
-6180.62078
-6174.59782
-6165.91890
-6169.23412
-6168.90950
-6170.56680
-6161.52743
-6154.49440
-6166.59666
-6156.47756
-6156.76748
-6155.39869
-6158.48878
-6152.80451
-6147.85941
-6157.24945
-6158.43893
-6154.74229
-6143.10405
-6152.11884
-6157.93111
-6160.55997
-6163.54759
-6161.09139
-6158.95266
-6146.67919
-6159.74432
-6159.63895
-6163.53376
-6169.50508
-6168.76992
-6172.66957
-6163.35585
-6165.47447
-6171.10202
-6173.55107
-6169.64738
-6168.41131
-6171.40494
-6158.67289
-6159.54996
-6158.34226
-6159.58648
-6176.12950
-6165.86520
-6169.80907
-6171.21918
-6170.28375
-6170.36279
-6177.53844
-6178.15197
-6192.10254
-6186.18202
-6193.37344
-6204.82151
-6205.56902
-6193.20752
-6189.32590
-6191.06486
-6195.54487
-6196.57274
-6202.64525
-6201.43070
-6198.29640
-6189.65675
-6180.92432
-6191.49613
-6196.93842
-6197.07790
-6202.61278
-6202.95268
-6193.72318
-6198.60713
-6201.21879
-6198.48912
-6194.29390
-6204.28203
-6211.98458
-6216.13237
-6210.24440
-6208.82274
-6199.25197
-6207.22129
-6204.29711
-6214.51621
-6201.41923
-6195.42329
-6206.67547
-6209.64742
-6202.71436
-6191.94234
-6200.78946
-6198.39819
-6193.14619
-6203.77760
-6202.09765
-6202.39638
-6206.12215
-6201.27849
-6194.25292
-6197.23390
-6203.81698
-6198.94984
-6203.01552
-6199.16606
-6200.20880
-6199.39063
-6191.57035
-6199.94975
-6193.22603
-6200.45857
-6195.68002
-6184.28323
-6187.76473
-6186.37204
-6168.89719
-6181.29807
-6189.42685
-6192.92010
-6185.88422
-6194.00014
-6192.49529
-6205.46261
-6202.46531
-6198.28673
-6185.70199
-6189.58735
-6206.55219
-6196.62188
-6205.09240
-6212.76840
-6207.32695
-6213.64909
-6209.10334
-6218.37143
-6209.31380
-6222.50478
-6207.34972
-6209.30404
-6211.26407
-6208.58147
-6206.21375
-6205.62165
-6211.37119
-6198.08318
-6206.09035
-6196.23929
-6190.79414
-6189.46389
-6186.12792
-6185.10344
-6185.80598
-6193.89047
-6197.13516
-6191.86222
-6187.16426
-6181.02562
-6192.11934
-6187.51753
-6191.61834
-6192.12358
-6198.43124
-6195.93128
-6189.06342
-6192.92264
-6195.53885
-6191.45024
-6190.28555
-6199.01677
-6198.57227
-6199.49260
-6197.67539
-6187.26421
-6195.13105
-6194.48443
-6193.05629
-6200.09712
-6196.84037
-6191.06504
-6186.35794
-6183.77995
-6182.41812
-6184.37035
-6188.03077
-6183.90664
-6193.92731
-6200.98977
-6208.87903
-6197.33771
-6188.26034
-6191.31676
-6185.41756
-6176.95515
-6170.09110
-6168.98446
-6181.54061
-6191.88837
-6186.11438
-6197.26798
-6196.36861
-6187.91443
-6185.87810
-6198.44161
-6197.96834
-6205.97296
-6201.69656
-6209.93863
-6201.54019
-6198.66057
-6200.08073
-6201.50911
-6201.83066
-6190.25556
-6177.95997
-6189.72821
-6178.77227
-6189.87709
-6204.61288
-6202.99416
-6204.64567
-6198.72984
-6198.14765
-6200.65146
-6207.35232
-6208.10838
-6208.15182
-6201.50013
-6195.79988
-6191.00266
-6196.44238
-6197.42016
-6202.26349
-6209.72237
-6196.52153
-6197.38602
-6191.78809
-6185.69190
-6195.02942
-6191.92218
-6209.37865
-6196.36236
-6202.55607
-6217.15773
-6211.65635
-6214.09528
-6212.89905
-6218.13432
-6215.54887
-6215.53629
-6222.75894
-6210.57203
-6225.21225
-6223.68926
-6211.77556
-6211.45851
-6229.10947
-6226.87593
-6223.68507
-6220.19447
-6211.02282
-6208.45541
-6208.13851
-6227.04113
-6235.18415
-6228.24933
-6224.90724
-6229.74540
-6219.24625
-6224.46357
-6223.44199
-6221.69165
-6210.39164
-6197.52190
-6218.52814
-6211.17470
-6222.39590
-6218.40342
-6211.92320
-6206.18703
-6205.38079
-6203.98734
-6213.40789
-6209.27509
-6213.92334
-6214.30805
-6208.65098
-6213.19408
-6220.09250
-6200.59221
-6208.75451
-6212.20705
-6202.30047
-6208.10563
-6203.81827
-6200.39362
-6195.03168
-6205.40802
-6208.72870
-6200.66677
-6203.10093
-6201.49205
-6186.17525
-6176.02074
-6189.14898
-6182.63511
-6188.98184
-6184.07842
-6199.93355
-6195.93553
-6208.92120
-6197.61565
-6195.10230
-6191.84363
-6191.67831
-6191.49433
-6187.64704
-6191.47958
-6190.24794
-6194.25179
-6197.13284
-6199.69062
-6196.25885
-6188.17238
-6185.29092
-6180.28164
-6185.52608
-6194.70388
-6191.23174
-6199.97837
-6181.57614
-6174.49610
-6179.14265
-6173.23159
-6178.75295
-6183.10841
-6175.95655
-6177.58126
-6169.62949
-6171.47771
-6161.35479
-6157.21011
-6161.62963
-6173.60784
-6175.10599
-6171.68316
-6172.46012
-6164.85016
-6163.22979
-6153.81533
-6159.10057
-6144.27941
-6149.85359
-6153.95127
-6153.60709
-6166.07460
-6169.10296
-6159.15699
-6161.25080
-6158.38417
-6161.91713
-6164.15173
-6178.41681
-6177.49775
-6165.58259
-6164.36059
-6162.48988
-6162.99290
-6172.86935
-6170.15609
-6157.58860
-6166.16502
-6159.15516
-6166.07645
-6167.70679
-6163.64498
-6165.05233
-6161.30847
-6162.84108
-6167.27191
-6175.58865
-6168.08076
-6161.73744
-6161.64448
-6149.78604
-6163.14731
-6168.41374
-6166.12786
-6170.67019
-6173.76443
-6164.13064
-6174.50357
-6169.32523
-6172.87543
-6168.41223
-6171.75458
-6174.12425
-6175.48840
-6173.00847
-6179.58582
-6177.82479
-6172.56187
-6172.49539
-6174.07458
-6166.79167
-6158.55322
-6164.42667
-6172.52561
-6173.32124
-6159.23557
-6158.54972
-6156.91546
-6159.61353
-6161.77263
-6154.92417
-6152.23234
-6151.83910
-6155.94913
-6177.48906
-6165.89254
-6155.93600
-6168.67996
-6182.98169
-6164.80340
-6174.68729
-6177.11582
-6162.15072
-6169.94965
-6174.95205
-6168.21579
-6179.77069
-6168.61718
-6165.83452
-6169.02581
-6174.42437
-6178.38014
-6164.43661
-6167.00511
-6175.17650
-6175.74410
-6173.33373
-6170.57376
-6166.97463
-6182.14659
-6185.39483
-6176.64557
-6181.81352
-6173.52168
-6173.18813
-6176.81232
-6180.30872
-6184.29012
-6170.41829
-6178.99236
-6186.33437
-6181.10267
-6177.53542
-6181.58408
-6179.62641
-6185.74670
-6177.06683
-6179.19133
-6170.23889
-6180.48158
-6185.21666
-6189.93614
-6185.12856
-6186.00656
-6175.51889
-6180.08862
-6193.44251
-6184.19692
-6186.34347
-6189.60688
-6198.14978
-6192.86656
-6186.71474
-6164.68068
-6166.44250
-6172.51187
-6158.18778
-6153.10673
-6169.99789
-6160.20416
-6161.32242
-6166.78396
-6170.68735
-6165.98020
-6162.46112
-6153.50595
-6149.87096
-6149.56160
-6147.26292
-6136.45054
-6144.28218
-6148.57550
-6157.15501
-6161.33186
-6146.16280
-6131.15081
-6124.91076
-6145.98908
-6153.05295
-6150.58239
-6152.19492
-6143.88721
-6154.35817
-6148.55829
-6143.97755
-6147.26224
-6129.84484
-6130.22875
-6141.94913
-6141.58118
-6145.34354
-6139.98270
-6135.20847
-6137.38766
-6136.84586
-6134.78956
-6131.05736
-6133.98735
-6133.04950
-6136.07816
-6133.72554
-6131.36260
-6147.99461
-6158.74196
-6143.89879
-6144.16846
-6142.09785
-6138.19503
-6145.38877
-6151.38937
-6165.27728
-6149.88927
-6149.81023
-6158.63096
-6164.40412
-6150.64819
-6163.70144
-6149.78549
-6155.20752
-6159.96364
-6156.33080
-6153.70621
-6144.08640
-6158.94834
-6169.58170
-6164.59381
-6171.16486
-6162.33014
-6154.30945
-6152.93955
-6151.51867
-6156.25937
-6154.13772
-6147.36549
-6135.00005
-6143.87410
-6144.74714
-6141.43789
-6147.00754
-6147.04960
-6131.69776
-6136.25067
-6144.96956
-6157.66199
-6156.22950
-6157.79335
-6145.38523
-6154.03704
-6158.32524
-6150.40267
-6155.97680
-6156.87053
-6163.27234
-6167.25558
-6173.57434
-6164.62634
-6170.53687
-6178.93028
-6176.54250
-6175.17250
-6179.20959
-6179.84395
-6177.84611
-6181.23297
-6176.76461
-6182.73445
-6172.72022
-6176.90573
-6170.05531
-6170.68321
-6172.40327
-6166.69571
-6179.01207
-6165.41476
-6164.68485
-6160.09565
-6166.35145
-6171.03358
-6176.71352
-6165.38398
-6172.48766
-6185.67581
-6185.89699
-6169.57778
-6170.98871
-6175.63386
-6181.05225
-6186.55656
-6168.79901
-6189.96015
-6187.81095
-6178.27629
-6177.62463
-6171.89959
-6177.57229
-6167.90659
-6174.53995
-6174.12758
-6177.72531
-6178.69196
-6188.77826
-6183.13558
-6184.49921
-6183.47391
-6183.21221
-6178.83011
-6176.08589
-6176.45581
-6186.89490
-6182.49428
-6176.78342
-6178.99535
-6177.67242
-6171.58780
-6177.66834
-6179.99848
-6172.80673
-6171.67213
-6179.91767
-6176.45607
-6166.59398
-6181.48178
-6178.42376
-6178.19924
-6181.76570
-6178.71507
-6183.52731
-6181.16170
-6180.97632
-6190.33423
-6177.00878
-6186.16933
-6195.15006
-6192.30786
-6195.68631
-6189.90372
-6201.32196
-6193.52717
-6175.87152
-6183.38744
-6182.35612
-6182.09344
-6187.98839
-6189.56517
-6178.69229
-6177.19548
-6172.98509
-6178.45418
-6176.88721
