-5723.42351
-5750.21712
-5722.88406
-5728.63641
-5738.76893
-5730.52140
-5721.75615
-5713.06288
-5728.65642
-5741.53950
-5753.82284
-5766.26958
-5764.78851
-5762.40713
-5732.73333
-5719.86817
-5733.03281
-5724.17698
-5715.15050
-5705.17474
-5718.93284
-5728.96702
-5707.50068
-5707.93822
-5731.60022
-5733.05267
-5748.47814
-5739.72224
-5768.71283
-5770.64079
-5771.95442
-5763.68166
-5796.37071
-5800.53030
-5754.11651
-5763.35777
-5765.76535
-5776.49076
-5767.72833
-5788.41335
-5769.51189
-5819.12407
-5788.95950
-5785.63449
-5778.40522
-5784.31865
-5786.98731
-5781.08700
-5784.90619
-5741.07420
-5718.03130
-5729.70222
-5734.02569
-5758.84197
-5747.42466
-5718.24370
-5734.76801
-5719.75558
-5746.81990
-5765.23369
-5745.82529
-5783.29820
-5748.67436
-5719.55554
-5729.55450
-5751.29257
-5743.80902
-5723.51302
-5750.55074
-5749.39096
-5765.62918
-5753.86800
-5759.66754
-5745.07789
-5775.45392
-5769.14453
-5751.59737
-5718.52042
-5721.83129
-5717.04765
-5750.28811
-5714.53750
-5709.28574
-5730.56845
-5713.05890
-5737.39043
-5754.18563
-5744.57580
-5747.64217
-5752.50465
-5734.14937
-5761.69417
-5728.48302
-5710.59720
-5708.06678
-5714.22441
-5688.90641
-5718.87549
-5709.34566
-5727.71708
-5719.48048
-5718.66308
-5708.78934
-5696.19524
-5721.93130
-5697.41496
-5715.04833
-5745.39818
-5716.42515
-5695.28279
-5709.90468
-5697.07750
-5730.08380
-5739.37033
-5749.93269
-5733.66828
-5735.06612
-5723.58515
-5736.61336
-5718.60364
-5709.08465
-5713.88674
-5707.62767
-5717.61678
-5728.60223
-5737.90880
-5734.95640
-5750.45831
-5745.83711
-5756.97266
-5771.43952
-5775.61659
-5744.25547
-5714.21566
-5745.96532
-5766.48945
-5763.56406
-5766.27520
-5769.62831
-5763.70162
-5753.86649
-5733.25140
-5729.49821
-5725.06245
-5710.52214
-5732.44415
-5734.68219
-5722.12854
-5738.63846
-5754.52122
-5756.81841
-5751.87659
-5714.30650
-5712.20822
-5728.61696
-5729.78561
-5734.70605
-5739.67911
-5732.61142
-5737.59138
-5770.77258
-5745.60926
-5752.30171
-5743.16950
-5738.03441
-5772.18411
-5772.45458
-5795.56207
-5793.71188
-5768.16878
-5763.24972
-5740.82169
-5744.13395
-5750.76370
-5746.86663
-5726.10940
-5765.50590
-5766.84603
-5770.02814
-5784.89556
-5757.52908
-5761.01811
-5749.41438
-5761.57960
-5776.04349
-5769.93518
-5767.73631
-5747.60491
-5759.06534
-5752.75094
-5757.18115
-5774.47469
-5754.52649
-5766.51576
-5749.03001
-5732.29470
-5731.20029
-5732.29405
-5727.03025
-5743.29325
-5737.08004
-5745.66399
-5738.55576
-5749.69065
-5749.94382
-5772.06161
-5745.93894
-5742.08152
-5748.09489
-5730.51027
-5731.31771
-5728.24515
-5723.39324
-5740.25825
-5721.10196
-5734.75792
-5741.77493
-5741.80833
-5729.17259
-5715.90635
-5733.04077
-5706.21057
-5735.75632
-5736.52622
-5733.36601
-5734.21100
-5734.98961
-5747.01754
-5771.94728
-5740.99776
-5737.91902
-5751.71987
-5740.41115
-5743.84302
-5762.42397
-5760.28662
-5741.53912
-5755.55395
-5758.57611
-5746.02846
-5760.39045
-5739.46284
-5734.26698
-5715.00370
-5704.79403
-5703.65829
-5706.10701
-5731.57193
-5746.39392
-5754.50636
-5738.45055
-5742.74991
-5736.56763
-5744.28666
-5754.65473
-5718.83684
-5738.08634
-5738.75418
-5733.26795
-5730.38586
-5747.54513
-5747.19361
-5746.57505
-5732.36329
-5743.85341
-5747.29564
-5754.30400
-5757.53046
-5761.17677
-5740.71808
-5738.62250
-5740.65760
-5753.02175
-5762.37596
-5767.98539
-5732.23877
-5731.75384
-5707.85941
-5710.49172
-5718.27556
-5752.45181
-5747.44246
-5764.27821
-5766.04900
-5770.87284
-5781.33245
-5790.56013
-5793.13832
-5759.13680
-5737.76315
-5735.66759
-5737.39269
-5728.67535
-5751.28948
-5752.94190
-5762.60542
-5746.02193
-5752.19829
-5756.84660
-5728.68899
-5756.97231
-5742.77555
-5733.80467
-5744.70791
-5749.02665
-5759.31222
-5745.65189
-5731.63189
-5719.74745
-5726.19004
-5722.50734
-5719.28603
-5736.54482
-5723.17139
-5732.23827
-5707.95654
-5737.86936
-5699.08544
-5735.50096
-5743.48429
-5745.62242
-5728.81033
-5751.59432
-5760.22104
-5764.78504
-5752.80029
-5764.81893
-5769.63111
-5775.49780
-5758.69559
-5746.23728
-5763.99593
-5756.43960
-5731.57011
-5739.84204
-5740.48316
-5720.47513
-5752.82463
-5730.78646
-5721.13923
-5728.65352
-5722.03435
-5715.42285
-5733.38243
-5739.99804
-5755.42794
-5753.50135
-5756.79509
-5750.82274
-5760.29811
-5769.53578
-5757.40421
-5767.54374
-5765.05901
-5761.52075
-5764.41811
-5743.91346
-5747.48488
-5738.93181
-5707.59044
-5724.00804
-5736.68209
-5749.23290
-5765.15692
-5757.72467
-5766.12481
-5746.80662
-5750.06228
-5781.48950
-5797.23014
-5788.60787
-5778.55038
-5761.17702
-5768.46163
-5737.07625
-5760.88024
-5755.66675
-5733.85616
-5721.75153
-5781.40192
-5772.97466
-5769.03982
-5760.21217
-5752.40046
-5767.16694
-5761.29118
-5750.93656
-5741.53368
-5719.79872
-5719.37540
-5736.03641
-5722.36035
-5735.48280
-5710.65663
-5716.26339
-5725.77465
-5716.33111
-5728.41428
-5709.03162
-5719.92371
-5704.81701
-5734.41659
-5725.41510
-5746.12326
-5776.50877
-5740.09938
-5737.22952
-5727.91556
-5703.28142
-5721.22752
-5738.65828
-5750.10917
-5737.15311
-5735.91897
-5727.47046
-5706.78058
-5702.43588
-5693.83857
-5703.19335
-5732.70779
-5736.14433
-5734.71535
-5739.72194
-5747.15605
-5716.21638
-5748.35300
-5784.66506
-5775.21772
-5754.49923
-5778.99984
-5765.27090
-5778.03225
-5745.21749
-5713.70900
-5695.66033
-5704.22843
-5703.26022
-5727.84533
-5740.45166
-5733.35087
-5735.71854
-5771.84998
-5764.23432
-5735.21146
-5755.74014
-5769.73690
-5760.30009
-5751.58742
-5735.55306
-5746.09869
-5761.08031
-5745.35117
-5746.47619
-5748.97436
-5718.43165
-5717.49007
-5752.41860
-5732.31773
-5744.66131
-5703.88324
-5707.19754
-5717.18846
-5710.08254
-5700.93055
-5720.62099
-5688.89438
-5699.28528
-5701.36297
-5720.58268
-5730.58332
-5718.58933
-5711.46410
-5705.93648
-5704.48957
-5707.60870
-5730.64041
-5764.95309
-5732.06269
-5746.14293
-5739.23342
-5747.95614
-5728.90836
-5722.49852
-5729.47841
-5741.79800
-5718.00605
-5713.08036
-5741.22004
-5763.71730
-5754.02443
-5763.65190
-5736.16403
-5753.16455
-5737.15918
-5715.57537
-5712.30186
-5732.14068
-5736.42766
-5723.34704
-5737.74439
-5742.81496
-5736.65420
-5723.50186
-5724.85663
-5722.36003
-5694.61156
-5757.43212
-5740.98582
-5732.81678
-5746.17925
-5723.53811
-5713.42925
-5730.05486
-5715.55206
-5721.15185
-5737.85984
-5693.81734
-5690.88112
-5683.05276
-5715.84985
-5737.62581
-5740.87949
-5745.94431
-5770.54512
-5742.04020
-5715.44976
-5706.02999
-5714.04579
-5748.60445
-5746.19017
-5764.92875
-5727.53366
-5740.80077
-5737.78675
-5696.34081
-5697.36878
-5711.29863
-5721.09091
-5747.40327
-5749.33558
-5730.43075
-5739.91679
-5758.73075
-5773.66120
-5756.12248
-5752.33143
-5753.99956
-5740.08588
-5751.03295
-5754.73859
-5757.16995
-5741.19910
-5731.97257
-5725.00382
-5741.07643
-5742.43332
-5731.38651
-5745.16724
-5722.23332
-5737.62174
-5757.79791
-5749.37903
-5749.30159
-5733.51056
-5749.32987
-5724.24053
-5717.47134
-5708.04268
-5754.60999
-5738.50388
-5745.94350
-5738.88584
-5753.18289
-5756.26752
-5738.55261
-5729.57757
-5737.21562
-5745.33948
-5756.33069
-5772.67294
-5750.81781
-5737.44043
-5752.14227
-5743.71100
-5742.05990
-5757.47653
-5770.84413
-5750.02058
-5744.06480
-5751.34358
-5738.62303
-5750.27971
-5743.67795
-5742.64121
-5735.11492
-5717.79264
-5714.73915
-5730.63987
-5729.19868
-5749.82403
-5754.44818
-5762.49881
-5740.71540
-5736.31308
-5742.59284
-5751.42169
-5720.97122
-5745.86445
-5758.13101
-5730.14820
-5719.25338
-5734.47094
-5729.38324
-5712.08909
-5724.97477
-5711.52224
-5692.43914
-5683.99765
-5703.25851
-5725.62346
-5757.42173
-5740.49471
-5723.12714
-5694.77901
-5721.38554
-5735.91772
-5742.17294
-5723.19640
-5736.39432
-5706.72790
-5717.05473
-5736.06702
-5749.18759
-5752.40155
-5764.54928
-5757.96308
-5761.58108
-5724.80952
-5729.59910
-5737.02744
-5771.14825
-5785.24666
-5784.93949
-5788.51720
-5764.53681
-5749.29242
-5734.77756
-5691.83116
-5712.06476
-5692.75637
-5704.03911
-5706.23259
-5742.15660
-5743.68849
-5750.87443
-5756.11454
-5723.68705
-5748.20499
-5741.88241
-5730.36481
-5732.00064
-5743.97039
-5736.46359
-5722.19034
-5724.65149
-5723.04827
-5729.81622
-5741.98407
-5735.30416
-5720.08827
-5719.11856
-5721.75700
-5723.05141
-5738.03856
-5721.36486
-5761.94356
-5741.36047
-5754.68548
-5773.06000
-5764.54979
-5782.20639
-5751.42925
-5770.13083
-5761.34384
-5742.39507
-5747.06346
-5747.87605
-5743.09029
-5731.14428
-5745.63714
-5736.58010
-5723.24778
-5733.57584
-5730.05726
-5738.91803
-5745.05797
-5742.28293
-5760.47516
-5753.22114
-5758.87673
-5775.99617
-5762.38585
-5749.86934
-5749.46255
-5749.73880
-5768.71914
-5743.55940
-5729.58874
-5719.33501
-5739.28996
-5753.10325
-5743.90414
-5730.98080
-5736.92292
-5773.98400
-5758.23647
-5748.12264
-5714.69506
-5701.85018
-5703.44887
-5726.43502
-5706.75253
-5708.94544
-5732.52558
-5773.90244
-5785.24269
-5771.81739
-5795.46364
-5796.00485
-5802.14822
-5819.70637
-5787.87289
-5799.33792
-5790.47371
-5778.28737
-5768.40104
-5751.06674
-5753.99835
-5747.56339
-5730.82880
-5743.40861
-5763.89480
-5725.87322
-5738.21446
-5755.13068
-5745.31209
-5727.49913
-5727.40966
-5745.96645
-5742.21390
-5725.40543
-5730.42576
-5763.42569
-5759.21510
-5759.11361
-5769.59763
-5785.13630
-5787.77047
-5746.09616
-5760.87830
-5734.54987
-5752.92757
-5772.97717
-5785.18807
-5760.11134
-5767.69553
-5770.37854
-5721.97230
-5767.33456
-5784.91144
-5789.11014
-5779.65215
-5737.83080
-5755.83864
-5765.33624
-5749.79585
-5749.58135
-5731.85365
-5731.78433
-5742.62824
-5770.97246
-5760.16990
-5739.57077
-5733.75098
-5712.72065
-5688.41155
-5709.43867
-5730.51610
-5765.53465
-5757.18804
-5733.40252
-5728.66765
-5749.39425
-5735.01864
-5718.50439
-5717.52486
-5721.38957
-5712.52601
-5715.35420
-5707.68416
-5731.36685
-5744.02018
-5740.81503
-5746.16262
-5756.90876
-5734.72112
-5749.41301
-5729.88592
-5717.67462
-5725.49468
-5717.48077
-5739.60261
-5728.94377
-5741.10652
-5736.86254
-5790.57335
-5757.01418
-5744.92357
-5765.58700
-5780.37120
-5769.57813
-5759.44696
-5747.55419
-5737.23251
-5743.13199
-5754.13488
-5760.92773
-5752.23259
-5741.36481
-5763.85224
-5748.66335
-5756.87904
-5756.84778
-5763.47836
-5731.57953
-5712.71483
-5721.84578
-5723.92017
-5721.64281
-5731.08727
-5762.36502
-5745.07670
-5744.80618
-5749.34938
-5752.89218
-5764.48493
-5773.64050
-5791.11270
-5756.83279
-5748.26162
-5745.72240
-5735.69477
-5708.05512
-5685.06189
-5703.36617
-5697.76207
-5702.13482
-5708.63314
-5718.08517
-5704.49892
-5726.30121
-5753.36567
-5745.96663
-5730.76144
-5737.75670
-5749.89627
-5746.38722
-5749.51329
-5739.35358
-5770.48684
-5763.05614
-5769.72312
-5763.30772
-5750.17525
-5754.66484
-5723.70162
-5724.41212
-5731.81204
-5739.91385
-5759.51728
-5769.16392
-5763.68617
-5770.31856
-5764.92346
-5752.29898
-5740.85977
-5752.84581
-5756.73374
-5766.20296
-5740.24511
-5734.62341
-5710.09825
-5737.87416
-5747.81143
-5739.23870
-5723.24910
-5715.94800
-5730.38561
-5729.48863
-5736.53882
-5729.05963
-5722.67890
-5730.73969
-5702.10444
-5700.15424
-5720.80840
-5704.27321
-5717.69937
-5718.90621
-5740.75091
-5699.72795
-5717.83332
-5752.06010
-5738.84362
-5759.76354
-5736.42069
-5718.40858
-5729.16662
-5727.67480
-5749.45334
-5750.82333
-5710.28658
-5710.11086
-5714.88493
-5745.93116
-5680.95425
-5684.11715
-5675.93649
-5686.52853
-5682.66446
-5711.90351
-5710.71651
-5726.18687
-5757.36551
-5754.22964
-5774.32347
-5779.45145
-5759.26485
-5741.60791
-5756.04063
-5744.24317
-5730.40410
-5736.14471
-5753.09629
-5737.35789
-5717.42547
-5717.25896
-5703.99583
-5699.47208
-5710.68402
-5729.77205
-5747.40550
-5736.36442
-5748.09759
-5757.81745
-5721.02112
-5705.90459
-5726.78504
-5722.71639
-5753.74719
-5762.87459
-5725.88105
-5712.76009
-5709.58249
-5703.94308
-5699.39567
-5730.15504
-5739.43190
-5726.66099
-5743.49016
-5749.12628
-5764.35552
-5783.52854
-5756.63341
-5762.43885
-5781.12635
-5765.51455
-5747.55030
-5754.60824
-5737.15030
-5748.93390
-5760.19273
-5751.87596
-5756.70845
-5728.11255
-5721.77934
-5771.85841
-5757.04102
-5753.93008
-5753.80992
-5748.22351
-5750.80582
-5749.01757
-5730.17525
-5729.91007
-5731.49861
-5738.13395
-5723.71631
-5733.70965
-5714.04343
-5713.60905
-5719.90524
-5721.69103
-5713.05317
-5729.99765
-5712.49148
-5711.11033
-5722.80173
-5727.04513
-5708.64276
-5712.05119
-5686.67026
-5690.01301
-5685.12982
-5676.66948
-5693.26127
-5709.97577
-5714.93916
-5724.52744
-5724.33474
-5722.11382
-5710.64004
-5731.24888
-5703.59794
-5701.04970
-5709.76819
-5716.17314
-5716.84674
-5721.27870
-5754.90546
-5729.61639
-5719.78118
-5730.23812
-5721.89472
-5722.76387
-5681.03497
-5698.79940
-5702.47768
-5705.37062
-5675.36876
-5663.20979
-5705.48283
-5704.52330
-5694.29033
-5711.70669
-5725.99199
-5727.79153
-5742.81339
-5728.64448
-5741.76234
-5752.74430
-5758.01367
-5766.10487
-5755.20517
-5730.41607
-5724.84372
-5742.83955
-5739.83519
-5739.99580
-5743.08012
-5716.55881
-5695.96577
-5699.62750
-5710.35840
-5691.58011
-5730.06983
-5747.56678
-5742.44338
-5731.43887
-5709.16959
-5707.86281
-5707.91817
-5676.39217
-5699.84018
-5743.50568
-5731.98229
-5725.69101
-5735.62928
-5736.13803
-5715.74003
-5700.57915
-5712.60993
-5712.88948
-5719.62672
-5751.74200
-5750.37528
-5732.92274
-5738.78325
-5767.10427
-5757.48451
-5762.06694
-5749.21203
-5759.67143
-5741.51529
-5738.71607
-5753.39426
-5753.33415
-5748.82772
-5717.00636
-5750.22774
-5781.69963
-5782.96927
-5791.48894
-5789.24226
-5813.58662
-5813.72421
-5798.86014
-5776.38442
-5796.27375
-5785.75886
-5788.01917
-5772.82108
-5733.24390
-5719.86965
-5748.89011
-5754.96118
-5766.51010
-5755.24744
-5743.53773
-5715.57406
-5722.69491
-5734.17316
-5727.84139
-5734.31754
-5689.79446
-5680.44734
-5715.90455
-5704.55511
-5720.05416
-5730.63187
-5740.80903
-5720.00682
-5736.86938
-5747.86763
-5741.41518
-5725.83226
-5748.00032
-5702.88473
-5718.78966
-5743.53869
-5713.04230
-5732.50540
-5707.40707
-5731.57559
-5771.42557
-5769.40978
-5766.68940
-5748.56798
-5749.90531
-5755.01740
-5749.09429
-5776.70187
-5762.51626
-5739.29685
-5734.61379
-5768.29472
-5757.38723
-5755.94338
-5767.47842
-5765.51248
-5733.87262
-5752.41712
-5749.14573
-5736.72569
-5724.68232
-5697.58514
-5748.66089
-5736.67514
-5757.47720
-5720.93240
-5717.48597
-5728.98819
-5765.77608
-5769.17714
-5769.90514
-5746.46224
-5762.83614
-5763.05998
-5770.88359
-5765.80532
-5766.37754
-5757.56080
-5783.37591
-5783.29488
-5747.27015
-5744.89782
-5728.95641
-5719.19261
-5713.65959
-5737.30916
-5708.79011
-5702.61596
-5716.73732
-5723.25454
-5743.08421
-5740.03593
-5737.04245
-5745.55455
-5744.32491
-5750.02289
-5754.50560
-5764.91931
-5768.78040
-5790.19491
-5803.99451
-5792.85622
-5784.07314
-5803.31889
-5801.21055
-5810.63598
-5793.68761
-5779.19600
-5754.75440
-5746.76817
-5749.00434
-5752.40255
-5743.94866
-5707.15223
-5700.67946
-5718.91896
-5701.31852
-5693.24232
-5691.33876
-5721.56017
-5722.80020
-5726.16439
-5723.42958
-5730.06658
-5755.80255
-5749.76173
-5747.26961
-5744.03446
-5736.12100
-5717.43272
-5699.86990
-5724.10692
-5704.15807
-5693.96131
-5708.63661
-5711.21040
-5699.92117
-5703.08216
-5705.04182
-5712.94136
-5701.73551
-5729.10425
-5737.89794
-5757.14527
-5741.48074
-5742.27195
-5716.03790
-5710.04257
-5742.04626
-5738.44076
-5719.62076
-5724.34021
-5765.78981
-5731.39710
-5745.65641
-5772.95895
-5765.62220
-5749.44978
-5734.47741
-5738.93337
-5753.13799
-5740.57905
-5756.34925
-5791.85468
-5761.87433
-5764.09958
-5756.97620
-5766.24640
-5777.98057
-5753.06917
-5755.45006
-5735.39315
-5721.37575
-5740.53834
-5743.77258
-5759.89025
-5752.48864
-5733.29081
-5756.35240
-5744.11442
-5744.18230
-5746.50962
-5726.67275
-5737.71921
-5742.33998
-5758.93874
-5756.05895
-5760.47851
-5752.01163
-5746.76339
-5745.75952
-5747.32630
-5739.13323
-5752.94561
-5748.93810
-5721.58667
-5722.56463
-5746.62437
-5723.52903
-5700.27651
-5698.67099
-5700.20476
-5728.30164
-5719.62670
-5715.07960
-5720.75291
-5738.15212
-5767.06899
-5739.83303
-5739.27531
-5740.26651
-5743.80385
-5735.32745
-5736.29888
-5737.91591
-5734.92564
-5757.89445
-5749.73791
-5753.46061
-5740.99750
-5717.40379
-5732.24339
-5736.63252
-5724.92878
-5719.27229
-5724.74714
-5726.22986
-5753.22131
-5749.43179
-5735.80568
-5728.21287
-5734.88799
-5713.58982
-5714.97481
-5716.08319
-5726.74454
-5734.27095
-5695.96803
-5700.42048
-5730.42275
-5743.56863
-5749.75237
-5754.82965
-5743.70658
-5720.76553
-5695.46487
-5712.84879
-5733.03289
-5753.82969
-5743.24125
-5732.19149
-5736.18270
-5733.38250
-5737.98709
-5721.63132
-5728.03880
-5735.17344
-5733.28500
-5736.93486
-5741.24748
-5729.60472
-5753.25638
-5752.83661
-5746.84290
-5777.93235
-5786.43617
-5767.35910
-5743.65461
-5729.94965
-5755.69654
-5753.18446
-5725.69766
-5714.88461
-5723.84703
-5706.21207
-5734.76877
-5773.12954
-5759.75281
-5753.00866
-5770.29295
-5740.25264
-5733.66123
-5745.59789
-5736.92573
-5707.01965
-5725.80810
-5739.47106
-5746.97957
-5779.50165
-5789.90944
-5768.59061
-5773.22296
-5782.10372
-5776.30264
-5790.82090
-5776.84139
-5775.40663
-5785.10044
-5759.60368
-5753.48830
-5762.49646
-5772.60006
-5772.11360
-5767.33625
-5748.19276
-5750.75324
-5754.72162
-5766.16931
-5750.19549
-5760.25882
-5763.04469
-5758.31019
-5758.77655
-5755.65998
-5757.87344
-5722.08994
-5726.09079
-5719.24709
-5734.16495
-5728.04228
-5723.88954
-5737.65308
-5722.14221
-5750.11094
-5739.63413
-5739.93608
-5742.64404
-5763.55950
-5752.82920
-5760.93345
-5770.03288
-5775.53352
-5765.91959
-5781.56179
-5791.10841
-5788.40032
-5792.61276
-5757.18930
-5755.69527
-5761.40684
-5749.95597
-5757.47523
-5747.10496
-5760.12935
-5752.11997
-5749.42753
-5769.95112
-5756.76241
-5736.72141
-5727.24693
-5754.27905
-5735.66635
-5751.41876
-5754.36733
-5772.22293
-5768.33934
-5777.66768
-5788.26374
-5766.29328
-5735.83716
-5732.82907
-5757.08177
-5734.38053
-5729.04904
-5780.37638
-5758.53651
-5724.16812
-5746.76516
-5729.74976
-5730.19668
-5720.53754
-5730.38607
-5744.93423
-5754.89976
-5771.04667
-5761.28302
-5741.86377
-5719.24556
-5719.98802
-5715.38702
-5728.72446
-5741.95568
-5705.47158
-5716.72893
-5743.84659
-5748.24629
-5739.55958
-5729.00713
-5723.33094
-5707.55421
-5710.53399
-5694.21304
-5686.86605
-5717.71425
-5714.72060
-5706.00364
-5714.82377
-5736.44893
-5756.79995
-5749.71768
-5751.00119
-5719.82974
-5714.02382
-5701.10236
-5732.03279
-5705.56385
-5690.39284
-5685.44330
-5687.44343
-5702.44138
-5709.65522
-5682.10719
-5695.81514
-5711.32325
-5700.23235
-5733.38096
-5750.96111
-5735.15707
-5759.66058
-5756.34441
-5741.03924
-5738.14738
-5770.85533
-5729.93850
-5736.25972
-5711.22562
-5689.13362
-5724.04343
-5713.26251
-5744.21396
-5742.57435
-5753.14497
-5737.53169
-5714.64550
-5727.14104
-5726.39358
-5744.48598
-5733.62328
-5739.74246
-5749.57468
-5750.11030
-5747.06420
-5730.95430
-5732.20219
-5750.24462
-5752.91252
-5754.25074
-5747.31466
-5753.41522
-5748.69718
-5770.76731
-5764.12900
-5769.95824
-5757.14706
-5744.75549
-5764.19309
-5733.66298
-5747.61815
-5726.73451
-5702.14944
-5710.22829
-5737.83875
-5706.93626
-5694.08514
-5715.43725
-5716.29603
-5714.85891
-5721.38805
-5734.00229
-5741.62248
-5752.65819
-5751.14783
-5749.45672
-5751.54577
-5751.61261
-5728.84086
-5762.85187
-5758.69268
-5740.77009
-5740.70817
-5725.75380
-5754.46716
-5729.45031
-5737.20905
-5753.07575
-5782.59764
-5780.69149
-5783.43292
-5766.78581
-5757.34044
-5734.70941
-5749.85768
-5762.55347
-5756.02015
-5761.76154
-5755.71777
-5744.07673
-5746.57543
-5768.73309
-5760.20511
-5774.74212
-5761.77444
-5750.24191
-5737.52102
-5744.25364
-5753.17539
-5737.30244
-5735.88262
-5737.83423
-5753.25662
-5744.13612
-5740.86123
-5738.45951
-5714.38661
-5724.04331
-5732.28154
-5759.12671
-5746.73377
-5732.05830
-5718.83037
-5711.86765
-5719.67374
-5716.99051
-5689.17413
-5672.53948
-5689.56691
-5732.47969
-5723.43545
-5747.25047
-5761.87008
-5734.87098
-5746.64905
-5770.45668
-5751.63462
-5744.20213
-5764.58722
-5738.29127
-5766.17787
-5754.56758
-5750.08336
-5755.72482
-5738.07239
-5727.47992
-5751.39178
-5765.47163
-5760.29561
-5756.25540
-5774.73820
-5736.07486
-5762.63264
-5765.50646
-5772.83470
-5734.66311
-5663.40892
-5703.46656
-5724.77078
-5724.60030
-5721.93076
-5738.03595
-5746.01515
-5726.14407
-5731.85390
-5742.41718
-5737.53231
-5764.68069
-5753.85410
-5765.57644
-5768.06708
-5757.05725
-5737.89215
-5725.33321
-5738.62613
-5748.19540
-5758.51545
-5761.81627
-5747.01094
-5738.61089
-5743.69643
-5743.49362
-5735.44394
-5752.17533
-5753.77940
-5720.85700
-5734.34193
-5749.67624
-5742.72747
-5745.91572
-5763.70836
-5743.37116
-5731.78663
-5723.83310
-5725.84565
-5725.89052
-5757.63754
-5754.17878
-5712.26189
-5717.86704
-5701.55568
-5733.11310
-5765.11190
-5772.89802
-5754.53297
-5765.97238
-5776.02513
-5759.49902
-5760.39194
-5741.49975
-5713.97688
-5715.84018
-5744.24761
-5746.10182
-5786.33511
-5802.93408
-5788.11333
-5766.43005
-5761.37598
-5723.80485
-5720.80061
-5733.46749
-5708.61924
-5726.93029
-5729.32258
-5716.98105
-5751.77319
-5741.47920
-5716.75034
-5749.95046
-5754.50398
-5791.98613
-5763.34610
-5737.32248
-5730.90209
-5730.25498
-5741.95539
-5752.25003
-5755.79475
-5718.66354
-5726.11004
-5729.78202
-5747.87246
-5725.84137
-5722.54902
-5712.12759
-5707.54490
-5726.67032
-5727.50496
-5715.68093
-5731.61663
-5745.93277
-5732.21685
-5744.41065
-5752.37446
-5707.46706
-5740.11151
-5730.35908
-5720.83002
-5703.95136
-5701.12732
-5741.13467
-5772.21110
-5784.13317
-5755.00684
-5759.42589
-5760.48930
-5755.90721
-5732.86627
-5766.24879
-5763.98097
-5762.36386
-5746.80076
-5735.22877
-5713.59286
-5747.44872
-5738.53848
-5720.00078
-5691.13318
-5706.56616
-5720.79697
-5728.29046
-5723.55034
-5756.81401
-5763.66883
-5768.39594
-5762.65658
-5753.66520
-5727.52993
-5736.34977
-5732.02256
-5719.66621
-5731.39484
-5740.70244
-5744.44210
-5715.48180
-5701.30712
-5708.52247
-5733.84656
-5708.03379
-5704.91679
-5690.27401
-5720.67725
-5736.89197
-5735.38711
-5710.95593
-5710.23019
-5693.07042
-5695.96630
-5690.57091
-5702.98467
-5682.41390
-5683.81682
-5694.61460
-5705.92256
-5740.53198
-5762.90090
-5761.71078
-5762.70701
-5735.57147
-5742.36452
-5765.73917
-5731.30207
-5724.49723
-5709.77505
-5725.90535
-5713.75230
-5722.58863
-5691.16397
-5714.90311
-5732.30639
-5741.72135
-5747.67064
-5724.04220
-5709.56792
-5711.67143
-5711.51178
-5703.94082
-5690.37767
-5705.68725
-5692.64837
-5702.34789
-5699.36190
-5716.79732
-5712.01721
-5723.51164
-5741.63013
-5731.67688
-5739.54992
-5740.44692
-5735.78837
-5722.11568
-5733.43628
-5736.03341
-5778.14869
-5742.11434
-5763.65518
-5757.87162
-5751.00159
-5750.73391
-5750.04299
-5744.59031
-5757.48660
-5736.04400
-5747.09209
-5745.57436
-5741.41516
-5756.53114
-5740.36551
-5725.44833
-5727.22820
-5746.38199
-5743.89075
-5776.54999
-5789.26067
-5787.96333
-5791.10269
-5782.83145
-5754.84525
-5734.58430
-5739.28708
-5743.57990
-5748.45045
-5767.51152
-5773.84220
-5760.75677
-5774.65888
-5764.53790
-5766.85910
-5747.25319
-5759.79593
-5762.10244
-5748.28599
-5729.77406
-5745.62251
-5749.63299
-5730.92372
-5744.85182
-5750.39777
-5727.13865
-5728.30265
-5694.21723
-5690.27617
-5700.26977
-5686.44682
-5710.64974
-5710.40089
-5669.78457
-5703.61877
-5725.33814
-5744.12909
-5733.21394
-5726.34369
-5755.90566
-5773.76213
-5770.28581
-5786.13114
-5745.41944
-5771.74935
-5775.58583
-5755.06696
-5753.01530
-5766.43602
-5759.38890
-5734.96113
-5747.36162
-5761.41952
-5758.64378
-5753.40737
-5748.49658
-5753.60043
-5745.24435
-5716.10903
-5719.31602
-5748.09975
-5771.87798
-5754.98967
-5762.26917
-5771.75532
-5759.49671
-5747.98478
-5759.45035
-5759.74146
-5744.16355
-5729.49178
-5726.42319
-5746.15075
-5721.81599
-5729.38637
-5724.94351
-5739.61229
-5750.54140
-5734.86831
-5728.36687
-5745.38286
-5742.75078
-5741.95607
-5732.18209
-5704.39942
-5692.55121
-5714.61366
-5707.33835
-5710.68195
-5702.45814
-5708.24961
-5745.38489
-5750.55100
-5786.52086
-5809.83551
-5799.29114
-5770.97246
-5773.64787
-5786.30346
-5765.89446
-5756.63318
-5743.20396
-5729.77480
-5733.36456
-5724.51305
-5733.55727
-5717.77576
-5726.04919
-5711.53554
-5694.08525
-5703.15087
-5723.03301
-5713.53655
-5742.37950
-5737.75698
-5702.06235
-5713.02517
-5730.13016
-5726.46220
-5719.87973
-5722.48767
-5697.20809
-5700.58389
-5695.54505
-5714.67603
-5737.77279
-5701.09598
-5705.35982
-5718.01477
-5716.81427
-5725.36324
-5743.89239
-5761.38684
-5717.33197
-5711.72282
-5709.85107
-5717.68132
-5726.69596
-5716.39373
-5740.76932
-5743.69177
-5749.39607
-5747.69323
-5771.43329
-5765.08722
-5755.37483
-5739.44041
-5743.96939
-5748.00033
-5748.23912
-5746.84257
-5757.28092
-5756.38291
-5748.73866
-5743.88955
-5740.16378
-5755.07360
-5767.41705
-5786.49642
-5784.32041
-5790.35354
-5792.52823
-5802.12580
-5792.74173
-5778.19047
-5796.52644
-5782.54299
-5745.48252
-5759.68674
-5779.02126
-5747.74164
-5746.10299
-5768.27905
-5777.65396
-5773.57566
-5781.50155
-5752.69874
-5754.21927
-5786.98270
-5749.39991
-5730.44104
-5723.72413
-5740.89687
-5739.84183
-5750.87438
-5730.85978
-5725.55345
-5726.37927
-5728.18244
-5706.60928
-5725.33030
-5741.47888
-5770.28862
-5748.88524
-5738.55832
-5728.10588
-5723.73287
-5735.02031
-5718.34711
-5725.54917
-5730.22790
-5722.94211
-5701.96297
-5709.71654
-5709.40411
-5722.88518
-5712.42152
-5745.38578
-5749.77901
-5715.63698
-5740.89922
-5731.41740
-5731.35655
-5756.28756
-5749.10413
-5758.20501
-5777.82735
-5784.06967
-5750.66814
-5751.81821
-5737.82243
-5744.29956
-5742.76764
-5766.67362
-5752.95223
-5757.25291
-5733.26078
-5742.11221
-5743.61449
-5725.80296
-5700.62286
-5698.82141
-5732.48254
-5717.48026
-5727.46258
-5762.16407
-5725.94516
-5748.69931
-5753.96985
-5761.99034
-5753.86706
-5759.28711
-5755.36477
-5738.18504
-5776.74808
-5749.45745
-5771.92752
-5749.93320
-5764.49274
-5751.28344
-5751.81181
-5755.31601
-5774.38367
-5777.33085
-5772.80011
-5749.20993
-5755.54373
-5770.25436
-5762.38406
-5758.13298
-5749.72993
-5753.50223
-5756.97111
-5756.52005
-5752.84184
-5758.75199
-5730.40154
-5718.15972
-5744.85945
-5741.08549
-5750.38421
-5750.11274
-5726.46000
-5716.16089
-5706.29520
-5723.19454
-5742.35493
-5739.58715
-5754.99896
-5736.61451
-5738.28752
-5725.67403
-5737.17060
-5737.02319
-5718.80763
-5733.20921
-5755.70302
-5758.73064
-5730.86458
-5741.34012
-5748.01723
-5746.93367
-5737.66052
-5755.16469
-5730.34395
-5738.57227
-5720.19392
-5678.87122
-5697.80976
-5702.55849
-5709.63327
-5727.68645
-5714.88355
-5738.51255
-5728.01292
-5729.16956
-5761.28826
-5764.74820
-5768.02156
-5780.16129
-5740.36502
-5718.73568
-5729.26499
-5696.55446
-5728.04790
-5708.93550
-5706.22708
-5710.98082
-5732.66609
-5701.96029
-5686.79887
-5709.18475
-5733.82812
-5726.68079
-5734.62117
-5724.25159
-5709.58749
-5724.06146
-5728.32822
-5724.10778
-5761.13960
-5762.48744
-5772.52439
-5778.80985
-5750.20865
-5740.15900
-5742.31891
-5739.83225
-5711.96867
-5735.40389
-5718.43953
-5709.74200
-5718.34380
-5719.84390
-5753.66993
-5751.17300
-5776.67557
-5772.21531
-5782.02973
-5759.49450
-5744.85802
-5733.51415
-5739.89821
-5752.70873
-5746.57496
-5709.14634
-5732.93891
-5745.08122
-5753.66605
-5738.07082
-5757.02277
-5763.11804
-5739.07350
-5727.74561
-5749.47247
-5776.00686
-5768.38988
-5741.59385
-5726.16149
-5703.53847
-5747.69157
-5736.49457
-5734.06401
-5760.64107
-5760.18747
-5759.26537
-5750.85505
-5748.57932
-5754.85503
-5736.53308
-5739.42943
-5733.91762
-5724.67451
-5672.90236
-5697.84740
-5715.58656
-5708.34518
-5720.25706
-5718.58103
-5729.66802
-5738.69880
-5709.98767
-5693.36461
-5719.80704
-5703.84560
-5721.96095
-5736.72138
-5762.37138
-5743.65955
-5738.85384
-5756.13012
-5736.33040
-5726.90294
-5739.04347
-5720.02807
-5717.81339
-5729.82625
-5713.88978
-5748.75124
-5709.16042
-5725.66956
-5743.02785
-5736.66577
-5764.31188
-5743.53335
-5735.16534
-5712.36060
-5742.08054
-5767.38088
-5758.75005
-5772.97351
-5757.15919
-5740.82947
-5740.66402
-5729.80749
-5719.68062
-5710.08471
-5710.17283
-5717.52945
-5744.05247
-5756.25177
-5732.26428
-5715.90243
-5725.09849
-5768.53477
-5749.47241
-5736.56799
-5772.12340
-5744.74373
-5740.11867
-5746.64700
-5705.68350
-5724.21589
-5728.42017
-5758.66492
-5733.94486
-5766.02791
-5770.94961
-5752.20916
-5747.87230
-5755.64783
-5746.69168
-5777.81534
-5751.18292
-5755.33589
-5754.96319
-5742.48027
-5735.40573
-5721.68796
-5705.15488
-5687.66276
-5685.16603
-5694.76390
-5741.74266
-5742.24067
-5742.22815
-5713.04263
-5726.34146
-5747.46462
-5744.35104
-5735.77430
-5729.94433
-5714.11199
-5733.65372
-5715.59332
-5728.39145
-5720.43758
-5733.98485
-5752.47215
-5757.80651
-5744.71229
-5734.48510
-5741.58039
-5726.84545
-5717.37495
-5713.92872
-5714.76526
-5717.01093
-5708.14901
-5739.05582
-5739.25031
-5725.35487
-5732.40768
-5729.37894
-5747.27306
-5752.69730
-5737.89594
-5750.17121
-5740.65810
-5737.87638
-5733.32290
-5728.30513
-5724.26296
-5725.00987
-5742.39741
-5761.76279
-5766.40484
-5773.19888
-5750.11395
-5721.02823
-5709.38588
-5711.42958
-5701.43373
-5724.09677
-5706.18290
-5737.63722
-5713.46984
-5708.95372
-5719.63919
-5737.99235
-5750.52487
-5742.73295
-5752.04957
-5738.47391
-5720.28653
-5702.71897
-5694.73357
-5676.60016
-5705.77851
-5717.94011
-5748.00497
-5762.81916
-5783.49965
-5788.07745
-5802.15105
-5761.46154
-5757.79130
-5777.29895
-5760.18190
-5738.66872
-5760.65708
-5727.73812
-5738.59993
-5743.35891
-5703.62065
-5709.89565
-5708.65794
-5703.45596
-5719.54720
-5742.99352
-5717.99352
-5729.31624
-5732.07313
-5741.45311
-5723.45517
-5727.90411
-5736.33644
-5744.29006
-5757.42105
-5738.59188
-5746.30944
-5733.75538
-5716.93532
-5745.05694
-5742.56393
-5748.70447
-5732.34676
-5725.32903
-5749.00200
-5758.07226
-5771.89749
-5743.27989
-5751.50522
-5755.68295
-5775.68752
-5759.57370
-5755.43050
-5762.73909
-5743.24860
-5737.68857
-5709.55339
-5718.30870
-5724.12656
-5736.64008
-5733.74788
-5748.90839
-5749.31633
-5733.25936
-5726.47505
-5721.27159
-5752.89831
-5766.32645
-5772.31047
-5769.63392
-5796.97670
-5742.21070
-5745.86404
-5733.19055
-5757.21056
-5732.44189
-5736.48909
-5737.76401
-5737.87400
-5725.52904
-5727.62392
-5723.33937
-5722.09820
-5721.27093
-5749.97824
-5740.95971
-5745.82105
-5759.10531
-5755.47339
-5751.34661
-5735.73207
-5755.41212
-5726.37794
-5766.76837
-5769.43895
-5763.81986
-5763.87500
-5765.56254
-5764.28469
-5757.38474
-5755.83802
-5735.73261
-5749.93659
-5744.16584
-5749.18623
-5745.31667
-5745.59552
-5746.43049
-5737.97798
-5755.62413
-5755.71188
-5717.12934
-5768.20586
-5770.38873
-5763.55061
-5774.39621
-5758.96567
-5741.78973
-5788.28384
-5769.89728
-5763.94281
-5745.00279
-5756.32147
-5737.40721
-5736.10375
-5761.42889
-5753.75328
-5751.20692
-5746.76955
-5741.42072
-5752.67927
-5770.51672
-5747.16496
-5759.52151
-5770.61692
-5766.80980
-5753.38223
-5763.11739
-5741.95989
-5739.59030
-5724.34695
-5741.93154
-5737.66715
-5711.58124
-5739.90535
-5793.68340
-5785.44483
-5776.16901
-5775.61480
-5770.24623
-5776.82529
-5780.70386
-5754.57191
-5743.90011
-5749.09745
-5724.53531
-5732.60833
-5731.80795
-5749.35019
-5744.58815
-5749.65263
-5754.21502
-5760.97787
-5762.48673
-5765.84184
-5708.94683
-5705.99227
-5712.93760
-5682.09363
-5686.57229
-5670.24302
-5685.19515
-5707.67970
-5694.72832
-5711.45626
-5720.18955
-5704.35208
-5694.21814
-5716.37668
-5689.35508
-5697.91339
-5720.99485
-5744.95084
-5755.80146
-5735.80776
-5730.09602
-5728.69746
-5715.67317
-5715.80079
-5722.99651
-5743.14990
-5737.16256
-5774.42211
-5738.97658
-5743.33641
-5742.13791
-5725.05605
-5718.31518
-5748.19447
-5762.40118
-5742.70714
-5736.79095
-5728.43529
-5730.00465
-5714.25504
-5706.33513
-5699.72096
-5697.90382
-5727.10741
-5740.09382
-5776.41964
-5754.46827
-5737.15389
-5753.87530
-5775.98485
-5779.47690
-5774.30346
-5763.48469
-5760.69144
-5762.74970
-5762.53089
-5751.70494
-5753.05835
-5763.56893
-5705.46126
-5691.73459
-5695.05751
-5695.06856
-5685.39772
-5705.71748
-5714.33890
-5723.93710
-5710.32627
-5740.90866
-5717.71697
-5709.87417
-5717.35568
-5726.01462
-5717.52098
-5690.42505
-5723.55190
-5732.26699
-5738.08082
-5735.37193
-5743.70450
-5727.42464
-5712.90348
-5714.17914
-5719.34544
-5750.07989
-5713.46537
-5733.41324
-5715.72523
-5737.13346
-5728.26971
-5754.94930
-5726.03903
-5718.99193
-5753.14018
-5744.75493
-5744.70123
-5769.80040
-5812.26741
-5807.67257
-5813.51240
-5788.29757
-5791.05753
-5798.24274
-5784.96625
-5777.33428
-5753.42539
-5751.88531
-5739.39699
-5749.38501
-5729.33103
-5715.57509
-5741.05006
-5724.50575
-5709.47060
-5704.14434
-5707.14200
-5715.61817
-5724.78836
-5704.38154
-5736.42708
-5732.48732
-5718.79919
-5715.82505
-5721.25311
-5695.73255
-5728.16172
-5728.89439
-5757.92294
-5758.76485
-5772.75511
-5780.39420
-5746.90386
-5737.14062
-5712.41737
-5735.51222
-5726.57396
-5744.62181
-5726.76161
-5727.87836
-5754.84433
-5742.27494
-5738.91182
-5718.27963
-5712.49300
-5730.76356
-5728.01380
-5712.78953
-5699.86862
-5722.28745
-5733.72872
-5742.97156
-5749.58226
-5740.94301
-5734.67459
-5744.47476
-5748.16608
-5716.40218
-5720.05886
-5724.84871
-5709.86431
-5703.53855
-5697.72570
-5701.50812
-5737.02767
-5719.22571
-5729.06768
-5771.42181
-5744.26573
-5758.01752
-5748.08468
-5764.19014
-5732.60090
-5740.40088
-5739.43901
-5750.93100
-5762.76825
-5763.69280
-5771.20483
-5731.79290
-5737.26631
-5727.12852
-5724.45600
-5705.73860
-5712.56899
-5738.80260
-5723.62516
-5731.72501
-5738.35746
-5760.16385
-5765.79102
-5754.86053
-5735.12509
-5737.96335
-5709.77089
-5719.31169
-5699.11038
-5706.32596
-5718.42724
-5762.36601
-5742.04679
-5783.87716
-5785.51901
-5759.06415
-5765.41310
-5761.56881
-5775.55002
-5778.13188
-5754.95414
-5786.11624
-5776.68481
-5754.96763
-5746.02281
-5742.72086
-5723.98306
-5758.09661
-5743.08854
-5747.02364
-5774.07607
-5769.97758
-5778.64375
-5800.33943
-5794.17988
-5803.31863
-5822.56461
-5805.36035
-5769.27961
-5766.41272
-5742.64120
-5726.52971
-5711.25861
-5695.55782
-5678.52359
-5704.05873
-5713.64705
-5718.59486
-5731.28856
-5738.29946
-5743.57972
-5714.06091
-5711.01322
-5722.56079
-5727.27192
-5750.37861
-5755.10931
-5735.03787
-5730.37344
-5757.39366
-5721.44774
-5677.47936
-5677.08635
-5688.89956
-5722.85192
-5738.94296
-5740.50417
-5764.74445
-5771.95992
-5775.03738
-5795.90070
-5767.71299
-5774.73769
-5745.75113
-5752.69227
-5757.40071
-5755.83939
-5741.24402
-5719.97604
-5735.55706
-5736.02732
-5727.26471
-5705.22776
-5734.66167
-5756.66596
-5736.09892
-5722.92635
-5700.15136
-5712.92952
-5699.16927
-5712.15478
-5717.21611
-5727.23740
-5745.93314
-5721.07757
-5699.80792
-5707.65862
-5736.20641
-5744.48249
-5765.45697
-5749.93159
-5772.78128
-5777.21099
-5780.82496
-5780.53797
-5763.03446
-5817.76323
-5791.84226
-5781.14791
-5758.44664
-5753.51379
-5739.93021
-5729.53872
-5727.59249
-5711.88129
-5720.00580
-5740.00906
-5730.47859
-5708.03418
-5691.68310
-5719.68993
-5721.76655
-5715.06175
-5748.03168
-5738.55217
-5747.04990
-5744.57430
-5748.59020
-5755.29435
-5759.17739
-5754.76049
-5773.80469
-5768.84073
-5767.23520
-5764.66493
-5774.50710
-5770.23885
-5797.32951
-5786.64613
-5779.52725
-5762.51636
-5730.18864
-5740.50572
-5731.73875
-5732.04601
-5748.24430
-5756.98043
-5779.62830
-5774.68232
-5767.22233
-5779.56076
-5756.62210
-5755.68676
-5747.24883
-5749.64481
-5735.69461
-5727.74296
-5730.76726
-5732.30574
-5752.19679
-5750.75419
-5753.76538
-5756.53343
-5773.02543
-5778.09550
-5758.38237
-5776.22465
-5794.04275
-5795.15189
-5784.83157
-5788.39393
-5789.73311
-5770.07361
-5775.56801
-5752.79741
-5749.64209
-5743.17149
-5738.11475
-5739.47887
-5773.10167
-5767.69604
-5746.30789
-5730.01586
-5714.96975
-5716.80451
-5727.86206
-5769.50278
-5758.49362
-5750.67075
-5754.10183
-5746.37813
-5748.06631
-5765.34770
-5755.18256
-5775.15262
-5762.25380
-5744.42156
-5715.70092
-5732.87706
-5722.53055
-5730.91448
-5735.17703
-5756.60227
-5768.91628
-5746.63100
-5758.78442
-5753.05954
-5727.65625
-5719.58911
-5706.92196
-5736.32017
-5743.59339
-5775.74836
-5780.62130
-5735.47400
-5761.91081
-5763.06785
-5770.60798
-5775.34050
-5764.69982
-5761.19512
-5792.93712
-5784.44774
-5752.10312
-5768.52981
-5781.35264
-5758.65617
-5767.97407
-5754.19634
-5771.37908
-5748.75827
-5757.73561
-5767.71264
-5753.91775
-5761.63912
-5757.58774
-5764.08557
-5746.06042
-5753.89302
-5736.85914
-5708.91052
-5720.54656
-5737.18059
-5734.53864
-5718.54679
-5711.47687
-5707.49258
-5719.53233
-5721.17149
-5725.16018
-5748.91394
-5747.37269
-5744.62180
-5745.13525
-5758.66692
-5751.23307
-5758.07344
-5747.48637
-5740.22066
-5707.68005
-5701.04554
-5699.18637
-5723.88908
-5739.37756
-5710.94188
-5722.77252
-5735.02993
-5749.30414
-5734.94679
-5780.21713
-5765.89045
-5761.61468
-5750.46592
-5746.29439
-5737.73268
-5767.45889
-5775.73785
-5760.84794
-5749.52299
-5759.48705
-5787.32730
-5788.11552
-5767.35831
-5788.47513
-5777.22925
-5794.18919
-5793.31412
-5776.85109
-5762.42155
-5718.03699
-5715.04885
-5718.07507
-5714.58081
-5733.16008
-5738.21715
-5762.00690
-5775.10586
-5767.05047
-5749.24055
-5743.38310
-5744.49400
-5762.13453
-5721.10493
-5726.38855
-5746.63882
-5737.68744
-5743.92485
-5750.59262
-5757.08524
-5735.99973
-5736.31363
-5772.44234
-5770.21384
-5767.79762
-5788.31126
-5764.65166
-5759.01945
-5763.41770
-5748.10801
-5744.90356
-5745.78412
-5769.04175
-5772.36334
-5746.18584
-5743.96466
-5745.82109
-5761.75591
-5730.07477
-5720.01001
-5738.06440
-5720.65888
-5712.32363
-5738.23931
-5742.66627
-5756.69263
-5761.60300
-5751.02519
-5757.19617
-5740.27963
-5734.55673
-5729.36544
-5721.71657
-5734.61378
-5748.59682
-5756.73644
-5733.25721
-5765.42072
-5720.22888
-5697.19660
-5705.93812
-5712.18750
-5674.84485
-5708.00996
-5728.82132
-5735.08496
-5723.24653
-5741.96628
-5718.21938
-5711.61017
-5727.77847
-5761.77155
-5763.34013
-5731.90299
-5738.23187
-5750.75288
-5758.94312
-5734.84563
-5739.74245
-5741.15018
-5752.91271
-5751.33783
-5716.13286
-5700.36286
-5706.49273
-5702.85767
-5729.09799
-5711.03742
-5725.02375
-5741.70908
-5754.95497
-5770.27880
-5752.12721
-5750.91393
-5724.17366
-5738.23274
-5733.43193
-5728.39091
-5729.77933
-5719.22788
-5709.49839
-5730.67274
-5744.71466
-5761.09843
-5725.44120
-5725.07554
-5754.55907
-5781.20367
-5764.66354
-5729.82273
-5757.22263
-5738.25241
-5752.13076
-5714.06532
-5730.18143
-5722.72700
-5728.58392
-5740.98921
-5748.13660
-5745.05062
-5738.95825
-5733.70485
-5744.74905
-5758.11910
-5749.01363
-5735.87997
-5737.69986
-5745.19400
-5726.14079
-5726.80293
-5741.95543
-5771.14881
-5764.49275
-5784.38388
-5791.13303
-5773.87075
-5787.41674
-5799.03847
-5789.62533
-5775.18416
-5787.96274
-5780.63391
-5760.60486
-5775.27066
-5740.85486
-5727.40295
-5716.92354
-5758.90632
-5749.89041
-5750.56925
-5748.46585
-5757.10168
-5730.35298
-5756.08254
-5761.46581
-5762.44274
-5759.85467
-5777.45197
-5749.77381
-5732.11215
-5757.78892
-5750.75866
-5751.04540
-5735.68359
-5727.36503
-5716.70050
-5709.40399
-5683.67018
-5679.60242
-5689.36682
-5689.68083
-5698.14126
-5678.89201
-5683.97472
-5712.83594
-5717.22783
-5690.53767
-5716.30275
-5726.33471
-5730.50928
-5735.71959
-5738.68821
-5731.95699
-5717.60213
-5717.32184
-5727.59377
-5718.15962
-5731.36128
-5725.96445
-5735.13597
-5738.80490
-5752.03083
-5734.82596
-5755.05097
-5763.89752
-5761.13546
-5768.54804
-5763.47764
-5775.95273
-5784.23312
-5794.54701
-5776.59747
-5795.08887
-5791.94191
-5777.35523
-5777.89117
-5754.90693
-5734.36212
-5743.10684
-5747.17353
-5751.66197
-5749.32394
-5744.93286
-5708.75922
-5684.31600
-5722.06658
-5714.69051
-5728.31009
-5760.73239
-5734.37560
-5721.43169
-5720.05018
-5722.75321
-5712.14136
-5693.64752
-5713.39161
-5690.08377
-5709.70782
-5675.32439
-5660.14555
-5701.77254
-5707.17122
-5719.70736
-5711.56779
-5718.28446
-5710.71878
-5725.59968
-5717.38901
-5707.26638
-5722.56676
-5748.06383
-5749.05006
-5740.03490
-5728.24582
-5698.69004
-5721.33636
-5699.97172
-5709.04427
-5716.38662
-5702.10157
-5692.59146
-5704.34119
-5744.77330
-5751.52620
-5750.24290
-5715.52399
-5720.28634
-5740.87733
-5720.52094
-5751.08033
-5750.48230
-5758.21560
-5759.63989
-5757.15183
-5732.19825
-5729.33667
-5740.30335
-5750.73090
-5747.37193
-5730.07157
-5717.96705
-5708.78095
-5714.08126
-5715.76902
-5706.18069
-5690.94263
-5722.45948
-5726.61003
-5722.88752
-5718.43788
-5709.14375
-5678.43119
-5711.67033
-5699.25236
-5739.33688
-5729.68699
-5711.35531
-5707.08814
-5732.89583
-5759.45918
-5738.00291
-5739.40385
-5737.93987
-5738.99005
-5683.72055
-5689.24877
-5737.66936
-5743.94374
-5758.04115
-5746.50485
-5756.84390
-5729.64440
-5727.90712
-5735.63948
-5724.92065
-5701.93303
-5724.24037
-5711.73801
-5707.98496
-5710.57640
-5701.10085
-5703.19694
-5691.80496
-5705.12619
-5736.16663
-5726.25327
-5713.29278
-5734.55749
-5735.83533
-5724.17963
-5716.17764
-5731.13825
-5744.68548
-5728.73382
-5745.28529
-5738.70318
-5726.58870
-5733.23720
-5746.56951
-5752.15299
-5758.04862
-5740.98213
-5745.24127
-5740.75791
-5708.29016
-5735.17984
-5721.21924
-5742.54266
-5750.69176
-5734.32079
-5752.95216
-5737.78906
-5759.87364
-5774.27153
-5752.47246
-5755.90357
-5769.09490
-5778.98073
-5799.70453
-5785.89582
-5760.27304
-5772.31490
-5737.20151
-5752.06410
-5724.57791
-5770.76796
-5782.26060
-5796.48710
-5779.44737
-5758.52907
-5758.88254
-5760.27454
-5756.48324
-5752.29213
-5741.93137
-5758.49289
-5759.12672
-5769.49326
-5768.07482
-5753.62572
-5752.48830
-5743.61288
-5726.80829
-5729.97273
-5741.56275
-5740.51437
-5758.80925
-5751.20359
-5734.95260
-5734.91425
-5733.86693
-5703.88842
-5699.60485
-5712.85653
-5732.63140
-5728.53962
-5708.53485
-5732.18402
-5757.17675
-5726.03215
-5745.29843
-5728.04308
-5747.59992
-5752.57595
-5736.76629
-5730.18600
-5734.21876
-5722.33638
-5747.61001
-5739.78080
-5734.36055
-5762.35210
-5765.34715
-5717.41026
-5744.03468
-5756.19260
-5766.76603
-5783.88208
-5790.85984
-5740.73591
-5712.97049
-5717.83853
-5726.25612
-5738.56568
-5749.28280
-5715.09106
-5720.08571
-5720.04868
-5716.16599
-5726.40942
-5717.31771
-5716.48343
-5724.42321
-5723.04215
-5727.32136
-5743.36510
-5726.61961
-5734.86075
-5730.80650
-5737.60654
-5737.20910
-5734.62417
-5741.13683
-5742.63033
-5751.73414
-5752.51088
-5735.23735
-5747.64790
-5738.05590
-5726.07957
-5732.36711
-5730.30710
-5742.47552
-5747.64646
-5720.93021
-5729.17281
-5734.91719
-5735.14031
-5744.82467
-5771.59303
-5754.30719
-5765.12978
-5741.38533
-5723.00489
-5739.95898
-5719.57571
-5716.82335
-5727.14924
-5720.27083
-5775.04668
-5775.50454
-5763.23910
-5763.75940
-5761.66594
-5748.78416
-5793.42894
-5775.48727
-5769.48279
-5757.94185
-5761.38630
-5747.86812
-5756.83151
-5772.08663
-5757.89651
-5764.38042
-5747.92252
-5745.35286
-5759.56921
-5764.57982
-5748.28109
-5750.39093
-5776.94145
-5748.97247
-5774.73367
-5774.89468
-5769.56048
-5755.43634
-5741.38916
-5735.88721
-5740.49155
-5734.20010
-5727.41377
-5718.23703
-5741.50300
-5767.96843
-5763.36649
-5779.38884
-5770.68303
-5747.21153
-5743.24052
-5729.24479
-5730.25275
-5734.10807
-5737.01015
-5715.71427
-5725.40920
-5710.25532
-5711.79080
-5746.72843
-5743.36468
-5744.02092
-5706.28226
-5711.59495
-5718.62830
-5726.54115
-5745.76232
-5750.39810
-5739.10876
-5724.57820
-5736.43330
-5735.44170
-5729.51389
-5725.05698
-5721.70380
-5728.64203
-5735.41609
-5740.00126
-5747.86275
-5744.18077
-5755.97559
-5756.97872
-5793.41030
-5781.10547
-5775.63037
-5780.73517
-5760.22535
-5714.85134
-5718.03532
-5734.99843
-5744.03802
-5747.07441
-5770.65512
-5765.73023
-5756.73013
-5736.11902
-5734.16307
-5756.65560
-5747.42423
-5766.90536
-5751.48783
-5740.95199
-5730.66468
-5767.69353
-5746.03848
-5768.49765
-5762.73977
-5745.67609
-5728.08362
-5731.01028
-5718.24682
-5712.73097
-5721.71296
-5726.06155
-5734.04109
-5742.65116
-5766.61690
-5768.40723
-5741.64701
-5751.26845
-5745.93818
-5750.55429
-5780.01127
-5781.07645
-5768.86607
-5757.53792
-5755.55828
-5753.18087
-5759.87970
-5742.22485
-5769.85938
-5749.21982
-5762.35124
-5720.19303
-5725.07066
-5730.74518
-5715.03027
-5664.66652
-5675.86888
-5690.88308
-5714.05439
-5717.35850
-5729.41659
-5745.90166
-5732.18788
-5746.22724
-5741.94435
-5721.53057
-5746.48081
-5758.39881
-5752.90076
-5749.36584
-5723.83362
-5748.53190
-5752.68516
-5716.95264
-5740.01615
-5748.03845
-5738.96117
-5753.70394
-5753.69034
-5753.50369
-5749.34394
-5733.52790
-5751.45138
-5760.75195
-5750.63491
-5740.15787
-5733.63913
-5718.01645
-5704.59015
-5716.82121
-5696.84714
-5726.29194
-5754.32807
-5761.17460
-5789.88450
-5788.72478
-5768.78956
-5743.03807
-5746.61576
-5714.64759
-5704.67321
-5733.38663
-5729.56883
-5745.44887
-5740.37243
-5737.44917
-5737.33941
-5762.22941
-5750.78532
-5749.73864
-5735.72168
-5735.38635
-5761.89677
-5765.78003
-5766.58427
-5727.33083
-5706.62843
-5745.43726
-5740.02417
-5746.01189
-5769.10591
-5755.48413
-5755.26073
-5752.91733
-5755.07924
-5785.35211
-5803.69045
-5764.23334
-5758.84515
-5755.85445
-5784.68010
-5749.38118
-5715.48007
-5739.24278
-5750.66481
-5730.81213
-5700.50349
-5687.98206
-5712.85859
-5715.81221
-5691.21273
-5679.76269
-5688.54839
-5691.88807
-5705.61358
-5725.88124
-5740.77890
-5760.84152
-5757.63069
-5758.21159
-5767.89968
-5766.69225
-5748.09354
-5769.40448
-5759.59316
-5752.48474
-5766.65498
-5748.28299
-5769.56547
-5774.18182
-5762.67244
-5767.05282
-5761.23670
-5750.08513
-5752.74945
-5744.42163
-5717.40341
-5730.74064
-5711.60539
-5716.76693
-5733.95579
-5721.75160
-5757.47440
-5758.16531
-5729.71062
-5722.45547
-5735.95100
-5753.10667
-5766.18783
-5745.79055
-5715.10719
-5734.44566
-5735.79111
-5698.76601
-5706.88821
-5709.85728
-5732.39657
-5722.56118
-5718.30003
-5720.00039
-5725.57228
-5702.94696
-5736.64794
-5738.42369
-5738.83208
-5701.95415
-5732.12988
-5749.59805
-5786.27531
-5748.53872
-5747.13865
-5741.54159
-5752.59080
-5762.45178
-5759.00433
-5756.89054
-5742.79253
-5721.52890
-5717.42931
-5739.79080
-5724.43113
-5718.57798
-5719.44095
-5743.19161
-5745.72923
-5744.72519
-5735.54528
-5760.73878
-5746.92249
-5721.39194
-5715.96323
-5737.82987
-5751.19217
-5739.98141
-5729.77939
-5738.97595
-5734.02568
-5760.44460
-5750.94001
