-5914.88971
-5926.15854
-5937.55234
-5937.98257
-5925.92151
-5935.16046
-5919.66993
-5917.33641
-5939.60272
-5923.62332
-5907.66741
-5900.72951
-5889.20031
-5895.83133
-5894.96901
-5889.67807
-5878.93396
-5876.46579
-5885.10051
-5891.50370
-5890.75612
-5915.46982
-5913.54287
-5915.37615
-5920.46389
-5922.81376
-5914.92670
-5914.00381
-5915.93714
-5919.20713
-5931.81669
-5936.91994
-5953.08196
-5956.41943
-5940.64086
-5921.23089
-5938.75313
-5940.11219
-5962.49960
-5961.88801
-5967.57586
-5990.91133
-5989.15117
-5990.19898
-6001.03902
-5999.59462
-5996.85462
-5984.76377
-5972.56489
-5979.91764
-5942.26042
-5929.64561
-5933.59047
-5948.03744
-5929.12871
-5908.19014
-5911.40628
-5911.51065
-5892.03514
-5891.60923
-5880.61745
-5895.61101
-5907.21819
-5915.98591
-5898.03887
-5904.27710
-5905.40922
-5909.67005
-5915.42024
-5922.49657
-5913.58386
-5948.48909
-5956.75566
-5959.23690
-5939.04918
-5911.33125
-5913.47015
-5933.56681
-5939.65886
-5929.76784
-5906.31552
-5905.50799
-5915.93076
-5915.93364
-5920.95818
-5910.52350
-5929.41422
-5926.42947
-5955.74493
-5950.53514
-5971.47350
-5970.21683
-5978.57676
-5960.16900
-5954.11121
-5954.38810
-5954.18083
-5960.31065
-5946.39142
-5925.94598
-5917.35786
-5932.66791
-5939.21738
-5921.71193
-5912.45698
-5916.43166
-5937.79896
-5936.93379
-5919.78859
-5893.48658
-5901.56260
-5904.69784
-5912.12910
-5914.26735
-5904.93502
-5908.05676
-5916.60251
-5929.80118
-5945.86412
-5951.12060
-5962.27825
-5947.33078
-5953.21472
-5940.29772
-5918.54965
-5913.35879
-5934.91877
-5929.71076
-5948.98211
-5920.89993
-5929.53451
-5912.39094
-5917.52669
-5918.88997
-5935.70352
-5948.00244
-5942.01045
-5945.66974
-5943.76631
-5927.82507
-5907.27600
-5929.16056
-5924.25219
-5918.68637
-5925.37948
-5933.27491
-5926.45889
-5934.39382
-5934.36885
-5921.18560
-5902.64411
-5891.03668
-5907.14337
-5917.67379
-5908.17865
-5904.53588
-5909.71013
-5897.03172
-5899.76057
-5913.08259
-5911.39760
-5882.81221
-5883.35209
-5892.09701
-5900.92262
-5913.07429
-5906.70693
-5907.81264
-5931.72060
-5918.84093
-5920.31588
-5911.18679
-5911.46719
-5911.49914
-5908.19575
-5907.21996
-5902.08598
-5910.74714
-5920.69161
-5920.70223
-5895.86962
-5920.25313
-5915.01082
-5921.41442
-5922.66142
-5905.06015
-5888.10009
-5885.18653
-5912.57596
-5916.80134
-5921.14182
-5925.51352
-5911.45461
-5911.10488
-5928.99383
-5925.58001
-5930.36031
-5936.76338
-5949.27950
-5950.77235
-5928.39655
-5926.18608
-5918.57507
-5899.36294
-5915.21167
-5911.97686
-5906.73299
-5918.19856
-5925.13513
-5935.90528
-5918.34498
-5915.48833
-5894.99740
-5926.23165
-5915.32267
-5912.54193
-5895.94481
-5913.00638
-5907.29369
-5928.71260
-5924.89260
-5930.78083
-5934.95312
-5919.71291
-5920.80769
-5913.30052
-5942.60820
-5930.98353
-5918.80812
-5928.44072
-5937.06804
-5922.22834
-5929.90632
-5931.08178
-5919.41287
-5922.04265
-5949.61034
-5935.25059
-5925.28326
-5915.84162
-5925.10027
-5907.85772
-5931.85111
-5918.77703
-5932.54213
-5939.57165
-5947.76915
-5937.16726
-5946.57572
-5933.76435
-5923.86147
-5927.93058
-5941.96356
-5944.45127
-5940.86415
-5952.60164
-5945.53876
-5953.54903
-5958.83241
-5940.42015
-5937.21668
-5949.89562
-5942.83417
-5926.42562
-5916.28575
-5919.96391
-5914.22524
-5929.39834
-5918.73386
-5922.71142
-5938.43425
-5925.03858
-5932.66351
-5935.90052
-5950.93288
-5940.93652
-5954.80418
-5933.93515
-5939.19429
-5920.52359
-5908.49440
-5918.38801
-5918.91606
-5912.65145
-5911.17347
-5908.39580
-5923.09034
-5905.13628
-5924.86107
-5927.33714
-5912.02799
-5915.22197
-5899.84012
-5894.90141
-5919.10878
-5939.08055
-5917.53946
-5911.38734
-5929.90541
-5937.28511
-5945.36087
-5921.74856
-5921.82486
-5934.37803
-5943.38434
-5941.68325
-5935.20091
-5947.33250
-5960.83108
-5951.17954
-5936.26353
-5928.99861
-5948.24359
-5941.01852
-5924.43145
-5897.95731
-5901.84056
-5900.37704
-5886.03630
-5916.79449
-5918.08641
-5905.45680
-5901.16295
-5915.49250
-5950.88210
-5930.63110
-5912.41206
-5900.39346
-5907.78614
-5911.24497
-5922.23696
-5931.08574
-5930.15821
-5936.63266
-5937.79643
-5932.19425
-5929.42789
-5908.97206
-5930.71747
-5926.24123
-5924.01603
-5933.26404
-5933.82100
-5933.84157
-5930.35840
-5932.32869
-5923.16139
-5903.29514
-5917.80327
-5943.99705
-5954.12273
-5933.08087
-5927.37358
-5922.42054
-5934.40484
-5943.71263
-5929.95091
-5932.74011
-5924.23762
-5922.73812
-5899.66757
-5903.94324
-5892.92874
-5897.50326
-5921.72971
-5924.70027
-5946.72878
-5941.60158
-5929.88229
-5930.22540
-5931.29207
-5951.17951
-5959.18028
-5985.96710
-5969.14662
-5969.94141
-5982.20356
-5972.81780
-5979.37928
-5978.47831
-5984.37752
-5960.01967
-5939.75908
-5927.68056
-5933.37743
-5914.92026
-5917.70002
-5942.95234
-5938.56360
-5922.61035
-5921.03378
-5924.01644
-5942.10654
-5928.84616
-5918.36889
-5894.99816
-5901.09895
-5938.06054
-5925.23970
-5924.31745
-5926.54816
-5942.19118
-5909.44232
-5928.74810
-5942.19514
-5942.11249
-5936.64955
-5941.90366
-5946.80034
-5938.06926
-5939.50968
-5933.50580
-5931.18527
-5945.82994
-5955.91796
-5932.01574
-5919.86085
-5952.23754
-5941.03649
-5940.05336
-5948.39700
-5949.07137
-5947.72368
-5941.73493
-5954.51675
-5943.74668
-5921.01768
-5933.26269
-5931.59015
-5912.02464
-5932.47633
-5924.16485
-5925.69895
-5900.99564
-5905.79443
-5892.85919
-5886.36838
-5918.05912
-5907.20938
-5920.90757
-5928.33072
-5919.94673
-5907.72323
-5879.35293
-5875.21373
-5904.48535
-5895.25603
-5913.98802
-5889.38681
-5884.58435
-5892.35837
-5894.98021
-5903.17925
-5902.72057
-5888.19889
-5880.05579
-5883.23038
-5880.17619
-5876.61020
-5873.30561
-5895.11993
-5883.50611
-5866.30925
-5871.60413
-5869.74130
-5888.22315
-5856.36135
-5857.49862
-5885.45917
-5892.29825
-5910.45601
-5910.28817
-5890.84739
-5888.91188
-5917.50023
-5930.47874
-5933.23440
-5945.74788
-5947.45516
-5922.38047
-5944.52274
-5941.49138
-5952.03841
-5961.62937
-5959.07784
-5925.66031
-5921.77503
-5906.71153
-5916.96423
-5897.58017
-5890.36534
-5882.79049
-5873.99117
-5867.30667
-5877.58175
-5887.22550
-5885.67042
-5885.85363
-5925.21390
-5920.25397
-5920.86659
-5910.79749
-5912.16469
-5898.20998
-5889.52628
-5895.10584
-5899.87167
-5899.44821
-5917.40506
-5923.96041
-5927.01545
-5915.18639
-5913.18690
-5910.55212
-5935.50265
-5941.36747
-5943.01015
-5932.59784
-5953.06071
-5945.93003
-5952.33897
-5932.51765
-5915.62754
-5916.76745
-5926.59554
-5903.69685
-5904.50556
-5914.79151
-5911.97919
-5916.28832
-5922.58539
-5913.09060
-5905.61422
-5912.16204
-5908.83475
-5903.02385
-5877.33335
-5888.76222
-5902.11212
-5883.08685
-5888.84967
-5898.27855
-5905.41392
-5902.46907
-5877.96369
-5879.65887
-5870.30068
-5897.43236
-5899.88754
-5896.27141
-5894.27929
-5886.37773
-5903.12731
-5895.26106
-5894.57207
-5872.74437
-5898.48044
-5893.32278
-5876.51497
-5864.59807
-5869.19365
-5882.15552
-5865.76358
-5867.93803
-5882.25490
-5874.40982
-5881.71447
-5880.31190
-5889.49537
-5889.31686
-5882.15165
-5860.64057
-5867.97321
-5873.43476
-5855.82648
-5846.78002
-5864.38018
-5880.24666
-5871.39160
-5871.11068
-5890.89289
-5877.64820
-5872.65793
-5881.27885
-5898.64834
-5887.59636
-5886.71654
-5884.22081
-5879.49206
-5890.95953
-5929.13162
-5927.76302
-5935.23282
-5950.72248
-5939.99926
-5939.06327
-5928.07690
-5941.97324
-5953.74676
-5942.67534
-5944.94292
-5971.69586
-5957.13403
-5952.87420
-5934.48971
-5950.11018
-5953.36992
-5954.22512
-5962.60466
-5962.15747
-5952.89417
-5946.20226
-5939.56055
-5903.40803
-5925.33211
-5923.60130
-5931.73075
-5932.21883
-5930.77236
-5925.20807
-5913.72184
-5919.95048
-5930.88354
-5924.47973
-5929.25157
-5927.15623
-5941.93520
-5930.47120
-5941.96360
-5926.02806
-5928.36925
-5907.02378
-5920.37318
-5912.45146
-5912.47733
-5922.63297
-5914.67178
-5901.27009
-5876.97312
-5869.57050
-5876.99650
-5888.59884
-5893.86361
-5892.12120
-5886.73641
-5876.25877
-5871.61746
-5896.47612
-5885.03644
-5889.71948
-5876.89703
-5883.45615
-5900.68417
-5922.67545
-5914.19912
-5916.47770
-5937.54183
-5917.28135
-5908.86048
-5888.51549
-5901.32537
-5902.13087
-5902.66758
-5896.66643
-5900.15333
-5889.35556
-5894.13787
-5864.93563
-5883.43301
-5873.51009
-5875.42927
-5870.07736
-5883.28649
-5883.49226
-5902.56452
-5897.31341
-5898.85863
-5895.26358
-5895.14290
-5889.87950
-5896.90863
-5902.60910
-5890.11285
-5903.21678
-5903.67888
-5890.81224
-5891.66479
-5885.37412
-5899.86203
-5908.86292
-5910.80256
-5912.49512
-5888.59066
-5901.24647
-5901.34391
-5905.40830
-5904.21603
-5893.74280
-5894.52838
-5888.04027
-5885.82692
-5911.19879
-5911.14513
-5918.13757
-5919.06156
-5918.65197
-5929.86719
-5902.86713
-5891.04521
-5909.32559
-5910.71097
-5919.17484
-5901.48193
-5883.66046
-5894.78886
-5907.39555
-5902.00117
-5880.45615
-5889.18345
-5878.91481
-5864.91397
-5865.36552
-5875.79161
-5877.22040
-5880.79315
-5891.18190
-5915.16959
-5898.96413
-5907.08353
-5903.65137
-5900.08471
-5881.97915
-5891.01657
-5895.85092
-5902.34831
-5894.62505
-5928.58941
-5922.83188
-5925.39486
-5935.31083
-5936.59320
-5938.41099
-5912.05122
-5923.52628
-5926.30234
-5933.91284
-5926.94888
-5916.35492
-5923.50382
-5931.81406
-5926.94424
-5953.01546
-5970.03297
-5957.75753
-5959.87974
-5974.07214
-5951.24216
-5961.58487
-5968.24336
-5984.20696
-6010.46564
-5987.65746
-5977.37014
-5983.97417
-5968.89519
-5968.01439
-5961.52207
-5970.40715
-5965.11735
-5981.23736
-5977.78172
-5955.68534
-5934.93677
-5941.07134
-5934.76939
-5927.88808
-5917.46881
-5932.90905
-5932.92730
-5932.42320
-5951.57483
-5929.29549
-5918.19079
-5918.02119
-5899.12347
-5923.90103
-5921.97645
-5928.97979
-5936.96896
-5927.57160
-5935.34794
-5942.06832
-5931.25071
-5924.31513
-5936.91052
-5912.70998
-5898.20598
-5889.52092
-5880.59483
-5880.73888
-5897.39433
-5915.10233
-5930.85579
-5924.23684
-5918.47640
-5918.40720
-5927.04386
-5946.93589
-5964.54233
-5958.00366
-5928.40062
-5942.66267
-5962.17426
-5952.53354
-5920.03433
-5925.45675
-5931.31718
-5921.43711
-5936.60931
-5940.95617
-5923.66464
-5913.89396
-5947.80526
-5958.44391
-5954.33777
-5959.89553
-5951.96264
-5965.86545
-5959.01786
-5976.19697
-5974.77537
-5976.69120
-5978.07639
-5987.52807
-5992.39644
-5998.41561
-5997.25559
-5980.72128
-5981.30501
-5986.04459
-5975.93568
-5974.22053
-5978.98537
-5973.43295
-5983.39720
-5957.95381
-5936.12430
-5939.60413
-5919.95427
-5922.81517
-5918.84483
-5940.04991
-5918.94631
-5902.01180
-5891.59981
-5903.00362
-5898.50221
-5887.10254
-5888.16310
-5867.10406
-5890.38406
-5890.76987
-5894.36670
-5887.62043
-5879.10876
-5881.61736
-5878.68642
-5893.76832
-5894.34403
-5897.44094
-5896.62659
-5886.94966
-5871.30040
-5886.11324
-5904.12865
-5898.58031
-5905.23223
-5926.21969
-5905.43058
-5898.51309
-5895.17069
-5903.98608
-5912.99935
-5891.48012
-5901.82757
-5906.31836
-5893.74120
-5925.16611
-5914.00923
-5925.84089
-5909.27002
-5919.94000
-5904.88423
-5901.61648
-5910.44003
-5923.77736
-5919.19788
-5924.11045
-5906.09328
-5897.76669
-5911.72736
-5916.12046
-5913.29690
-5896.87273
-5902.39889
-5899.54896
-5915.65357
-5915.48281
-5916.19462
-5929.13382
-5928.60793
-5922.17021
-5941.64284
-5929.39731
-5917.14825
-5932.76725
-5891.04338
-5873.76231
-5872.14743
-5884.89013
-5874.20355
-5899.42703
-5897.04631
-5906.29426
-5897.43862
-5894.28385
-5897.63440
-5898.61511
-5895.24369
-5888.82214
-5898.02107
-5879.68806
-5887.05289
-5876.59352
-5908.12001
-5908.84092
-5907.76803
-5903.96789
-5924.38545
-5918.12404
-5917.09997
-5909.51682
-5911.70642
-5919.70179
-5897.50444
-5895.47572
-5899.53665
-5920.24371
-5915.46698
-5932.91499
-5933.28607
-5942.77851
-5952.30543
-5957.87166
-5962.72460
-5951.22813
-5940.79213
-5934.33760
-5948.30223
-5939.13534
-5919.06122
-5933.11671
-5949.42690
-5932.52013
-5919.18905
-5917.13158
-5928.27854
-5929.44539
-5914.48152
-5929.63249
-5952.37809
-5949.77486
-5963.24691
-5950.78474
-5934.68389
-5930.86817
-5939.89624
-5936.66829
-5943.51318
-5951.56134
-5942.45212
-5965.28010
-5986.04212
-5985.25547
-5999.70816
-5995.03782
-5974.83439
-5968.28909
-5969.28228
-5970.66117
-5962.47399
-5963.47267
-5946.54532
-5947.89098
-5929.68612
-5921.77107
-5924.91342
-5937.49580
-5951.95356
-5934.41278
-5947.47291
-5945.38533
-5951.01192
-5954.64511
-5959.34213
-5955.22584
-5945.25594
-5944.22275
-5970.15308
-5959.00192
-5960.49515
-5973.15364
-5971.50738
-5947.86546
-5936.67411
-5938.29572
-5947.20547
-5919.39433
-5924.57650
-5944.39499
-5960.27444
-5946.98877
-5947.29995
-5943.11972
-5931.29102
-5937.39374
-5950.72804
-5940.90362
-5935.89894
-5936.92052
-5941.44265
-5953.67226
-5925.88743
-5939.48810
-5926.94997
-5945.82422
-5944.87809
-5947.09732
-5948.91695
-5953.43210
-5936.00754
-5941.07659
-5945.57922
-5962.82122
-5959.74342
-5958.03943
-5949.26038
-5948.98582
-5932.50133
-5933.20035
-5937.43728
-5942.97124
-5944.42049
-5917.04089
-5901.58835
-5899.94816
-5907.70141
-5919.41253
-5906.12466
-5912.57906
-5909.86957
-5900.77347
-5912.31681
-5918.11714
-5908.85013
-5906.02550
-5932.09336
-5939.02117
-5936.82205
-5922.20178
-5914.76565
-5911.37164
-5907.34086
-5898.84238
-5889.45174
-5903.58683
-5891.71328
-5892.53650
-5885.25288
-5892.99805
-5891.92248
-5900.22306
-5905.81723
-5899.90208
-5888.97458
-5908.69481
-5910.66317
-5908.34085
-5906.73780
-5894.89763
-5919.47073
-5910.90552
-5909.25423
-5902.90891
-5894.63519
-5878.97486
-5886.21296
-5901.42246
-5909.64592
-5913.66097
-5915.56800
-5914.93581
-5910.07269
-5921.69177
-5918.43508
-5910.82388
-5899.95083
-5919.40439
-5911.82135
-5913.02128
-5923.42213
-5933.74360
-5942.91817
-5957.11075
-5928.21263
-5929.24246
-5948.21233
-5943.51880
-5924.51615
-5939.41996
-5928.48720
-5906.30678
-5919.09761
-5909.24363
-5918.42533
-5915.89402
-5905.36816
-5911.89358
-5920.24228
-5916.64535
-5924.14795
-5905.10740
-5897.48786
-5924.80233
-5919.36497
-5927.61038
-5924.09276
-5922.36026
-5909.06333
-5906.54582
-5923.00870
-5934.63296
-5922.92202
-5915.36352
-5927.42142
-5919.25256
-5912.23861
-5936.21052
-5931.64997
-5941.42148
-5936.87571
-5938.07792
-5938.08933
-5937.54007
-5937.21661
-5939.16555
-5940.03165
-5928.51169
-5931.36811
-5898.33484
-5902.66805
-5897.13976
-5902.18381
-5906.65328
-5915.07612
-5911.55004
-5919.92233
-5902.37127
-5926.10045
-5900.56280
-5919.43277
-5915.12999
-5921.65631
-5907.56410
-5884.94334
-5884.30692
-5881.17883
-5877.23728
-5881.10019
-5904.04013
-5885.90633
-5895.77173
-5924.84436
-5930.07289
-5937.91802
-5905.13212
-5908.62030
-5905.45001
-5913.70636
-5929.69815
-5929.68127
-5930.61582
-5914.53463
-5939.91996
-5936.96555
-5924.17671
-5932.08588
-5921.13728
-5918.18173
-5910.14999
-5888.87987
-5890.61132
-5901.61515
-5908.81349
-5895.65611
-5912.74207
-5936.86997
-5926.71138
-5927.90354
-5927.04758
-5931.93089
-5948.58683
-5953.23795
-5962.32976
-5949.95932
-5950.49962
-5966.64727
-5936.19780
-5927.09181
-5921.00360
-5935.76752
-5953.86316
-5944.66122
-5945.03290
-5944.54184
-5940.11397
-5915.83286
-5906.33365
-5930.09542
-5908.56076
-5879.93035
-5890.79634
-5915.65326
-5891.86429
-5906.93149
-5908.88484
-5921.46928
-5917.03907
-5911.74280
-5912.70334
-5901.44963
-5910.59431
-5897.11062
-5911.25702
-5912.04492
-5917.53292
-5921.21030
-5920.04606
-5906.21611
-5914.44803
-5945.31292
-5925.13450
-5925.50092
-5935.17631
-5946.66837
-5950.35971
-5950.65345
-5963.73043
-5967.36291
-5963.37713
-5935.10816
-5953.00481
-5954.83481
-5967.95570
-5975.25869
-5953.92962
-5955.81086
-5933.98547
-5940.39601
-5950.42153
-5956.87162
-5954.88068
-5951.68409
-5941.18064
-5940.97947
-5941.85985
-5967.63216
-5954.94557
-5928.17543
-5916.92643
-5913.35049
-5935.78127
-5928.15547
-5956.72695
-5948.22321
-5945.83303
-5950.91872
-5935.33488
-5925.06275
-5938.35099
-5923.22020
-5916.03519
-5957.84401
-5940.35931
-5936.52883
-5907.47169
-5895.55132
-5898.02058
-5919.06017
-5922.35752
-5903.81348
-5913.35843
-5914.97175
-5943.11957
-5929.20683
-5935.37688
-5934.76660
-5918.17766
-5907.79299
-5882.48998
-5887.93299
-5894.11270
-5880.14223
-5873.98997
-5891.50580
-5885.39073
-5901.34150
-5892.67584
-5898.19009
-5896.31493
-5897.62978
-5915.13243
-5906.57358
-5877.56531
-5897.05647
-5914.72094
-5914.43558
-5905.21265
-5921.48768
-5916.01137
-5918.90135
-5934.32683
-5930.06042
-5925.64655
-5910.20240
-5904.29038
-5920.55376
-5905.48008
-5903.19036
-5899.60519
-5924.75083
-5935.57193
-5905.53274
-5899.05490
-5879.32355
-5874.88078
-5877.34452
-5868.90925
-5877.59347
-5905.93145
-5881.43518
-5854.97337
-5890.67258
-5867.65791
-5897.29567
-5886.90227
-5900.33491
-5915.68007
-5905.76213
-5894.63099
-5884.67215
-5886.88019
-5882.74971
-5881.82899
-5873.03939
-5911.93515
-5889.11060
-5893.34744
-5873.34522
-5882.10639
-5883.09330
-5876.83498
-5880.21983
-5882.20963
-5894.34954
-5897.03574
-5890.04109
-5885.55492
-5891.06263
-5897.13360
-5897.83349
-5910.15067
-5896.91840
-5911.54683
-5911.87504
-5910.66087
-5912.91500
-5904.10528
-5901.67359
-5866.39293
-5871.26806
-5896.83084
-5876.10157
-5895.84125
-5902.71359
-5903.17394
-5899.97837
-5897.19014
-5909.89822
-5905.35990
-5906.80544
-5899.26154
-5919.93747
-5928.97334
-5923.33509
-5933.30944
-5920.49325
-5913.33574
-5932.80372
-5911.12431
-5912.77117
-5927.52505
-5925.64135
-5942.19325
-5957.55760
-5963.93471
-5957.49408
-5945.65211
-5916.22607
-5911.12460
-5917.79189
-5913.91931
-5917.86830
-5927.37337
-5914.49923
-5919.10388
-5925.47666
-5915.81230
-5915.34277
-5935.78599
-5935.68968
-5917.57147
-5894.08301
-5895.81117
-5907.01331
-5913.03811
-5905.26763
-5895.46374
-5901.65834
-5907.63428
-5888.03226
-5915.39605
-5906.30395
-5913.21770
-5913.44086
-5906.96037
-5910.90793
-5922.84869
-5911.81321
-5886.56019
-5903.64666
-5910.17422
-5906.84167
-5905.08201
-5908.30710
-5925.54128
-5936.93955
-5916.18087
-5887.86009
-5907.57699
-5925.96645
-5945.07134
-5946.32941
-5942.17316
-5928.54355
-5921.71866
-5922.69865
-5917.99567
-5920.85792
-5923.66473
-5932.53949
-5913.82244
-5907.35059
-5900.72205
-5903.42135
-5899.52713
-5896.45561
-5900.48360
-5897.34956
-5898.07655
-5897.81668
-5917.76188
-5935.62543
-5927.26397
-5940.74466
-5948.60983
-5932.99410
-5904.33573
-5914.18608
-5907.60825
-5922.92140
-5925.24111
-5921.04374
-5907.96323
-5912.43664
-5906.55205
-5909.99722
-5906.58795
-5908.51630
-5929.80042
-5922.66390
-5938.22037
-5930.22801
-5929.42365
-5932.88566
-5923.96721
-5942.94671
-5926.78899
-5918.73568
-5926.41611
-5950.84884
-5947.80683
-5958.57589
-5943.72038
-5927.78258
-5941.53473
-5937.19941
-5933.12920
-5920.21652
-5912.75457
-5922.42970
-5915.61489
-5900.42749
-5910.52933
-5907.00108
-5926.83166
-5935.54262
-5902.76454
-5924.42593
-5888.21988
-5912.92913
-5909.17522
-5916.88108
-5921.63988
-5894.64014
-5886.23340
-5909.58907
-5916.93361
-5900.60094
-5904.91725
-5903.57711
-5925.92010
-5918.26309
-5888.48500
-5906.89584
-5912.45993
-5910.93813
-5916.70539
-5927.40153
-5944.12989
-5933.11900
-5911.02672
-5929.48086
-5947.87887
-5963.78987
-5963.29028
-5961.98934
-5941.74308
-5945.64529
-5935.52016
-5963.01612
-5940.23863
-5951.43043
-5957.14210
-5953.75042
-5958.78030
-5963.27263
-5964.76102
-5966.74826
-5958.51998
-5956.49539
-5965.01615
-5955.51309
-5966.40498
-5960.34161
-5958.85933
-5951.31207
-5953.42721
-5951.57460
-5965.26323
-5954.47335
-5946.68800
-5953.53003
-5943.86806
-5957.32920
-5966.63040
-5987.37506
-5987.70978
-5974.75788
-5962.67242
-5957.90014
-5958.96453
-5954.62199
-5966.52331
-5956.14057
-5959.63247
-5953.96845
-5953.06032
-5939.13195
-5940.93730
-5934.77578
-5950.23502
-5938.96896
-5942.59501
-5928.69012
-5940.24546
-5915.71107
-5919.36361
-5909.06993
-5906.33494
-5915.86027
-5900.14578
-5894.17614
-5896.35330
-5902.04641
-5879.35928
-5895.59549
-5882.76283
-5890.56832
-5879.31365
-5920.41724
-5926.17344
-5911.25135
-5902.95265
-5920.60037
-5927.25860
-5919.87086
-5921.79527
-5907.86905
-5894.81047
-5902.39799
-5899.68499
-5904.80602
-5892.18108
-5881.55024
-5890.47253
-5875.01084
-5862.35948
-5856.40239
-5874.50755
-5867.72097
-5901.19722
-5880.57137
-5886.06233
-5873.78007
-5897.60233
-5910.25736
-5891.67283
-5900.56307
-5904.96213
-5920.92792
-5938.48545
-5938.57184
-5928.61378
-5913.60022
-5917.99594
-5910.23945
-5907.19994
-5896.04034
-5886.61086
-5907.81395
-5911.65671
-5884.32027
-5892.42425
-5918.37874
-5900.87929
-5894.42099
-5899.69025
-5886.94529
-5888.52132
-5877.08980
-5878.98379
-5877.81345
-5880.02787
-5881.59000
-5861.75992
-5904.46316
-5889.92122
-5904.90416
-5890.65309
-5902.77854
-5904.60784
-5905.37793
-5902.54857
-5901.51182
-5866.76399
-5889.37555
-5888.89003
-5910.96799
-5887.43269
-5891.46934
-5880.09242
-5867.95138
-5862.89963
-5827.64638
-5866.80108
-5888.52674
-5861.31794
-5842.85409
-5854.58437
-5849.72483
-5871.28657
-5879.25467
-5878.93395
-5876.02093
-5892.54963
-5874.68503
-5862.17160
-5882.13618
-5887.10581
-5901.28080
-5888.18138
-5896.11520
-5907.37169
-5908.30188
-5907.04970
-5899.54273
-5880.92341
-5894.27569
-5905.91721
-5900.88553
-5921.45754
-5906.15210
-5919.22206
-5929.65076
-5927.52216
-5896.34775
-5910.43872
-5906.31920
-5916.51707
-5896.81630
-5906.29965
-5912.27095
-5901.31909
-5895.91141
-5898.68622
-5895.05978
-5877.68102
-5895.41584
-5881.28373
-5880.38262
-5880.78240
-5893.27175
-5903.20668
-5888.74367
-5877.06942
-5894.15374
-5905.26589
-5898.62389
-5917.23974
-5906.96169
-5866.88667
-5870.30115
-5876.31581
-5877.80098
-5889.83951
-5909.19179
-5896.34646
-5896.63854
-5914.83616
-5907.46590
-5924.12076
-5896.59602
-5910.70929
-5923.03206
-5943.44993
-5932.14881
-5911.86899
-5911.25024
-5902.54609
-5908.88052
-5899.20029
-5908.23455
-5911.95063
-5911.19840
-5893.38168
-5912.33989
-5912.92132
-5934.17561
-5921.66069
-5941.40380
-5929.27507
-5941.46244
-5931.56342
-5925.58636
-5920.57710
-5926.03035
-5926.98349
-5930.47745
-5930.32382
-5933.75995
-5922.57718
-5919.86227
-5894.72810
-5919.43862
-5907.82880
-5914.61693
-5930.02760
-5929.00744
-5923.96927
-5921.19657
-5927.48890
-5922.25715
-5931.85388
-5951.18439
-5929.26315
-5937.92020
-5930.63480
-5953.53652
-5956.96017
-5947.95111
-5947.04775
-5950.06601
-5946.39351
-5951.53435
-5958.42208
-5923.44280
-5927.77254
-5940.85092
-5909.99310
-5920.21857
-5925.16439
-5912.71999
-5922.34940
-5926.39442
-5936.29701
-5946.43988
-5951.63159
-5952.34021
-5967.09112
-5957.52345
-5951.99853
-5951.81848
-5947.14440
-5946.64613
-5940.95678
-5952.82661
-5929.27688
-5923.38575
-5938.28589
-5937.71251
-5931.26333
-5920.76540
-5940.40486
-5932.12582
-5956.79131
-5953.13196
-5937.46996
-5920.12025
-5914.27390
-5906.80402
-5907.79800
-5883.63202
-5886.19783
-5883.44790
-5905.40904
-5894.68288
-5890.48310
-5899.49758
-5905.59112
-5884.57053
-5878.60487
-5878.99921
-5903.64252
-5892.79035
-5890.60943
-5898.51981
-5906.64981
-5901.62549
-5917.60044
-5901.74440
-5900.74998
-5926.81942
-5929.27911
-5913.85997
-5923.56239
-5927.07119
-5920.10794
-5940.80994
-5930.35686
-5915.71089
-5936.74828
-5922.95769
-5914.23091
-5934.99138
-5924.20928
-5911.29608
-5878.38846
-5887.75415
-5887.46235
-5887.62817
-5896.19261
-5901.17785
-5904.72319
-5891.42983
-5892.57505
-5890.39351
-5884.73862
-5900.53147
-5894.24993
-5897.34568
-5919.62060
-5918.39144
-5960.57315
-5932.28414
-5928.50828
-5921.66006
-5943.22270
-5915.07588
-5927.73316
-5907.45147
-5932.20517
-5938.44693
-5948.99939
-5940.51603
-5917.63363
-5926.91834
-5925.30864
-5923.48876
-5936.60716
-5921.43873
-5912.86810
-5918.09387
-5924.69275
-5916.81051
-5896.23275
-5889.80973
-5899.20104
-5917.73476
-5933.73426
-5942.51914
-5923.35056
-5910.63421
-5915.89355
-5911.97966
-5913.46529
-5925.18702
-5905.63718
-5907.13544
-5899.88448
-5891.37033
-5911.21038
-5924.69041
-5898.32123
-5907.65754
-5875.71000
-5909.61537
-5896.76168
-5894.50747
-5926.99085
-5912.37921
-5935.17092
-5908.86744
-5899.28539
-5898.77844
-5924.73003
-5919.53257
-5924.69641
-5922.02456
-5897.89114
-5887.82600
-5910.92382
-5920.44652
-5935.33914
-5943.59009
-5923.27342
-5931.49388
-5910.03658
-5922.60081
-5921.81308
-5930.60095
-5930.44256
-5921.63246
-5930.56831
-5919.51300
-5905.98185
-5893.85604
-5874.11696
-5900.33004
-5879.79145
-5881.82165
-5891.46137
-5907.86477
-5902.47463
-5908.79342
-5898.77241
-5910.47919
-5922.57073
-5904.55089
-5888.92194
-5921.86452
-5917.01180
-5915.86075
-5913.76412
-5903.01313
-5886.88882
-5877.41797
-5884.09372
-5888.67323
-5900.46525
-5906.55583
-5925.93004
-5897.94468
-5916.67449
-5886.87499
-5910.25851
-5922.90084
-5932.07988
-5945.62774
-5958.21110
-5953.75598
-5939.54002
-5941.23039
-5933.38466
-5919.76744
-5925.29827
-5945.46558
-5931.61413
-5928.94053
-5939.58457
-5936.18888
-5935.93994
-5925.55045
-5915.80872
-5917.04900
-5918.16581
-5930.72565
-5938.57989
-5960.81171
-5932.04556
-5947.00047
-5947.69002
-5937.76359
-5962.61211
-5977.01903
-5974.82063
-5967.56067
-5963.76278
-5967.44549
-5969.74448
-5956.56950
-5960.54716
-5954.83512
-5943.19849
-5944.04133
-5940.34354
-5963.44452
-5959.70815
-5959.57910
-5954.21683
-5956.47426
-5952.71865
-5931.42483
-5929.25266
-5918.97963
-5921.59998
-5938.23387
-5920.93770
-5937.56715
-5916.87803
-5931.39497
-5930.39468
-5927.69100
-5922.41093
-5913.23230
-5918.07321
-5916.44793
-5903.24343
-5894.37021
-5892.99527
-5906.14537
-5915.90515
-5912.75554
-5926.37940
-5917.59786
-5909.48970
-5902.79321
-5908.78542
-5917.31112
-5925.62064
-5923.54307
-5940.82816
-5925.35097
-5937.98519
-5916.36029
-5943.01127
-5930.18568
-5922.01115
-5911.81703
-5889.39675
-5871.82548
-5871.21499
-5860.72183
-5889.77069
-5864.40517
-5877.49955
-5884.94399
-5888.75960
-5877.98202
-5883.35064
-5884.35678
-5916.74987
-5910.46461
-5920.22705
-5944.40822
-5950.84061
-5961.11202
-5942.78548
-5951.54099
-5949.22622
-5968.74536
-5961.92594
-5966.73808
-5961.15711
-5977.52716
-5950.56451
-5956.82674
-5958.20050
-5955.87880
-5944.86901
-5950.02047
-5935.32321
-5921.14822
-5934.60761
-5944.89636
-5957.92534
-5978.72294
-5970.77657
-5976.16196
-5958.40605
-5953.83663
-5958.58088
-5964.10391
-5958.10254
-5961.54172
-5958.48665
-5947.07531
-5948.91086
-5959.52241
-5961.02164
-5947.24246
-5967.01401
-5973.38124
-5990.16622
-5980.13562
-5978.09973
-5993.60558
-5989.95229
-5987.26971
-5973.95065
-5955.07209
-5952.12705
-5950.90197
-5962.08602
-5948.27005
-5933.20569
-5933.33169
-5936.02100
-5952.59170
-5947.22050
-5929.91995
-5926.70848
-5909.61379
-5913.32684
-5920.05707
-5909.15668
-5902.21869
-5885.42419
-5897.34623
-5913.66656
-5897.34791
-5929.43527
-5936.94910
-5939.04678
-5944.22279
-5923.41556
-5927.94618
-5918.91945
-5920.22763
-5909.31206
-5933.70724
-5920.09620
-5915.19467
-5915.74969
-5906.81551
-5914.61873
-5919.28161
-5936.43675
-5937.19339
-5954.89484
-5955.19719
-5942.83917
-5956.39967
-5937.10153
-5932.76420
-5962.12752
-5965.36431
-5953.62097
-5959.12106
-5951.26119
-5943.47451
-5942.85307
-5931.47391
-5918.67059
-5944.04570
-5934.51228
-5938.00723
-5928.31514
-5915.20581
-5910.92750
-5913.83293
-5909.31828
-5898.35028
-5889.43713
-5914.49794
-5916.15023
-5920.36563
-5907.16678
-5919.43984
-5932.76343
-5921.81367
-5900.54782
-5906.67177
-5909.64620
-5900.29864
-5907.05594
-5904.34733
-5911.99597
-5907.48418
-5899.45332
-5898.83734
-5886.32815
-5926.46091
-5917.08656
-5928.48234
-5913.92124
-5908.91664
-5887.00302
-5882.56116
-5907.67631
-5905.48174
-5913.42649
-5930.77501
-5941.69947
-5933.14255
-5918.58972
-5918.33448
-5924.95108
-5929.40037
-5932.15367
-5894.31061
-5933.25977
-5922.35169
-5942.59757
-5922.13045
-5913.22103
-5920.68301
-5927.99831
-5923.25932
-5945.12603
-5936.81981
-5936.20006
-5941.16956
-5937.05084
-5929.87799
-5937.32196
-5943.67643
-5939.33313
-5936.84370
-5932.13853
-5939.77757
-5914.98909
-5927.01557
-5924.27267
-5908.21262
-5928.20121
-5933.31971
-5948.22923
-5941.72647
-5936.97163
-5939.21849
-5931.94076
-5926.64523
-5947.69900
-5959.66317
-5949.12815
-5962.72837
-5951.47219
-5950.80141
-5970.54223
-5954.55865
-5949.13749
-5967.31868
-5962.84567
-5957.93482
-5955.67081
-5950.03694
-5942.63637
-5930.26696
-5936.38603
-5937.12430
-5933.30072
-5949.29452
-5944.91450
-5933.75835
-5929.84050
-5931.55063
-5944.46690
-5972.18267
-5961.39177
-5945.93471
-5936.25417
-5938.63792
-5960.97114
-5937.94171
-5917.97494
-5926.79319
-5917.23665
-5915.22132
-5934.20678
-5917.11474
-5914.00509
-5936.84069
-5925.77475
-5923.27292
-5933.69209
-5952.76648
-5921.34713
-5933.48367
-5931.49888
-5923.67538
-5915.48150
-5923.50239
-5938.97213
-5951.58814
-5949.67861
-5944.68270
-5932.03968
-5919.58843
-5916.83315
-5928.36873
-5939.27309
-5950.16230
-5947.85743
-5950.02683
-5932.90541
-5926.36322
-5931.04209
-5931.01302
-5923.73987
-5939.38881
-5936.98051
-5935.46336
-5931.88905
-5935.38338
-5944.64250
-5951.29725
-5943.11595
-5933.09154
-5937.42334
-5936.90337
-5906.97783
-5934.16403
-5931.87234
-5946.43009
-5948.40756
-5934.33411
-5915.68512
-5916.78622
-5928.29030
-5918.38249
-5905.73970
-5912.40666
-5917.76454
-5898.35614
-5892.83379
-5907.89482
-5921.89025
-5918.84661
-5921.11888
-5885.59270
-5865.35041
-5887.04006
-5882.49572
-5873.28353
-5867.76868
-5894.98741
-5899.04346
-5907.15752
-5917.55304
-5889.95084
-5886.22478
-5922.21008
-5931.91600
-5935.67839
-5921.99613
-5927.51990
-5914.48426
-5900.77697
-5879.01249
-5904.27933
-5908.00481
-5936.70995
-5936.13667
-5924.18686
-5932.04992
-5931.96148
-5947.51185
-5947.69728
-5936.91774
-5931.48417
-5952.97173
-5953.98321
-5941.59588
-5933.91386
-5947.25217
-5931.38860
-5912.75291
-5895.56436
-5898.32318
-5905.94711
-5905.33706
-5908.99622
-5889.63734
-5906.83713
-5920.67706
-5898.89673
-5889.96637
-5887.01730
-5888.34929
-5910.29696
-5906.49730
-5896.54732
-5916.96324
-5895.92055
-5906.37086
-5903.96050
-5921.39020
-5919.94557
-5934.83880
-5918.89571
-5928.54468
-5921.42264
-5942.41540
-5936.41991
-5963.74383
-5967.09879
-5969.52860
-5958.76729
-5965.06072
-5946.44908
-5943.94633
-5937.71468
-5930.24287
-5938.95178
-5953.44516
-5937.02474
-5927.55057
-5916.51108
-5912.60216
-5923.77609
-5917.35451
-5894.39690
-5900.04021
-5899.03232
-5930.28796
-5926.96123
-5899.17853
-5895.17572
-5895.69515
-5880.22384
-5909.61451
-5916.52110
-5916.51593
-5920.85594
-5924.05123
-5906.16087
-5900.31743
-5913.34944
-5915.98224
-5934.55276
-5928.45463
-5934.78228
-5936.08929
-5941.19520
-5942.88778
-5929.31059
-5939.40992
-5956.34671
-5945.40367
-5933.43146
-5934.37794
-5952.68347
-5950.64777
-5952.33545
-5952.39679
-5959.38557
-5964.95952
-5952.08835
-5952.46558
-5955.41756
-5947.34199
-5951.71252
-5942.22148
-5945.71583
-5943.93075
-5954.29063
-5941.43231
-5923.13203
-5929.35488
-5934.00665
-5927.70338
-5912.31053
-5925.75095
-5898.07040
-5897.00973
-5896.72088
-5908.36470
-5923.52939
-5919.87927
-5920.09841
-5902.65284
-5889.58639
-5894.52568
-5908.98179
-5900.02438
-5911.19918
-5907.65834
-5911.60739
-5925.07190
-5928.78061
-5906.85243
-5924.50581
-5916.19678
-5919.10623
-5943.53175
-5951.15687
-5948.12880
-5947.78689
-5943.45367
-5950.90632
-5944.82523
-5939.79264
-5945.79829
-5956.26046
-5934.38661
-5939.62823
-5910.97616
-5902.25825
-5891.40842
-5901.84994
-5898.18996
-5900.45678
-5898.17964
-5911.66063
-5906.50107
-5889.68167
-5910.29291
-5911.29601
-5917.07965
-5912.11084
-5934.91706
-5944.04791
-5927.51841
-5920.56755
-5924.77732
-5927.75662
-5932.78509
-5934.86153
-5916.72463
-5916.25552
-5921.69568
-5915.64633
-5889.27377
-5903.82018
-5895.80978
-5915.58821
-5919.47341
-5888.43342
-5896.39018
-5893.83010
-5898.23142
-5914.66546
-5899.02093
-5892.87495
-5889.99888
-5892.23042
-5886.02430
-5882.92297
-5898.96547
-5880.90737
-5905.53209
-5902.42384
-5920.77653
-5919.30267
-5927.13382
-5930.10813
-5936.92220
-5927.50181
-5935.82372
-5939.10666
-5940.36206
-5950.32523
-5939.91681
-5940.57492
-5936.50915
-5942.17321
-5932.82004
-5904.28769
-5912.02586
-5942.27902
-5937.94757
-5942.92990
-5941.54908
-5926.99175
-5923.21991
-5926.15034
-5934.99436
-5931.40981
-5912.25590
-5920.15814
-5907.75406
-5921.92214
-5926.92872
-5916.99748
-5913.49153
-5907.46514
-5936.11959
-5921.69144
-5921.34966
-5915.90735
-5935.86269
-5935.84433
-5946.11532
-5930.43245
-5914.59757
-5914.92788
-5924.83135
-5928.45553
-5936.29388
-5910.34555
-5907.51557
-5914.32762
-5913.38669
-5921.90996
-5941.47320
-5937.23071
-5921.81007
-5924.55685
-5930.10855
-5929.95217
-5943.79930
-5940.65545
-5950.82178
-5945.56807
-5967.25555
-5949.85168
-5933.58102
-5921.47723
-5934.98174
-5926.56227
-5926.93090
-5922.96503
-5909.98005
-5914.24512
-5934.64645
-5944.58106
-5932.33117
-5915.39940
-5905.54658
-5913.68744
-5934.30435
-5926.11579
-5942.84280
-5908.35250
-5932.07917
-5927.05770
-5910.14716
-5922.47891
-5931.53795
-5920.04819
-5905.22320
-5912.28106
-5898.01859
-5908.17972
-5891.63093
-5892.10455
-5896.32056
-5909.77251
-5929.10878
-5928.66036
-5958.86527
-5961.82316
-5942.57952
-5929.31395
-5939.19221
-5929.56988
-5927.82516
-5921.32697
-5907.74878
-5908.03847
-5914.32367
-5887.94094
-5911.74960
-5928.25184
-5915.81201
-5896.83996
-5921.24553
-5917.26649
-5922.14022
-5916.45507
-5927.25060
-5926.99653
-5905.93931
-5912.47631
-5950.37275
-5940.37617
-5937.40432
-5919.50581
-5902.91721
-5901.03765
-5904.84516
-5882.87830
-5891.53383
-5889.27025
-5892.49265
-5895.58018
-5902.94096
-5913.89781
-5910.64699
-5887.45972
-5897.48923
-5897.92849
-5912.08793
-5895.89993
-5876.21941
-5910.65267
-5892.15034
-5907.90572
-5916.33296
-5930.60244
-5933.59650
-5921.71188
-5925.36108
-5930.85749
-5932.71699
-5941.05297
-5909.94930
-5925.44908
-5919.15624
-5912.83062
-5887.45540
-5914.39515
-5935.27840
-5930.84536
-5921.96569
-5928.04242
-5934.60341
-5936.62738
-5928.11384
-5938.61182
-5928.37791
-5917.97171
-5925.65890
-5919.72555
-5914.65618
-5910.19043
-5899.60938
-5896.27798
-5916.83976
-5909.91447
-5892.82863
-5897.43060
-5901.55308
-5891.80783
-5893.39401
-5894.68440
-5921.29862
-5905.32080
-5921.40822
-5942.20163
-5941.95963
-5939.50705
-5953.65503
-5924.20815
-5934.72418
-5925.38650
-5936.76831
-5931.73394
-5937.51965
-5950.38476
-5936.28083
-5930.39969
-5954.35137
-5939.97109
-5941.91114
-5936.91284
-5922.70425
-5919.58099
-5923.28916
-5918.56537
-5914.56368
-5921.54636
-5922.03235
-5923.74720
-5895.09146
-5886.85571
-5878.53108
-5872.84602
-5875.36279
-5885.55691
-5892.85259
-5883.33546
-5901.13490
-5897.44240
-5897.97762
-5927.06352
-5918.89198
-5903.39240
-5894.21976
-5886.06116
-5889.84152
-5890.94479
-5883.29737
-5884.81998
-5890.37051
-5898.20909
-5924.01884
-5925.26515
-5926.13188
-5906.92719
-5904.70241
-5899.92167
-5889.77587
-5913.63787
-5919.86210
-5900.97760
-5903.85855
-5910.28320
-5906.13254
-5909.97096
-5909.31576
-5897.31818
-5904.41755
-5915.69228
-5932.47338
-5933.38408
-5930.85731
-5928.69292
-5917.70252
-5908.73865
-5889.35606
-5905.13102
-5914.63294
-5925.82598
-5918.42311
-5929.39122
-5942.96131
-5924.16356
-5905.92437
-5920.91481
-5933.52351
-5951.25602
-5965.37300
-5956.82830
-5936.53579
-5941.20117
-5943.08290
-5925.31294
-5952.81628
-5950.44655
-5971.32395
-5945.63021
-5940.67288
-5924.06338
-5937.88979
-5940.99926
-5932.08952
-5927.24480
-5923.07359
-5905.23851
-5921.24223
-5921.80771
-5908.93894
-5899.32768
-5900.86449
-5905.34532
-5917.91908
-5935.11587
-5936.43864
-5928.35533
-5937.23863
-5928.57546
-5939.22680
-5918.29525
-5929.23428
-5911.94735
-5896.43465
-5893.05716
-5886.03426
-5894.17958
-5897.73163
-5918.41201
-5913.08171
-5926.43421
-5913.16242
-5892.72241
-5896.53999
-5900.03035
-5896.76869
-5902.39503
-5921.85889
-5908.26360
-5917.87851
-5923.09431
-5939.82929
-5936.76347
-5940.38113
-5956.23880
-5945.69887
-5942.61662
-5945.83765
-5957.14990
-5969.69802
-5943.04992
-5923.60515
-5931.35548
-5930.45180
-5924.70750
-5920.21149
-5928.00422
-5921.60964
-5924.61594
-5909.50269
-5916.54343
-5930.71959
-5923.70053
-5927.32840
-5918.71910
-5903.39892
-5895.24016
-5905.83344
-5880.47009
-5881.66071
-5874.02373
-5882.42849
-5893.87358
-5908.90454
-5904.42499
-5899.95112
-5909.28348
-5930.27161
-5921.54378
-5907.66760
-5888.24495
-5897.34859
-5909.32894
-5913.87886
-5900.11763
-5887.83191
-5899.21968
-5906.88505
-5908.03095
-5902.08780
-5908.99249
-5908.67214
-5911.74189
-5919.88597
-5912.46811
-5917.82578
-5926.49342
-5908.43168
-5901.26876
-5893.78034
-5901.75088
-5881.77983
-5898.96219
-5887.45534
-5873.19719
-5879.36242
-5896.69837
-5896.02261
-5878.19139
-5886.67949
-5881.57345
-5883.92504
-5866.38329
-5886.31014
-5897.99250
-5909.72127
-5894.09435
-5888.20526
-5875.36485
-5898.22552
-5889.76843
-5900.65184
-5904.48845
-5906.30286
-5922.43562
-5913.31752
-5911.26792
-5905.37634
-5898.82149
-5887.81352
-5890.74611
-5881.24534
-5878.19746
-5869.38622
-5879.46049
-5894.44434
-5900.71215
-5871.50796
-5880.16914
-5918.89290
-5896.94569
-5883.99173
-5896.90860
-5893.46212
-5884.31515
-5904.35193
-5912.84931
-5917.81243
-5922.25400
-5906.28637
-5912.28819
-5908.83124
-5928.48924
-5922.59679
-5911.80045
-5903.29730
-5896.06585
-5902.52248
-5905.67258
-5905.49135
-5906.65075
-5900.38979
-5889.18594
-5886.66137
-5898.44331
-5890.84925
-5904.42701
-5917.54617
-5907.78654
-5924.29864
-5925.46792
-5933.75230
-5929.91835
-5913.42007
-5903.83523
-5918.26181
-5929.16107
-5926.93052
-5931.57307
-5920.68248
-5895.76528
-5901.10456
-5893.99855
-5908.76167
-5910.42043
-5913.29334
-5922.05586
-5912.76455
-5901.99058
-5902.22520
-5938.87581
-5907.74907
-5918.39734
-5904.22953
-5908.05785
-5886.96155
-5883.56012
-5896.51934
-5910.94892
-5887.22387
-5904.12148
-5907.60509
-5916.80576
-5921.27766
-5917.09828
-5907.66419
-5900.73645
-5927.87812
-5924.17015
-5919.25464
-5929.75026
-5913.57974
-5904.41569
-5904.24854
-5954.11430
-5932.75674
-5908.07713
-5926.56541
-5915.32633
-5912.14889
-5913.92432
-5924.25882
-5935.86225
-5932.53415
-5932.06678
-5929.67091
-5932.76400
-5920.14208
-5912.01107
-5917.38607
-5905.24745
-5899.76288
-5892.69276
-5895.57605
-5907.88275
-5907.93144
-5924.75864
-5932.15012
-5925.74369
-5919.62055
-5932.86122
-5926.18206
-5924.63060
-5926.74721
-5916.03495
-5925.30737
-5924.46343
-5949.27711
-5949.66988
-5959.29251
-5975.94289
-5959.24889
-5945.98089
-5930.85804
-5923.20395
-5958.29388
-5954.51699
-5963.53464
-5954.38569
-5964.13176
-5961.39478
-5966.09988
-5968.00914
-5946.29552
-5940.28669
-5928.51125
-5919.95899
-5923.15457
-5942.80691
-5940.36392
-5952.75624
-5940.66811
-5948.12965
-5948.26081
-5935.76997
-5931.13236
-5932.20251
-5933.89644
-5933.25107
-5941.81230
-5923.30262
-5906.49213
-5926.99044
-5933.76894
-5938.49860
-5919.20582
-5922.26874
-5915.35745
-5911.69779
-5919.95134
-5915.38817
-5930.44661
-5906.01325
-5897.38472
-5898.66858
-5894.85139
-5929.10100
-5929.53385
-5942.97700
-5932.27782
-5931.66257
-5923.28964
-5926.63927
-5916.60592
-5938.42009
-5937.65358
-5929.57644
-5919.03801
-5921.29593
-5911.43083
-5937.84328
-5926.93305
-5927.44983
-5893.29388
-5905.19346
-5905.94761
-5903.31553
-5891.99257
-5902.61263
-5904.49520
-5886.79108
-5891.63390
-5912.26022
-5928.08177
-5919.63254
-5913.40540
-5890.79937
-5891.88652
-5892.05705
-5863.33550
-5871.83289
-5873.06036
-5884.99749
-5896.58729
-5883.28154
-5886.18243
-5894.00321
-5908.03251
-5908.30831
-5909.76541
-5875.73369
-5887.95164
-5876.77392
-5869.53385
-5840.99826
-5849.50078
-5876.05536
-5871.40587
-5845.66669
-5829.87621
-5822.20236
-5854.55719
-5862.17390
-5877.57901
-5886.94640
-5863.78902
-5857.78161
-5867.39965
-5881.01177
-5890.09337
-5900.32453
-5904.13036
-5912.39910
-5893.39499
-5858.03220
-5858.28859
-5844.66398
-5861.52662
-5858.39212
-5874.25351
-5872.12426
-5865.59340
-5850.51652
-5844.18862
-5873.34780
-5871.83229
-5860.25550
-5883.50669
-5881.91157
-5893.40949
-5894.41204
-5906.95116
-5910.67456
-5933.17496
-5916.52068
-5919.45602
-5910.01629
-5921.60259
-5922.00670
-5891.20305
-5902.06547
-5895.95788
-5887.04105
-5872.71483
-5879.79074
-5891.81033
-5888.88891
-5890.89690
-5891.33792
-5891.42887
-5886.87267
-5882.18478
-5884.17511
-5889.57839
-5893.53841
-5900.46452
-5881.98231
-5884.42672
-5899.23541
-5890.95878
-5859.05192
-5850.09835
-5889.32259
-5903.81149
-5914.64700
-5908.88518
-5895.38166
-5888.87769
-5881.08299
-5882.03080
-5892.21866
-5888.08470
-5888.92361
-5887.13168
-5883.71654
-5871.96661
-5864.27916
-5867.39421
-5875.79274
-5884.60905
-5879.67896
-5888.39545
-5895.26684
-5879.62033
-5873.75737
-5882.72602
-5888.57791
-5897.31500
-5904.47598
-5894.75767
-5901.53414
-5895.43127
-5917.53712
-5930.58256
-5943.54320
-5938.36936
-5953.20043
-5934.31288
-5953.99404
-5951.86708
-5958.93135
-5953.75298
-5926.08451
-5927.95672
-5937.68670
-5933.06045
-5920.30451
-5911.28309
-5925.32373
-5904.48813
-5907.53748
-5933.90054
-5924.04575
-5930.63274
-5920.71626
-5914.25936
-5920.87761
-5911.47124
-5924.77927
-5931.43843
-5914.67979
-5901.42787
-5904.97084
-5904.39017
-5906.89072
-5914.96634
-5918.24154
-5930.83711
-5937.84616
-5939.14719
-5920.01778
-5909.25220
-5903.13163
-5907.90702
-5908.24328
-5899.68018
-5920.25911
-5920.49964
-5914.80964
-5914.48541
-5935.82800
-5934.87631
-5952.69516
-5957.58023
-5940.58029
-5942.11688
-5936.89832
-5950.47879
-5961.83337
-5988.85219
-5981.40114
-5955.58020
-5944.01998
-5942.75289
-5937.52801
-5939.10687
-5939.80219
-5925.24021
-5916.63188
-5904.35213
-5923.83118
-5939.81609
-5959.65550
-5948.11817
-5933.56140
-5922.03096
-5907.72511
-5924.32190
-5916.25249
-5897.40088
-5879.85916
-5876.77875
-5897.65579
-5910.09419
-5889.54536
-5879.41710
-5885.66181
-5881.97312
-5872.31362
-5891.68708
-5878.49584
-5886.38536
-5884.39672
-5874.32987
-5890.56772
-5892.10185
-5871.58249
-5877.52980
-5885.64223
-5875.91618
-5891.62638
-5883.27608
-5877.29042
-5857.34761
-5880.86513
-5885.13391
-5895.96139
-5869.08632
-5882.04513
-5892.98774
-5907.32199
-5913.54671
-5907.87377
-5877.54270
-5898.62296
-5916.28404
-5902.98599
-5922.73861
-5935.22802
-5938.03061
-5929.04476
-5934.58130
-5931.94397
-5924.04814
-5931.99038
-5914.50029
-5911.25213
-5919.05319
-5919.80023
-5913.16807
-5926.40041
-5928.68289
-5916.60624
-5926.21216
-5926.26641
-5912.36249
-5934.30412
-5927.24006
-5929.65687
-5931.31232
-5920.44904
-5936.70898
-5950.69203
-5950.67201
-5930.74083
-5921.13924
-5916.92707
-5906.24487
-5905.51454
-5911.60050
-5927.19893
-5915.31460
-5913.60051
-5917.11662
-5918.86001
-5912.26697
-5895.73078
-5914.64605
-5890.81509
-5888.33117
-5879.01454
-5878.94832
-5892.03705
-5912.86820
-5930.37763
-5916.06503
-5927.94724
-5936.51160
-5919.39397
-5934.74589
-5948.07092
-5928.03313
-5904.33316
-5932.79339
-5928.23249
-5950.82798
-5940.49751
-5935.23449
-5926.57039
-5919.94215
-5914.82417
-5928.43173
-5929.62653
-5919.35820
-5931.42355
-5946.59136
-5948.09662
-5936.98594
-5955.42741
-5956.83534
-5948.69495
-5944.04851
-5950.85800
-5951.96542
-5957.31117
-5960.17643
-5942.55099
-5923.63871
-5928.46703
-5934.39663
-5945.70088
-5940.04392
-5945.85094
-5929.76222
-5949.64141
-5938.62012
-5950.98202
-5941.28076
-5946.09472
-5940.24583
-5934.50368
-5939.96664
-5930.79295
-5938.92801
-5946.28524
-5939.69838
-5927.91282
-5919.35044
-5919.53117
-5900.41723
-5929.94406
-5918.59752
-5913.95139
-5899.44493
-5905.92255
-5910.80116
-5914.87515
-5937.74305
-5915.00422
-5921.19589
-5931.72476
-5927.08980
-5933.48439
-5917.05163
-5914.56950
-5917.84676
-5935.80184
-5937.52574
-5915.70400
-5933.70509
-5943.59285
-5932.77092
-5945.23133
-5935.18226
-5923.16987
-5934.73473
-5935.97709
-5938.54246
-5935.13671
-5913.40952
-5927.93508
-5934.72585
-5935.44830
-5929.44106
-5894.84465
-5901.68992
-5915.39448
-5911.49143
-5899.91320
-5918.21467
-5911.22189
-5913.47231
-5909.64960
-5914.82539
-5906.83873
-5904.11424
-5905.43903
-5916.76437
-5943.82945
-5942.17843
-5940.12642
-5956.59494
-5940.15431
-5935.56519
-5942.19358
-5943.72262
-5938.04343
-5941.77214
-5940.13869
-5949.93937
-5924.34496
-5947.30543
-5947.61229
-5955.74829
-5948.79174
-5944.49468
-5922.14505
-5938.83326
-5918.07239
-5931.84743
-5927.94310
-5941.35096
-5931.22451
-5920.28317
-5919.11732
-5922.30957
-5909.64857
-5930.26910
-5908.22376
-5905.98465
-5888.04665
-5913.25718
-5930.52799
-5921.91015
-5923.66542
-5928.85072
-5907.35623
-5913.28873
-5914.55915
-5900.38225
-5907.36592
-5905.26597
-5909.24033
-5895.87754
-5885.18826
-5889.92481
-5910.74043
-5926.75399
-5903.05783
-5918.17513
-5910.27751
-5910.58646
-5923.23045
-5935.88124
-5938.66372
-5937.03664
-5955.35286
-5947.09118
-5968.77153
-5961.72944
-5947.63059
-5932.15368
-5930.23391
-5930.80485
-5932.04676
-5945.59127
-5954.74427
-5952.36069
-5927.99876
-5920.10168
-5923.35868
-5918.69134
-5913.25892
-5932.19947
-5941.54607
-5936.77563
-5949.53422
-5942.91780
-5947.58077
-5938.82554
-5927.12901
-5928.86937
-5907.84365
-5924.33926
-5921.38077
-5934.69383
-5932.40393
-5926.45097
-5915.29259
-5936.19804
-5924.93687
-5926.55450
-5928.04142
-5898.51928
-5918.95320
-5919.62114
-5926.65157
-5930.02304
-5926.19674
-5907.50883
-5926.67890
-5935.07520
-5937.74752
-5931.62795
-5918.03603
-5936.18200
-5939.04475
-5928.35309
-5921.29597
-5939.09574
-5937.14772
-5924.15351
-5939.60686
-5924.94838
-5918.01502
-5904.56449
-5925.43463
-5935.53830
-5939.51449
-5942.99814
-5940.23140
-5935.27704
-5954.36047
-5931.22411
-5929.36184
-5933.42165
-5929.91547
-5932.05140
-5930.53380
-5941.08368
-5930.87317
-5928.51865
-5938.30574
-5918.77990
-5913.36170
-5914.97671
-5924.15106
-5911.74985
-5919.70712
-5904.11062
-5908.22876
-5919.74946
-5916.01754
-5913.57301
-5920.18742
-5912.05483
-5915.68020
-5913.66338
-5922.21695
-5925.46753
-5923.91346
-5934.10537
-5935.33642
-5946.57185
-5949.55405
-5941.15625
-5940.43375
-5938.97475
-5904.94756
-5937.97441
-5929.96599
-5920.18026
-5949.14124
-5928.33648
-5918.59888
-5923.32859
-5932.14080
-5930.60039
-5928.82884
-5944.76716
-5958.37920
-5936.38770
-5948.87997
-5952.10855
-5955.32454
-5946.43633
-5948.94274
-5948.81680
-5939.10560
-5922.85758
-5936.73292
-5936.95666
-5933.43113
-5938.83674
-5925.71673
-5924.14429
-5925.65306
-5897.46727
-5878.95260
-5904.57830
-5919.63870
-5924.48531
-5924.90874
-5924.32073
-5918.21595
-5912.11317
-5901.37647
-5875.99012
-5884.27064
-5911.60683
-5931.84285
-5958.16970
-5937.19385
-5932.16883
-5932.45487
-5925.70549
-5936.59235
-5944.72195
-5941.76164
-5939.95522
-5951.24458
-5936.94719
-5936.87995
-5925.71909
-5924.99260
-5915.23063
