-5417.52493
-5422.45077
-5400.34246
-5409.25700
-5421.82045
-5419.24917
-5435.97476
-5427.38688
-5427.99255
-5435.19441
-5441.47408
-5431.15128
-5404.87173
-5397.56847
-5406.17466
-5433.99892
-5439.04067
-5399.73125
-5390.59547
-5434.67758
-5389.14033
-5362.13421
-5378.29576
-5421.96715
-5405.01283
-5425.49562
-5451.10318
-5446.24437
-5439.24254
-5426.53289
-5419.23255
-5441.53219
-5415.40723
-5437.62986
-5471.32284
-5424.64463
-5418.39302
-5423.26863
-5442.15447
-5439.29472
-5392.09359
-5431.39707
-5428.61417
-5396.63610
-5424.12517
-5441.50575
-5426.35905
-5406.33240
-5479.38916
-5420.03516
-5413.92984
-5409.32747
-5406.49371
-5420.41364
-5390.97832
-5404.91191
-5381.60484
-5419.93775
-5420.35596
-5393.13152
-5446.05333
-5443.91198
-5397.32587
-5376.75607
-5392.90148
-5388.36606
-5390.36586
-5405.44767
-5392.86016
-5414.78146
-5442.50373
-5419.85724
-5418.04713
-5422.67351
-5419.76966
-5399.28728
-5403.88283
-5405.61645
-5407.34509
-5395.32982
-5407.82556
-5425.09795
-5442.01710
-5423.30941
-5384.99346
-5403.43233
-5405.73958
-5439.14112
-5414.83851
-5407.81081
-5447.25272
-5416.63974
-5412.80509
-5408.22249
-5413.54062
-5405.89948
-5390.51721
-5410.36003
-5419.28097
-5411.27646
-5461.93355
-5418.75277
-5384.10633
-5391.66131
-5376.84356
-5353.00767
-5398.48281
-5400.08209
-5433.36063
-5446.37605
-5433.17363
-5439.36750
-5435.46591
-5412.11381
-5418.08654
-5431.28672
-5431.93478
-5437.56313
-5407.99269
-5423.31567
-5402.96775
-5405.87687
-5424.02386
-5415.41415
-5425.51199
-5399.55667
-5426.53671
-5414.86465
-5415.88342
-5401.87787
-5406.59445
-5416.93341
-5423.63573
-5422.37563
-5449.27858
-5413.79305
-5462.47601
-5402.06332
-5357.33319
-5394.09608
-5435.60053
-5441.02235
-5445.79684
-5485.65989
-5432.38887
-5426.18938
-5407.94374
-5415.89646
-5367.54056
-5409.92373
-5420.76820
-5383.82090
-5427.32376
-5402.78416
-5399.34173
-5384.78886
-5382.66013
-5390.57019
-5415.52296
-5419.54154
-5429.51494
-5427.70217
-5389.64017
-5385.51076
-5387.95088
-5399.51868
-5423.40649
-5397.72867
-5380.75019
-5408.24137
-5404.47096
-5409.75703
-5452.04621
-5420.71899
-5392.52810
-5418.84360
-5397.15846
-5367.79166
-5346.99116
-5394.44787
-5391.63688
-5414.35274
-5398.96845
-5412.69768
-5384.68702
-5414.50812
-5427.84976
-5381.75818
-5363.52614
-5416.57570
-5418.86486
-5406.91209
-5419.26554
-5413.09672
-5420.12026
-5413.06557
-5399.40097
-5426.55596
-5443.13029
-5391.45911
-5399.96525
-5420.73167
-5392.67726
-5402.14928
-5407.75417
-5419.75281
-5414.66384
-5436.57419
-5405.94186
-5443.33885
-5417.14173
-5384.07147
-5386.77091
-5358.05006
-5370.40799
-5396.83860
-5390.39015
-5389.37971
-5402.49342
-5420.70807
-5442.64347
-5447.37912
-5429.98403
-5413.99122
-5418.58975
-5398.12632
-5393.69401
-5413.14383
-5408.01671
-5371.09322
-5364.34452
-5351.12698
-5365.75221
-5387.24145
-5416.26164
-5387.66531
-5415.81576
-5430.27648
-5422.34598
-5415.07310
-5393.65090
-5390.31514
-5380.70439
-5388.91234
-5397.00490
-5407.17359
-5401.41066
-5420.90131
-5402.77312
-5419.38370
-5404.15082
-5383.01774
-5426.68963
-5414.45145
-5427.72386
-5439.16721
-5409.72174
-5441.69911
-5415.24584
-5422.77327
-5423.37722
-5379.40589
-5371.90834
-5385.42546
-5370.57495
-5387.11497
-5428.92997
-5422.47555
-5418.20695
-5431.28868
-5439.48972
-5428.39899
-5448.27253
-5468.97140
-5444.09063
-5406.27047
-5448.68536
-5446.41522
-5440.73634
-5408.55154
-5387.17958
-5372.14920
-5384.50633
-5411.06464
-5397.66077
-5401.26257
-5426.70155
-5410.51605
-5412.20036
-5361.42692
-5398.82254
-5408.24441
-5444.71890
-5414.09735
-5397.99359
-5426.26714
-5403.99309
-5432.88282
-5432.01873
-5420.63082
-5402.66788
-5429.46353
-5422.95867
-5390.56129
-5393.58192
-5391.60135
-5391.90688
-5440.46026
-5423.85980
-5421.82785
-5427.61859
-5418.79616
-5392.61389
-5405.35237
-5370.40970
-5359.94759
-5375.24044
-5375.93746
-5396.26480
-5391.44133
-5391.37041
-5411.00252
-5421.24295
-5403.85054
-5386.23212
-5415.28613
-5435.78421
-5386.44585
-5408.45862
-5398.47649
-5402.30345
-5418.22921
-5421.60081
-5394.16769
-5398.02289
-5430.58205
-5380.00639
-5413.81863
-5426.76154
-5401.44448
-5378.00481
-5371.12311
-5410.69796
-5371.45083
-5375.72308
-5415.70830
-5412.21734
-5434.01406
-5427.85469
-5420.26954
-5448.88405
-5428.49135
-5396.49952
-5388.58311
-5380.80547
-5412.32080
-5395.34829
-5377.41536
-5398.73221
-5381.26473
-5415.32919
-5412.94734
-5406.61930
-5419.09887
-5381.15689
-5393.77786
-5370.32280
-5373.13033
-5352.27684
-5409.49054
-5411.18120
-5428.03052
-5406.80263
-5396.90625
-5417.14917
-5376.69661
-5381.23637
-5407.66706
-5434.92492
-5412.17994
-5431.11221
-5404.91263
-5432.71127
-5440.41841
-5428.37815
-5405.07904
-5364.06147
-5382.66788
-5386.31603
-5399.86430
-5421.39141
-5400.65722
-5410.97848
-5410.54221
-5393.54516
-5414.98647
-5405.82669
-5391.68325
-5413.70796
-5395.10201
-5399.38466
-5440.70338
-5432.64174
-5451.23869
-5403.34007
-5405.31669
-5386.64602
-5392.00823
-5426.97861
-5407.31049
-5386.46081
-5428.37860
-5406.73897
-5365.35189
-5373.23429
-5405.78647
-5390.96301
-5385.69653
-5438.39845
-5419.12023
-5393.70651
-5406.11456
-5413.96821
-5406.75280
-5416.21745
-5443.65245
-5465.71001
-5441.29461
-5401.55192
-5415.24405
-5414.09851
-5415.73491
-5424.85448
-5425.43311
-5375.08804
-5412.40217
-5407.12352
-5428.69215
-5432.65998
-5396.32231
-5400.99078
-5426.14414
-5412.99881
-5394.89055
-5390.77748
-5350.03933
-5373.99431
-5380.50305
-5397.92890
-5396.79281
-5393.76177
-5344.69488
-5405.73550
-5396.05859
-5426.37769
-5409.77703
-5416.69258
-5375.72220
-5384.86680
-5382.06995
-5394.73286
-5428.25477
-5427.82922
-5427.72797
-5392.91436
-5424.68472
-5400.94847
-5410.44778
-5417.20818
-5429.40900
-5424.81381
-5473.14820
-5435.44761
-5418.93306
-5401.05190
-5410.05054
-5396.63819
-5404.98597
-5405.28851
-5433.98866
-5400.09215
-5406.56117
-5427.72237
-5446.30473
-5460.51099
-5438.55123
-5409.70948
-5415.84208
-5370.39748
-5399.15453
-5399.22089
-5402.65041
-5412.84471
-5400.61991
-5411.80618
-5403.92432
-5389.26379
-5391.01047
-5391.13693
-5425.71208
-5419.10425
-5415.70997
-5385.95206
-5359.71344
-5402.70679
-5424.49125
-5418.84227
-5401.35932
-5363.39228
-5394.03287
-5394.53839
-5421.88346
-5392.03919
-5393.54030
-5393.12617
-5420.03267
-5432.80892
-5445.78780
-5397.89328
-5405.74830
-5394.84562
-5398.95875
-5406.07671
-5425.70875
-5361.15233
-5378.23646
-5378.09071
-5409.05374
-5410.19124
-5430.17300
-5441.88500
-5437.33808
-5443.90947
-5450.29289
-5419.45926
-5455.84831
-5432.22708
-5386.19055
-5359.18613
-5409.82874
-5439.35550
-5396.15150
-5376.78627
-5379.74816
-5386.01658
-5389.37647
-5386.74966
-5388.43187
-5428.42805
-5459.77584
-5402.80550
-5422.95740
-5402.30991
-5413.32322
-5408.25278
-5421.65975
-5415.61761
-5429.74804
-5450.05043
-5412.98560
-5402.57648
-5403.39954
-5438.81839
-5395.66916
-5401.51549
-5418.43110
-5428.65077
-5406.02524
-5428.12287
-5397.62546
-5406.12274
-5406.76050
-5400.51331
-5401.96967
-5397.46867
-5377.72479
-5426.70056
-5442.84266
-5439.46004
-5393.37002
-5386.10609
-5412.99890
-5373.18047
-5382.65876
-5431.24923
-5466.42705
-5405.77164
-5412.81430
-5435.73778
-5453.93641
-5461.05053
-5454.98712
-5428.85014
-5396.77098
-5418.84140
-5397.72210
-5400.59282
-5418.69602
-5436.17325
-5435.70093
-5406.18223
-5390.50719
-5357.74311
-5386.51089
-5378.04024
-5415.63458
-5395.35317
-5400.59340
-5426.18623
-5413.65785
-5393.24579
-5374.69161
-5391.26881
-5419.49430
-5403.99989
-5399.44406
-5388.15691
-5387.63604
-5401.12172
-5433.53860
-5421.81386
-5412.82507
-5425.21249
-5386.92074
-5418.92996
-5406.02915
-5390.82924
-5424.98440
-5409.45195
-5370.58860
-5375.22126
-5383.75237
-5404.78135
-5411.18557
-5397.31674
-5393.33952
-5412.41365
-5420.22851
-5438.12220
-5423.98379
-5423.75534
-5398.04984
-5416.46082
-5405.13530
-5396.06832
-5411.19752
-5401.30414
-5358.71576
-5374.15042
-5449.90404
-5399.95416
-5418.83641
-5409.54307
-5412.78380
-5454.77348
-5469.41523
-5440.41741
-5440.12270
-5419.19344
-5412.07637
-5408.77435
-5444.77919
-5414.37642
-5420.82668
-5391.16343
-5428.69801
-5460.99959
-5441.00707
-5411.12029
-5404.61660
-5398.16208
-5389.78739
-5388.11269
-5402.63651
-5441.80195
-5427.10717
-5398.69061
-5394.23183
-5403.53493
-5431.01473
-5421.48858
-5418.59942
-5411.76281
-5395.08258
-5407.30320
-5396.91640
-5402.60980
-5442.66894
-5408.99583
-5367.82159
-5399.72206
-5400.89895
-5337.26888
-5403.19922
-5365.16757
-5383.11114
-5400.45194
-5383.26907
-5394.50724
-5384.45733
-5407.10255
-5406.34535
-5369.58443
-5429.62872
-5412.07856
-5389.40235
-5368.20027
-5316.06571
-5381.22395
-5360.74163
-5360.11555
-5353.42517
-5404.24459
-5435.24071
-5399.80147
-5413.23239
-5411.35626
-5402.12932
-5406.13639
-5384.72715
-5417.11464
-5428.50849
-5421.86787
-5443.87970
-5434.94714
-5416.94127
-5410.37243
-5422.96666
-5440.66748
-5446.59015
-5446.28521
-5412.54784
-5411.53277
-5373.11901
-5408.66384
-5402.89614
-5418.73628
-5426.07052
-5456.07449
-5451.38451
-5407.75848
-5414.08973
-5394.47748
-5380.36232
-5361.71199
-5356.36406
-5381.35756
-5348.99773
-5391.57556
-5416.97875
-5406.90196
-5411.35610
-5393.07121
-5391.89383
-5399.81841
-5424.51021
-5393.46156
-5393.61626
-5396.16433
-5375.68343
-5393.53022
-5420.40056
-5404.13952
-5446.90873
-5429.18859
-5437.15801
-5450.16259
-5416.01041
-5395.33425
-5372.22007
-5361.77221
-5436.65333
-5387.98484
-5371.89216
-5369.01051
-5398.71102
-5425.07124
-5369.23403
-5416.05890
-5406.32120
-5408.20951
-5388.15482
-5392.50217
-5402.77806
-5374.06598
-5413.52397
-5422.89815
-5403.06007
-5405.73698
-5424.49588
-5454.24986
-5396.86914
-5412.51178
-5399.38031
-5381.52447
-5412.20051
-5430.89373
-5427.73189
-5396.00314
-5415.66238
-5425.67617
-5413.28176
-5443.56310
-5411.71459
-5395.50761
-5397.53739
-5393.54837
-5389.68011
-5410.32794
-5436.04583
-5395.68839
-5397.46763
-5397.87563
-5380.75702
-5407.28957
-5421.59159
-5413.80218
-5383.96371
-5392.31244
-5379.28543
-5374.96021
-5374.95734
-5383.01702
-5416.42579
-5426.72605
-5413.19846
-5440.16620
-5454.45446
-5449.49957
-5381.71696
-5376.41663
-5412.03836
-5387.21461
-5377.07052
-5432.22181
-5408.12306
-5403.75314
-5430.23823
-5411.85935
-5364.25027
-5411.05142
-5374.03635
-5380.69751
-5393.98295
-5408.85642
-5411.35020
-5429.82805
-5427.80080
-5400.15992
-5411.09233
-5447.24286
-5454.24306
-5451.11172
-5417.84806
-5407.62815
-5393.67280
-5411.44927
-5415.69372
-5405.89365
-5404.41530
-5384.04590
-5395.21868
-5379.08344
-5406.58923
-5401.87347
-5388.71450
-5390.61903
-5427.78775
-5432.65099
-5423.00837
-5427.78695
-5416.77189
-5415.71129
-5427.22049
-5421.54665
-5425.90315
-5380.64438
-5410.71618
-5381.34420
-5375.67497
-5378.43131
-5395.84475
-5420.65142
-5453.06099
-5419.15371
-5403.95997
-5390.55026
-5397.72212
-5375.62715
-5417.07875
-5421.76289
-5402.13531
-5374.35069
-5413.79580
-5428.30004
-5430.02796
-5424.60378
-5394.58583
-5394.87535
-5405.73633
-5441.58823
-5424.85900
-5414.87946
-5413.16407
-5410.23097
-5385.53491
-5440.10976
-5413.71771
-5411.46404
-5423.83585
-5397.16619
-5390.49678
-5372.89322
-5391.47079
-5437.18054
-5416.51666
-5419.43670
-5406.06331
-5382.25929
-5401.19461
-5450.65439
-5396.30677
-5431.81022
-5446.34181
-5442.20085
-5406.00486
-5423.64096
-5409.11862
-5380.61868
-5419.13729
-5422.86977
-5410.84211
-5426.53823
-5419.83139
-5405.20325
-5407.53424
-5427.91718
-5423.08795
-5396.42168
-5410.07199
-5393.11829
-5433.79040
-5439.71940
-5415.66309
-5424.22883
-5391.32031
-5403.00676
-5403.57203
-5384.75157
-5403.99227
-5415.15718
-5424.85290
-5463.96392
-5380.52395
-5398.54078
-5421.17719
-5467.00161
-5439.47374
-5412.35601
-5391.91481
-5397.85881
-5399.46699
-5405.96913
-5389.78253
-5418.04615
-5381.45780
-5402.39176
-5398.80237
-5419.95591
-5441.65876
-5372.38601
-5406.80326
-5417.73026
-5401.83109
-5369.22834
-5411.06703
-5444.69934
-5428.89080
-5402.36822
-5391.59116
-5420.31038
-5390.49120
-5431.94566
-5414.93808
-5439.49212
-5450.21267
-5406.22339
-5406.02531
-5375.50651
-5380.71748
-5411.49192
-5393.09286
-5402.11549
-5383.46056
-5372.07863
-5355.40309
-5388.32706
-5396.15592
-5374.72326
-5392.70483
-5415.36381
-5411.45194
-5420.68170
-5462.45691
-5399.11266
-5394.28572
-5425.07459
-5447.59063
-5429.19338
-5414.64525
-5434.83471
-5439.91799
-5413.56804
-5423.86232
-5395.56392
-5404.72839
-5411.23137
-5417.52331
-5411.38349
-5370.40147
-5418.88596
-5409.85275
-5406.07645
-5399.32889
-5406.35547
-5389.19232
-5424.46192
-5469.88506
-5416.29737
-5422.32718
-5435.65770
-5406.22954
-5361.39892
-5397.92092
-5369.21325
-5403.71829
-5419.55332
-5421.63435
-5438.66807
-5445.23622
-5422.37106
-5447.50746
-5421.08822
-5429.07761
-5448.73041
-5440.42665
-5475.83032
-5445.22146
-5481.33102
-5461.31256
-5477.28754
-5461.57458
-5431.47567
-5432.89939
-5389.34315
-5409.06890
-5417.73823
-5418.60054
-5416.45790
-5398.71920
-5385.33589
-5413.88812
-5435.74939
-5424.91579
-5392.29626
-5397.24473
-5360.58760
-5373.87099
-5380.47774
-5432.12325
-5422.46300
-5428.55324
-5436.26938
-5431.07437
-5423.16115
-5442.99210
-5432.78974
-5432.69383
-5439.83397
-5387.26487
-5397.31782
-5412.74859
-5437.37815
-5438.29733
-5389.39724
-5411.58113
-5412.57847
-5415.95363
-5397.82190
-5411.06375
-5402.18458
-5386.20062
-5395.96890
-5389.66750
-5405.15729
-5393.88243
-5386.44778
-5414.72877
-5410.68015
-5420.61738
-5418.34316
-5417.78230
-5410.64002
-5389.95970
-5388.22038
-5405.29064
-5415.47140
-5420.85103
-5435.83267
-5443.54435
-5400.96777
-5396.44138
-5411.93990
-5405.43759
-5377.22627
-5396.92144
-5371.46018
-5392.68048
-5415.60282
-5393.42124
-5387.26378
-5392.53170
-5409.58604
-5420.15147
-5395.02738
-5413.10943
-5383.36113
-5398.46213
-5421.34803
-5429.50926
-5449.98140
-5442.72494
-5450.05255
-5474.67863
-5445.38902
-5465.16206
-5439.96343
-5400.96716
-5415.71921
-5430.97418
-5454.07672
-5417.03485
-5409.86283
-5406.37527
-5426.31386
-5392.52957
-5381.40233
-5405.23907
-5397.52525
-5415.72084
-5412.88067
-5388.00309
-5395.06481
-5388.72373
-5405.33303
-5416.72511
-5409.58506
-5420.15841
-5408.01605
-5431.64047
-5430.46059
-5387.14249
-5378.41369
-5402.94277
-5402.82375
-5434.27608
-5423.54836
-5431.49639
-5402.22776
-5406.97734
-5433.44857
-5417.74661
-5406.04359
-5365.54247
-5399.07279
-5435.39905
-5402.66390
-5395.47720
-5358.86655
-5354.38418
-5387.15251
-5393.60012
-5375.67606
-5395.51360
-5376.42445
-5387.67148
-5425.35047
-5427.01284
-5390.17380
-5412.94810
-5415.75289
-5426.39549
-5425.54213
-5441.49275
-5417.49724
-5433.71800
-5411.14689
-5393.34388
-5394.15639
-5431.20850
-5393.91821
-5404.06511
-5435.34055
-5433.22482
-5459.56089
-5452.83831
-5410.53285
-5393.98685
-5404.38832
-5421.48752
-5386.10216
-5404.91956
-5375.36984
-5393.14510
-5375.05010
-5387.57508
-5394.01285
-5389.06110
-5363.43646
-5388.54984
-5393.13767
-5436.17427
-5390.11709
-5431.16592
-5457.76884
-5434.00935
-5419.90661
-5409.40988
-5417.19065
-5444.13096
-5433.84288
-5449.32917
-5392.21336
-5379.86113
-5377.25777
-5440.41618
-5425.70310
-5401.66703
-5416.49181
-5409.47776
-5415.35567
-5426.17654
-5381.50852
-5426.95020
-5414.38283
-5429.31964
-5411.23597
-5403.61557
-5368.17677
-5404.34244
-5424.28240
-5408.48972
-5396.08789
-5402.80733
-5388.28905
-5373.22633
-5397.87949
-5428.67356
-5414.33285
-5413.98239
-5365.06467
-5375.92483
-5409.01015
-5418.67373
-5357.83507
-5401.84570
-5387.63818
-5401.29583
-5384.80907
-5381.27342
-5417.31895
-5428.06939
-5440.86483
-5464.96194
-5433.83551
-5421.25808
-5454.61005
-5441.61290
-5393.45181
-5401.99278
-5384.78327
-5387.65139
-5418.10619
-5426.93834
-5420.98751
-5416.53670
-5388.17026
-5381.40980
-5366.52590
-5396.26147
-5440.02619
-5460.33704
-5432.84239
-5386.18532
-5373.14185
-5396.10367
-5403.22768
-5402.04434
-5407.12902
-5390.32890
-5408.63635
-5378.93216
-5387.24870
-5414.47239
-5419.07818
-5416.40579
-5430.82048
-5388.79675
-5378.26017
-5397.13751
-5416.78697
-5413.72416
-5374.26878
-5396.33578
-5396.38344
-5397.93068
-5411.83707
-5440.17705
-5424.81058
-5420.76676
-5377.45871
-5420.10296
-5384.77086
-5407.83362
-5431.47852
-5440.85437
-5398.15322
-5401.47370
-5422.66341
-5419.98103
-5403.82254
-5388.80236
-5417.92280
-5407.35608
-5451.11848
-5425.91897
-5401.77564
-5422.56922
-5427.11387
-5410.04253
-5396.19657
-5400.38301
-5409.76816
-5409.50706
-5463.97460
-5400.38162
-5391.35518
-5372.21897
-5412.25203
-5414.19903
-5477.82156
-5435.52420
-5409.06119
-5429.85360
-5402.16937
-5427.94956
-5423.96797
-5436.38878
-5400.73392
-5414.56777
-5443.27646
-5439.24237
-5437.12371
-5431.61097
-5406.57426
-5415.73718
-5378.67653
-5382.97375
-5411.01937
-5417.37696
-5441.16327
-5418.89899
-5439.56568
-5416.31906
-5421.92229
-5403.60349
-5381.64828
-5391.67052
-5361.01334
-5367.78921
-5456.34035
-5421.20462
-5389.30078
-5415.19531
-5481.03648
-5440.41917
-5411.91492
-5430.90201
-5407.79854
-5403.98604
-5396.60749
-5400.60393
-5419.00758
-5420.06709
-5357.50630
-5381.65101
-5390.45857
-5386.80283
-5394.48791
-5369.55413
-5401.88027
-5417.88770
-5391.66339
-5436.94774
-5449.52774
-5398.67401
-5391.42753
-5408.06608
-5390.58924
-5353.24081
-5410.13396
-5419.35223
-5421.13649
-5420.74089
-5403.54452
-5391.55068
-5412.61650
-5414.49739
-5420.58198
-5438.49146
-5452.90169
-5431.97399
-5436.46012
-5414.94214
-5406.74178
-5402.29446
-5413.29220
-5408.44723
-5418.79428
-5416.24900
-5393.12045
-5402.83766
-5432.86624
-5380.69699
-5415.34188
-5368.60115
-5356.31179
-5388.16066
-5454.24993
-5392.21067
-5427.58457
-5393.25440
-5395.45887
-5398.69022
-5382.54662
-5399.18480
-5378.03103
-5368.26701
-5361.96599
-5401.01460
-5442.86078
-5453.21044
-5409.13802
-5409.14625
-5425.10230
-5427.81775
-5405.05053
-5405.47488
-5414.14354
-5388.33914
-5407.16474
-5393.31922
-5414.91157
-5436.79001
-5400.00292
-5404.80995
-5422.44293
-5435.66515
-5428.22798
-5390.20278
-5424.55624
-5437.71841
-5420.48552
-5411.76098
-5412.83487
-5428.62059
-5426.99006
-5406.76906
-5433.46682
-5450.02580
-5415.31423
-5461.10015
-5440.32929
-5418.05284
-5408.15700
-5404.21685
-5427.74877
-5406.19480
-5411.64866
-5424.28934
-5416.62770
-5405.59398
-5382.35064
-5380.53996
-5361.17119
-5370.04296
-5409.44961
-5424.39502
-5399.42403
-5380.11754
-5382.11517
-5440.03866
-5406.46912
-5383.63855
-5382.77808
-5392.71663
-5405.30551
-5430.72108
-5413.43984
-5410.51308
-5401.72983
-5379.77449
-5380.62645
-5409.47913
-5397.98139
-5395.33329
-5430.08199
-5418.36186
-5417.42354
-5406.79154
-5418.62967
-5421.06833
-5442.73290
-5437.50394
-5386.66268
-5414.03690
-5402.28511
-5383.57694
-5384.98616
-5427.32648
-5405.09322
-5373.31614
-5410.31474
-5411.22273
-5355.69642
-5361.33818
-5362.91917
-5366.89577
-5415.65530
-5386.68934
-5394.52902
-5373.55455
-5370.69969
-5369.84897
-5388.21075
-5374.09756
-5370.44530
-5401.17479
-5386.96131
-5397.43793
-5392.23633
-5387.30088
-5397.77405
-5413.55014
-5379.78799
-5397.12120
-5399.51312
-5428.97819
-5423.16533
-5390.37824
-5403.04433
-5377.17157
-5378.36217
-5366.24343
-5421.04980
-5427.67291
-5396.05767
-5387.20111
-5375.32770
-5365.57257
-5406.97870
-5419.54151
-5440.87655
-5459.14543
-5401.19631
-5372.29663
-5402.88380
-5446.25527
-5396.65686
-5416.41322
-5394.60070
-5384.18601
-5411.29300
-5388.27436
-5387.75485
-5371.97211
-5399.21485
-5388.06338
-5435.60949
-5451.16239
-5397.55367
-5376.02722
-5447.53072
-5418.58746
-5400.32017
-5383.13505
-5362.27179
-5401.42286
-5413.84207
-5387.87828
-5398.05549
-5403.54704
-5392.92489
-5380.40548
-5372.39154
-5389.14756
-5414.59586
-5415.52819
-5420.19609
-5411.07933
-5446.27996
-5445.32204
-5427.10928
-5409.26469
-5416.20258
-5424.97544
-5435.51033
-5425.86521
-5433.90959
-5435.04897
-5417.63749
-5413.39531
-5379.16740
-5426.57851
-5401.66309
-5417.15737
-5398.53085
-5386.60069
-5371.38956
-5390.70260
-5379.19060
-5400.92086
-5419.46324
-5402.60651
-5392.54882
-5381.19411
-5397.00880
-5448.85100
-5395.63027
-5406.76313
-5403.24613
-5365.80295
-5421.31445
-5425.48809
-5406.52842
-5443.82271
-5400.53198
-5375.94172
-5395.17379
-5386.78701
-5383.54369
-5421.14099
-5438.15679
-5418.81216
-5423.01708
-5418.96412
-5378.11755
-5367.32284
-5385.85647
-5393.80533
-5396.22823
-5454.77356
-5428.54575
-5410.53269
-5411.01529
-5421.32560
-5390.30866
-5410.93390
-5415.67106
-5457.18414
-5452.87055
-5455.38138
-5452.89171
-5465.58412
-5438.88201
-5408.13766
-5414.18409
-5397.08548
-5393.47464
-5408.37563
-5397.50079
-5389.97106
-5395.87398
-5386.36066
-5380.64755
-5403.44515
-5420.11279
-5446.73654
-5416.28041
-5410.65662
-5389.19170
-5374.95286
-5365.40455
-5386.96851
-5398.53567
-5401.61528
-5380.44889
-5393.91359
-5406.65005
-5404.83645
-5409.19786
-5386.40187
-5355.54619
-5450.46288
-5435.73538
-5438.82601
-5454.86215
-5450.93602
-5467.22791
-5430.68937
-5402.82945
-5438.24733
-5441.15696
-5430.79855
-5422.42842
-5414.22726
-5402.28859
-5436.82319
-5405.90705
-5409.13064
-5409.31045
-5382.81745
-5392.90160
-5369.43732
-5417.81512
-5471.16186
-5414.99037
-5382.09201
-5384.17065
-5393.37311
-5387.60999
-5405.18996
-5391.58268
-5374.42947
-5381.34041
-5407.11609
-5420.10487
-5405.50715
-5378.56923
-5403.00569
-5408.02467
-5397.83665
-5396.67088
-5440.95119
-5437.71408
-5428.15319
-5406.16555
-5387.65113
-5394.24148
-5377.20102
-5386.33398
-5387.69090
-5410.77676
-5423.61272
-5413.65803
-5405.75584
-5421.90783
-5403.18475
-5392.29407
-5424.40012
-5445.29961
-5415.11002
-5420.62328
-5400.70165
-5375.31367
-5389.75663
-5382.52112
-5417.44103
-5405.71931
-5405.31899
-5408.92935
-5424.63357
-5442.39580
-5417.70715
-5405.06788
-5406.61809
-5426.87314
-5438.83061
-5449.52912
-5412.93684
-5422.12516
-5416.92296
-5350.02324
-5346.27090
-5393.28133
-5390.78435
-5385.33046
-5372.12890
-5369.33497
-5391.25169
-5402.09338
-5434.00480
-5377.15581
-5400.86307
-5375.56644
-5350.97571
-5411.29033
-5427.04245
-5435.12495
-5394.06877
-5412.10535
-5429.29483
-5428.38022
-5419.22944
-5425.36859
-5432.61926
-5406.21360
-5388.27239
-5421.49037
-5398.43790
-5383.44799
-5406.84358
-5405.58222
-5401.61358
-5425.79796
-5384.78612
-5390.66368
-5445.51316
-5434.44784
-5391.77873
-5386.88835
-5367.07496
-5388.54931
-5396.60260
-5427.46305
-5419.20318
-5410.36647
-5422.61304
-5429.23184
-5409.88659
-5404.71892
-5417.30219
-5402.29134
-5430.03719
-5390.64656
-5400.79809
-5401.78737
-5366.90584
-5401.68616
-5393.46408
-5386.75289
-5393.72402
-5375.45894
-5379.55455
-5362.75941
-5379.07996
-5403.93047
-5396.04685
-5430.92521
-5403.83969
-5402.29159
-5397.63344
-5398.29788
-5403.49546
-5414.96304
-5449.60272
-5430.19959
-5434.90659
-5408.48413
-5379.85647
-5389.48439
-5363.47278
-5435.99116
-5418.07108
-5410.76290
-5411.60749
-5385.47168
-5390.25933
-5402.38674
-5391.53786
-5418.40875
-5402.65675
-5408.68998
-5406.60247
-5406.11886
-5406.89931
-5425.75688
-5400.70737
-5387.91314
-5419.08945
-5418.28975
-5407.79995
-5414.65180
-5409.30055
-5425.20807
-5395.54547
-5389.49936
-5355.92975
-5385.30630
-5347.93429
-5393.43622
-5330.07249
-5412.29913
-5409.10207
-5423.55699
-5406.07257
-5398.18493
-5408.56807
-5439.05733
-5419.37533
-5385.23187
-5358.91038
-5361.41047
-5386.97375
-5426.61498
-5438.70589
-5414.23345
-5420.07126
-5404.05103
-5400.51237
-5366.61042
-5398.94530
-5431.71878
-5431.26072
-5394.50655
-5400.36183
-5398.09994
-5394.35541
-5411.56296
-5386.21723
-5423.50172
-5444.58000
-5462.72860
-5461.02990
-5426.13011
-5415.85360
-5426.68786
-5423.40073
-5405.91637
-5444.12918
-5424.14366
-5433.46923
-5417.63878
-5393.16871
-5402.92442
-5410.24083
-5405.06542
-5420.55466
-5410.53871
-5381.04773
-5391.48874
-5379.91162
-5397.18336
-5405.92973
-5378.47237
-5408.72645
-5421.84582
-5406.46540
-5406.27103
-5417.86837
-5435.20524
-5407.39960
-5423.43212
-5402.25506
-5383.50501
-5414.89817
-5406.58575
-5376.19164
-5399.57189
-5394.49627
-5390.88862
-5398.77774
-5436.86266
-5423.95588
-5403.16026
-5410.35665
-5411.76877
-5393.26523
-5390.74082
-5394.28158
-5393.04421
-5410.67938
-5388.99865
-5374.22018
-5422.14685
-5385.98095
-5405.99319
-5373.89230
-5405.59335
-5418.07816
-5385.13483
-5416.58313
-5390.65180
-5405.42239
-5402.25111
-5414.00173
-5418.53212
-5427.49168
-5403.96547
-5402.73728
-5412.57731
-5410.98611
-5401.50094
-5385.53278
-5399.08529
-5412.68245
-5403.65529
-5434.32153
-5428.26016
-5422.37653
-5418.70239
-5396.39857
-5380.92859
-5390.16871
-5395.10788
-5458.61380
-5420.10691
-5391.90252
-5401.13594
-5377.37143
-5407.48355
-5422.59036
-5424.23559
-5429.13889
-5443.17937
-5433.69854
-5384.38333
-5401.98791
-5394.83846
-5428.76081
-5439.85678
-5413.75392
-5408.32260
-5408.85360
-5435.56338
-5407.92845
-5411.23759
-5374.18567
-5379.48868
-5417.95613
-5396.08856
-5410.47281
-5356.13451
-5365.63534
-5382.85348
-5393.02438
-5380.35697
-5373.46708
-5407.20852
-5420.04376
-5429.29231
-5390.77541
-5422.74580
-5405.63231
-5415.15899
-5428.60714
-5412.13888
-5434.60953
-5409.30036
-5401.33039
-5406.97406
-5436.23011
-5416.00938
-5387.84010
-5376.41158
-5393.80277
-5449.37766
-5451.09776
-5404.77936
-5421.23877
-5406.05429
-5390.63725
-5425.19635
-5417.83383
-5401.26034
-5433.71704
-5421.59333
-5395.34744
-5385.20452
-5417.01978
-5388.26448
-5404.92745
-5417.41319
-5397.08553
-5423.60465
-5445.08371
-5389.16329
-5378.46345
-5415.73986
-5417.16934
-5393.55781
-5411.96811
-5413.30194
-5389.26961
-5399.62700
-5410.13123
-5429.09572
-5412.92289
-5421.53446
-5379.84507
-5385.69462
-5404.43640
-5411.00676
-5406.93149
-5401.74001
-5433.54888
-5416.24482
-5408.35939
-5406.36017
-5396.06747
-5362.67773
-5373.54765
-5407.86920
-5438.41364
-5393.35017
-5403.50744
-5387.34739
-5437.95678
-5417.23223
-5391.45229
-5414.48142
-5394.22707
-5410.88784
-5457.31506
-5447.65477
-5441.27164
-5429.25221
-5408.92408
-5399.52455
-5443.21499
-5401.87741
-5397.03285
-5440.75526
-5408.72067
-5406.12396
-5383.66191
-5423.97952
-5432.86279
-5444.54689
-5429.34980
-5434.48559
-5405.68243
-5403.86298
-5397.51262
-5373.40507
-5397.78718
-5429.09423
-5423.08233
-5405.37105
-5396.04169
-5414.48647
-5421.25188
-5387.68015
-5382.61018
-5393.02480
-5430.80801
-5422.62299
-5405.47200
-5395.05992
-5421.08177
-5452.07988
-5403.37984
-5399.98195
-5400.46580
-5394.20133
-5420.06357
-5426.57113
-5426.74155
-5409.13844
-5431.39265
-5425.67255
-5386.82209
-5406.99630
-5413.90425
-5440.25817
-5425.04909
-5393.72016
-5404.13094
-5404.23110
-5388.08982
-5417.09913
-5393.15241
-5382.69736
-5405.30861
-5392.01763
-5399.04950
-5407.63008
-5387.19709
-5436.55324
-5433.68145
-5382.80750
-5379.36972
-5394.22297
-5407.17580
-5378.52889
-5395.10694
-5427.21017
-5403.81353
-5432.42154
-5456.83899
-5426.17982
-5431.01375
-5410.52563
-5377.08127
-5420.21362
-5423.16335
-5413.49879
-5406.38590
-5416.64557
-5423.06019
-5436.49481
-5447.38726
-5433.16894
-5401.57347
-5380.70907
-5409.90155
-5426.26053
-5409.13379
-5393.40266
-5416.02780
-5426.59542
-5398.77049
-5422.75077
-5412.68660
-5387.82432
-5400.19305
-5408.24505
-5411.36430
-5441.18306
-5395.96742
-5422.26904
-5413.17157
-5425.40519
-5427.89848
-5394.27551
-5368.77263
-5357.93387
-5386.35956
-5381.68286
-5368.11658
-5357.78639
-5380.16365
-5415.13364
-5402.23068
-5400.54581
-5402.98137
-5426.24654
-5395.77208
-5393.07762
-5392.73682
-5379.23242
-5374.71945
-5385.47383
-5407.50712
-5428.27238
-5400.50514
-5392.48620
-5384.32360
-5450.11953
-5404.68234
-5407.53207
-5426.61905
-5416.01598
-5427.18787
-5390.57128
-5398.87960
-5410.12916
-5433.08316
-5398.37581
-5424.33044
-5416.33074
-5408.87838
-5398.57060
-5441.10648
-5394.88698
-5432.30532
-5397.88976
-5411.67474
-5394.40240
-5384.74976
-5398.39646
-5393.55765
-5391.85517
-5382.51819
-5414.20364
-5404.35522
-5385.72756
-5395.04066
-5410.70236
-5406.43148
-5414.24973
-5405.51349
-5398.70472
-5380.81414
-5401.17664
-5405.34326
-5380.11343
-5372.10662
-5422.51746
-5419.78113
-5385.83191
-5385.07319
-5412.12793
-5411.43382
-5405.40588
-5429.93950
-5435.11676
-5412.20662
-5407.81954
-5434.73835
-5412.40600
-5427.75480
-5423.94745
-5408.42985
-5382.92072
-5407.30300
-5398.61784
-5368.43033
-5341.39408
-5378.42689
-5383.33918
-5399.12972
-5432.28156
-5421.46445
-5423.38470
-5398.28769
-5401.13162
-5389.92741
-5387.56190
-5411.63675
-5412.08269
-5430.03901
-5427.62729
-5415.36885
-5446.38779
-5423.02667
-5412.56030
-5398.41678
-5428.66596
-5430.02489
-5418.90100
-5405.30160
-5408.72562
-5428.63178
-5482.34300
-5471.20146
-5479.06505
-5435.07016
-5438.32214
-5408.73046
-5381.25584
-5407.76207
-5384.74930
-5383.20157
-5408.09868
-5433.73693
-5412.13593
-5415.39392
-5408.86421
-5393.80456
-5390.17913
-5373.70685
-5376.52700
-5410.25841
-5419.60986
-5451.74710
-5460.69945
-5444.86595
-5420.12417
-5406.63220
-5423.70686
-5419.19805
-5411.92692
-5441.51816
-5417.24157
-5431.89867
-5391.74052
-5411.29911
-5412.16610
-5435.44486
-5432.45569
-5470.85066
-5432.24264
-5399.84254
-5385.37080
-5409.39427
-5399.45152
-5423.37527
-5411.12979
-5428.64390
-5423.87058
-5395.37674
-5400.86192
-5416.62886
-5417.92835
-5392.80172
-5454.88143
-5443.24447
-5431.36401
-5406.70554
-5411.74753
-5431.31788
-5392.55533
-5398.71072
-5426.62887
-5414.03123
-5423.67468
-5399.37373
-5407.23696
-5418.01096
-5402.64473
-5420.09048
-5394.62635
-5405.50535
-5394.42307
-5401.51531
-5416.42276
-5431.85835
-5442.52533
-5450.53485
-5436.07259
-5414.08507
-5410.99928
-5384.30646
-5416.11632
-5420.96774
-5395.15491
-5401.36397
-5403.75206
-5421.00057
-5410.39019
-5419.80203
-5410.58897
-5382.70188
-5424.25897
-5460.86982
-5476.10646
-5423.00377
-5392.46628
-5391.26297
-5408.21104
-5415.83536
-5419.94680
-5404.06078
-5385.90451
-5388.14931
-5402.22175
-5377.06835
-5407.49955
-5440.29126
-5429.68913
-5409.86138
-5407.95819
-5428.77923
-5398.33371
-5367.95075
-5371.53704
-5396.34064
-5438.13246
-5407.11242
-5431.15569
-5436.64079
-5460.80412
-5427.81488
-5453.01208
-5421.26535
-5420.19403
-5417.89908
-5424.64920
-5381.98923
-5401.54063
-5418.05364
-5426.84752
-5437.04856
-5458.98787
-5458.53227
-5445.67778
-5444.45867
-5411.11819
-5415.15373
-5390.87771
-5405.67049
-5430.15399
-5379.88163
-5415.23739
-5404.84276
-5407.96584
-5434.85551
-5404.19954
-5414.79958
-5422.06405
-5387.55860
-5397.33631
-5390.56283
-5361.34437
-5377.44992
-5403.34279
-5428.39750
-5421.26199
-5435.48129
-5431.34717
-5405.45905
-5426.70470
-5419.25389
-5404.58414
-5411.22465
-5407.79768
-5443.35477
-5390.85954
-5381.93488
-5358.48526
-5388.42956
-5382.76662
-5417.72220
-5413.06978
-5407.21260
-5430.64735
-5415.82916
-5444.83101
-5419.23835
-5392.21638
-5409.05971
-5462.57021
-5471.42941
-5430.92326
-5457.86478
-5424.26709
-5441.31241
-5442.49771
-5423.86041
-5403.80621
-5405.84156
-5431.39624
-5431.85026
-5445.95068
-5418.29295
-5422.38932
-5402.36165
-5440.87440
-5404.12441
-5413.34753
-5443.45209
-5435.29948
-5443.11606
-5427.92042
-5404.75222
-5379.43823
-5389.45061
-5417.30848
-5413.19138
-5429.70158
-5454.97634
-5453.88343
-5398.52156
-5404.78286
-5377.02197
-5435.77438
-5447.23538
-5396.75585
-5395.82823
-5390.68296
-5422.73596
-5439.26753
-5420.78259
-5421.19706
-5440.33372
-5450.37405
-5442.39525
-5433.50913
-5411.28127
-5418.43656
-5410.21604
-5434.43975
-5424.91587
-5405.78142
-5428.95064
-5450.77855
-5442.15170
-5430.94056
-5406.72710
-5418.74949
-5412.03166
-5439.02871
-5404.18511
-5425.60356
-5435.40681
-5421.17323
-5397.42561
-5418.82866
-5407.59052
-5447.92079
-5434.67820
-5394.83986
-5391.21389
-5408.00569
-5423.57736
-5396.93526
-5403.94642
-5375.85217
-5420.69815
-5421.57251
-5400.21598
-5431.85710
-5407.63257
-5450.29019
-5397.76776
-5373.34330
-5405.48559
-5372.15499
-5421.50472
-5437.12474
-5433.56076
-5409.50704
-5421.42192
-5389.34258
-5379.27739
-5367.52294
-5405.73276
-5435.85005
-5426.87221
-5430.52341
-5411.13646
-5458.20571
-5432.66958
-5390.64973
-5386.82985
-5415.09407
-5420.81035
-5399.88695
-5408.74949
-5451.15936
-5440.20386
-5417.12343
-5400.57577
-5420.68142
-5428.41231
-5399.48885
-5416.19437
-5444.04829
-5459.48582
-5418.58762
-5386.25671
-5405.38209
-5413.98499
-5401.40857
-5384.46882
-5384.73373
-5390.79397
-5396.48524
-5423.41642
-5408.95911
-5427.66828
-5420.50427
-5422.09255
-5437.36747
-5424.11555
-5412.26281
-5399.96307
-5424.44277
-5397.68678
-5434.73896
-5436.21811
-5437.63870
-5475.50537
-5433.60675
-5438.75604
-5429.28581
-5401.83402
-5402.73099
-5413.74537
-5431.58315
-5433.20060
-5428.11870
-5443.98552
-5397.18631
-5438.85951
-5401.69840
-5425.07011
-5428.02633
-5403.13606
-5400.05510
-5411.17218
-5387.73664
-5403.58464
-5414.30340
-5396.82524
-5411.11933
-5421.45387
-5418.74783
-5428.67690
-5434.49300
-5434.15743
-5413.29351
-5406.02539
-5424.56332
-5452.16395
-5420.69523
-5399.79234
-5429.52662
-5396.96882
-5411.03648
-5433.00821
-5416.93730
-5456.74453
-5433.78090
-5419.98397
-5404.65051
-5420.04000
-5391.80550
-5410.31873
-5397.62488
-5416.10005
-5472.87236
-5440.30528
-5442.40526
-5449.48607
-5424.13031
-5450.27544
-5434.05819
-5406.30637
-5404.85404
-5397.67105
-5395.60745
-5408.52854
-5396.28655
-5434.40177
-5401.47466
-5404.90225
-5438.88183
-5391.45018
-5401.85209
-5363.55615
-5395.44030
-5410.97546
-5387.59571
-5413.37925
-5407.54015
-5367.82419
-5394.16085
-5413.88107
-5419.85260
-5419.58852
-5416.60069
-5416.73968
-5412.79244
-5454.83948
-5408.48616
-5447.99620
-5433.62732
-5434.26739
-5404.85730
-5422.14981
-5479.65119
-5438.71952
-5402.67914
-5428.00174
-5423.64083
-5421.66239
-5422.73050
-5424.49870
-5416.23824
-5445.26496
-5433.55480
-5434.28416
-5430.99152
-5407.78619
-5412.98444
-5435.81756
-5451.55489
-5431.99534
-5440.77466
-5407.39584
-5392.79994
-5401.84066
-5399.84691
-5384.15068
-5411.11826
-5374.36754
-5429.82384
-5453.14986
-5440.22061
-5427.01567
-5403.59625
-5410.91744
-5424.01022
-5413.89428
-5398.62617
-5376.66485
-5417.39355
-5404.46456
-5390.64609
-5385.91577
-5383.90729
-5389.65690
-5351.05549
-5360.25258
-5376.46808
-5388.73996
-5419.10861
-5416.10016
-5412.91356
-5423.88863
-5439.97322
-5430.28689
-5424.38842
-5406.63733
-5379.39246
-5418.57080
-5404.06293
-5464.12934
-5455.84678
-5442.13618
-5435.09512
-5415.80115
-5403.94843
-5383.61714
-5409.70806
-5433.36646
-5443.84750
-5452.72753
-5422.60169
-5420.06414
-5402.77242
-5415.32639
-5439.64736
-5415.88346
-5408.67371
-5406.89085
-5415.19320
-5416.15035
-5397.71337
-5385.19734
-5392.98192
-5429.53871
-5439.56834
-5419.64912
-5432.82930
-5393.23414
-5431.99896
-5387.51350
-5440.11663
-5454.38570
-5479.53773
-5409.72538
-5395.52094
-5425.86567
-5406.48085
-5406.73609
-5400.62758
-5379.48248
-5386.68548
-5404.82632
-5399.99344
-5403.43111
-5398.35498
-5426.98230
-5388.03949
-5396.89200
-5392.27397
-5410.13384
-5456.28089
-5443.13225
-5413.98340
-5416.59654
-5437.65141
-5407.81616
-5433.97281
-5438.76435
-5416.64491
-5401.82841
-5412.50337
-5393.39613
-5411.49050
-5394.99225
-5401.89548
-5393.89762
-5409.74047
-5432.62949
-5402.11673
-5417.80390
-5388.47839
-5395.49792
-5373.70055
-5376.22266
-5372.44267
-5398.41896
-5422.96616
-5439.51867
-5431.55617
-5438.30569
-5415.92283
-5383.07605
-5430.40206
-5439.31091
-5424.38736
-5428.55850
-5407.70668
-5399.14102
-5397.68914
-5426.94458
-5436.36824
-5422.50800
-5445.40920
-5433.44635
-5443.40647
-5452.57631
-5406.53458
-5412.43063
-5457.13727
-5472.99024
-5419.32037
-5444.88310
-5434.85978
-5448.65877
-5413.25759
-5404.53149
-5420.67819
-5418.85464
-5409.46961
-5396.10846
-5410.99528
-5402.58033
-5401.24506
-5420.73784
-5422.57569
-5398.21986
-5391.95921
-5397.63919
-5412.47636
-5404.71218
-5390.70364
-5423.96544
-5432.09494
-5418.07748
-5429.17644
-5410.25247
-5381.65713
-5397.72222
-5393.14670
-5388.44436
-5371.36920
-5391.80775
-5400.82341
-5426.82367
-5388.82756
-5431.28871
-5453.13827
-5438.28131
-5404.17974
-5395.79005
-5389.86339
-5410.47385
-5398.68181
-5393.66411
-5430.73540
-5412.76386
-5385.17204
-5389.43443
-5412.14790
-5431.24779
-5425.23801
-5411.21586
-5432.99372
-5449.71265
-5416.84780
-5416.14729
-5419.26022
-5421.74885
-5399.97445
-5383.63853
-5393.21838
-5390.29336
-5369.11013
-5398.64589
-5395.57990
-5392.68370
-5397.08803
-5411.30339
-5404.82187
-5409.88495
-5415.30050
-5434.91785
-5423.88099
-5442.30407
-5411.27424
-5420.03503
-5413.18930
-5426.40183
-5406.77858
-5468.61215
-5429.56431
-5422.80534
-5421.02892
-5384.66028
-5410.35103
-5363.40629
-5396.38177
-5399.93099
-5398.70916
-5385.03905
-5366.55674
-5393.32000
-5390.87991
-5371.38167
-5382.26866
-5397.19719
-5408.04073
-5399.16120
-5400.21164
-5430.71989
-5396.00719
-5430.97036
-5458.93260
-5443.62915
-5410.43217
-5379.84342
-5389.30949
-5448.55438
-5443.33863
-5428.37395
-5446.96764
-5430.25571
-5389.37005
-5384.90914
-5397.54191
-5412.78227
-5399.16706
-5391.52343
-5407.22926
-5405.48545
-5428.38272
-5420.73664
-5434.63917
-5426.15526
-5413.84852
-5385.60770
-5406.67302
-5408.92404
-5414.22318
-5426.79369
-5422.55063
-5447.62493
-5415.90685
-5413.87182
-5409.89846
-5414.89212
-5412.14490
-5412.27876
-5426.08971
-5435.20246
-5414.48380
-5399.75628
-5408.00395
-5394.42145
-5419.84192
-5438.67342
-5428.40751
-5405.26454
-5411.10352
-5408.30228
-5394.84248
-5363.37110
-5367.78670
-5363.22793
-5393.68825
-5391.57677
-5400.60748
-5418.98877
-5412.02669
-5395.32664
-5405.12666
-5413.58759
-5417.19082
-5426.19320
-5434.53881
-5387.52792
-5405.75818
-5419.02453
-5396.31170
-5425.45027
-5438.73070
-5434.69435
-5425.96002
-5421.97010
-5418.36310
-5414.07738
-5376.33558
-5379.01704
-5393.53686
-5420.18761
-5386.19570
-5391.17125
-5418.39677
-5395.71993
-5403.34842
-5400.19402
-5432.80745
-5394.25503
-5394.53180
-5395.23161
-5389.62386
-5424.49060
-5401.29995
-5389.72410
-5387.42216
-5374.44688
-5380.80013
-5398.18370
-5433.50048
-5432.00000
-5475.92793
-5404.23676
-5406.17705
-5396.61687
-5409.76714
-5418.08765
-5382.38096
-5383.79025
-5386.93922
-5387.93075
-5423.69277
-5429.42746
-5404.73444
-5411.53854
-5415.58001
-5430.28167
-5403.98089
-5416.12330
-5439.67338
-5455.80374
-5451.48170
-5397.00441
-5408.34116
-5420.82814
-5422.29992
-5429.97231
-5415.94795
-5376.05890
-5399.66973
-5422.35236
-5412.48879
-5423.52967
-5430.57791
-5412.73290
-5411.12461
-5383.86609
-5424.63960
-5439.05465
-5393.45393
-5432.88177
-5440.05796
-5419.05987
-5441.51571
-5428.76596
-5431.15772
-5426.24363
-5409.19764
-5413.93204
-5401.95963
-5411.90786
-5430.70108
-5437.30511
-5416.02201
-5434.48464
-5415.12743
-5391.17465
-5412.84094
-5381.34010
-5400.54699
-5401.02167
-5427.05874
-5410.66019
-5422.34902
-5407.81194
-5414.99895
-5406.13402
-5388.12191
-5442.43316
-5439.66604
-5410.04462
-5403.24355
-5408.93178
-5426.57011
-5457.28471
-5414.01194
-5435.93958
-5428.17664
-5371.93875
-5405.77557
-5382.45515
-5432.68064
-5396.53122
-5421.04760
-5426.75803
-5434.81544
-5405.85974
-5393.80515
-5407.91567
-5408.57041
-5414.55068
-5421.72403
-5433.73105
-5436.54992
-5411.93803
-5394.90145
-5413.33932
-5405.75871
-5415.88989
-5395.95631
-5387.61161
-5431.42430
-5443.36925
-5431.53703
-5426.81079
-5395.29286
-5377.35931
-5390.09563
-5389.64201
-5400.82546
-5392.77579
-5380.26730
-5386.84271
-5422.82850
-5395.01321
-5389.74847
-5423.44048
-5378.44261
-5391.54492
-5399.16054
-5393.71712
-5412.73106
-5407.19535
-5413.81461
-5452.86523
-5434.65509
-5439.13911
-5428.96517
-5450.56451
-5427.18347
-5434.33095
-5436.61086
-5419.56879
-5388.74916
-5365.80668
-5414.39676
-5385.49967
-5419.62062
-5406.50136
-5363.15012
-5380.74614
-5410.80369
-5390.98521
-5414.83622
-5437.55547
-5387.95123
-5401.03621
-5410.33097
-5401.88563
-5415.75433
-5432.13677
-5423.49341
-5408.05121
-5407.52682
-5392.99486
-5415.45034
-5415.63547
-5429.05066
-5424.74796
-5404.94443
-5379.93916
-5353.55566
-5397.06966
-5438.72061
-5438.47991
-5433.19288
-5415.97655
-5453.00626
-5419.74296
-5451.97894
-5453.68264
-5462.23113
-5439.25457
-5411.20996
-5391.81044
-5413.75073
-5419.52683
-5434.13259
-5429.64609
-5436.34983
-5473.93611
-5428.62005
-5437.44171
-5403.70907
-5426.35139
-5418.79758
-5392.28349
-5385.49483
-5411.48577
-5431.19725
-5422.04216
-5442.06968
-5431.23497
-5374.43293
-5394.23563
-5413.31646
-5386.40141
-5386.97389
-5391.08356
-5344.98207
-5398.73813
-5386.00916
-5416.50188
-5426.81027
-5407.48327
-5425.98825
-5398.15854
-5386.66377
-5385.73505
-5405.17532
-5434.85209
-5406.72941
-5404.33013
-5406.14457
-5385.42184
-5438.37934
-5430.34851
-5437.68659
-5422.36076
-5433.00698
-5441.74188
-5467.47312
-5434.60476
-5394.62604
-5414.92249
-5384.70118
-5385.96513
-5414.47166
-5425.92296
-5427.32308
-5421.58985
-5430.00961
-5403.16396
-5376.12220
-5400.22034
-5427.09268
-5453.44331
-5437.22695
-5439.82332
-5431.18001
-5405.51918
-5390.44935
-5391.81815
-5385.80327
-5423.82477
-5420.97708
-5402.01734
-5390.38907
-5413.72699
-5404.24442
-5395.57515
-5363.12820
-5348.19206
-5370.74661
-5397.11156
-5405.88884
-5464.02506
-5430.55815
-5421.88343
-5375.91865
-5392.51948
-5387.14047
-5370.36990
-5452.48031
-5432.89918
-5420.11350
-5404.24610
-5394.88325
-5386.40996
-5426.88712
-5413.48808
-5384.08082
-5404.62926
-5420.09612
-5413.19724
-5405.58277
-5378.81086
-5393.82748
-5400.66941
-5377.94903
-5411.97101
-5412.95427
-5397.43047
-5361.46603
-5373.78354
-5363.05304
-5413.77743
-5414.63059
-5424.13364
-5420.56833
-5380.31816
-5408.62750
-5386.89110
-5361.52211
-5398.24270
-5410.64610
-5428.90136
-5387.16766
-5379.45641
-5392.97217
-5406.93116
-5418.52886
-5422.87037
-5415.54371
-5395.78719
-5396.79430
-5419.04497
-5420.23066
-5384.27863
-5439.38560
-5450.42474
-5427.16213
-5409.13399
-5377.75434
-5409.93044
-5422.77291
-5393.82373
-5388.32837
-5417.38105
-5402.43673
-5417.99454
-5370.09013
-5389.62111
-5404.43063
-5427.21866
-5403.02973
-5419.73174
-5418.26063
-5392.10217
-5388.79018
-5434.93749
-5389.49519
-5418.99515
-5403.12583
-5424.48867
-5416.97359
-5399.55880
-5426.61809
-5436.94374
-5404.37273
-5410.43971
-5361.80934
-5391.38849
-5399.20920
-5430.41683
-5425.44893
-5445.73607
-5413.36647
-5425.02250
-5426.87964
-5427.16636
-5416.31920
-5408.70713
-5422.46691
-5399.85646
-5397.65189
-5406.98653
-5421.68734
-5438.34487
-5437.43101
-5403.51014
-5402.49675
-5442.98672
-5439.05034
-5411.46620
-5421.75738
-5463.27818
-5411.64324
-5424.08983
-5445.01842
-5449.29309
-5415.63381
-5440.79436
-5441.87769
-5445.35467
-5410.87233
-5390.52492
-5398.96940
-5407.67874
-5419.27925
-5404.87199
-5424.05452
-5405.01131
-5397.31356
-5407.70634
-5410.35642
-5418.79608
-5430.35100
-5404.48387
-5412.51887
-5415.91303
-5399.48087
-5401.49622
-5402.32004
-5377.86653
-5372.61544
-5425.72465
-5409.82147
-5428.37902
-5432.04974
-5417.70067
-5392.79218
-5433.59794
-5430.86994
-5416.58057
-5411.39565
-5429.92504
-5407.27107
-5386.66961
-5345.76510
-5362.54284
-5349.62913
-5404.56517
-5436.08231
-5399.14072
-5415.64599
-5413.32381
-5392.95650
-5409.14991
-5394.23512
-5409.51949
-5424.11289
-5417.37293
-5421.57438
-5397.35986
-5452.02158
-5439.54095
-5435.48788
-5427.21821
-5460.76397
-5420.34284
-5420.95573
-5415.49493
-5415.79938
-5423.43555
-5398.70815
-5375.39626
-5364.02783
-5382.98100
-5430.67576
-5430.92936
-5367.96953
-5371.53983
-5381.71072
-5421.34928
-5438.42827
-5433.61287
-5422.78389
-5377.65561
-5414.49075
-5436.76819
-5356.27379
-5394.74779
-5422.45013
-5408.06769
-5439.86106
-5428.92088
-5459.54373
-5431.10883
-5434.89020
-5453.66753
-5432.62875
-5406.72616
-5402.49375
-5389.93254
-5396.41326
-5411.28835
-5415.41965
-5409.63063
-5399.92295
-5398.57983
-5421.39308
-5424.91461
-5408.06114
-5406.41417
-5399.29869
-5416.39911
-5414.09786
-5425.93660
-5414.88759
-5397.27003
-5427.34069
-5427.01702
-5392.35543
-5377.88051
-5401.58241
-5389.28157
-5380.27495
-5396.22051
-5424.53139
-5388.67146
-5428.86016
-5429.55996
-5404.10874
-5423.46667
-5426.59679
-5421.59511
-5430.83553
-5439.93105
-5452.74823
-5445.78322
-5476.33108
-5426.35670
-5399.07423
-5411.35132
-5442.76501
-5411.07010
-5377.81780
-5414.03594
-5435.13773
-5443.06086
-5421.74365
-5411.81757
-5393.85851
-5381.71750
-5424.79095
-5435.65052
-5373.02933
-5387.01998
-5419.42859
-5399.51527
-5460.63217
-5453.68473
-5411.23125
-5395.56805
-5390.15181
-5422.00418
-5432.72178
-5456.68402
-5436.84423
-5433.69024
-5455.58972
-5458.55264
-5379.44837
-5357.11208
-5407.30096
-5405.64573
-5405.11346
-5403.25035
-5404.85965
-5421.10519
-5422.45962
-5407.07976
-5392.35250
-5399.39390
-5391.26357
-5365.12423
-5411.01315
-5382.67707
-5386.33660
-5370.46702
-5361.52882
-5392.32381
-5387.33750
-5373.82854
-5418.44277
-5413.05749
-5411.54018
-5440.04234
-5411.33069
-5377.15884
-5364.67189
-5424.28166
-5405.24137
-5397.29473
-5391.05426
-5411.04732
-5428.82286
-5408.66570
-5438.14755
-5417.91004
-5434.22989
-5410.19543
-5420.90348
-5411.35161
-5412.40112
-5410.26185
-5398.47316
-5390.24126
-5362.88514
-5388.28715
-5370.99113
-5373.47228
-5395.17544
-5390.75100
-5395.90356
-5404.48483
-5382.59873
-5399.95731
-5422.63725
-5371.40795
-5385.67060
-5408.07432
-5422.57116
-5368.87848
-5421.40141
-5415.74259
-5449.55776
-5392.98779
-5364.36041
-5381.26457
-5400.75066
-5387.56499
-5379.87281
-5427.24794
-5406.93240
-5411.11998
-5395.61231
-5383.25398
-5402.30180
-5422.71421
-5451.05492
-5410.97759
-5432.32976
-5415.02557
-5388.43641
-5405.07450
-5436.01210
-5439.99348
-5422.03712
-5428.25162
-5403.72561
-5382.97027
-5416.74085
-5416.75804
-5392.10415
-5391.55530
-5376.40069
-5406.22728
-5409.20880
-5398.92678
-5393.02614
-5411.63815
-5402.23828
-5407.63780
-5432.34296
-5423.80957
-5385.71513
-5399.32947
-5387.08034
-5390.72496
-5392.99746
-5367.74587
-5365.73679
-5387.45299
-5402.07358
-5427.37210
-5406.66084
-5388.56891
-5427.31429
-5411.26211
-5424.36549
-5395.30576
-5372.07922
-5389.45768
-5382.07893
-5416.72565
-5407.22763
-5417.71563
-5431.12994
-5422.51516
-5400.24227
-5390.25559
-5435.03271
-5395.97015
-5422.01032
-5395.76320
-5427.18785
-5449.03947
-5422.41214
-5409.57002
-5438.74547
-5433.48151
-5432.60929
-5381.09868
-5406.29150
-5398.19983
-5419.15556
-5405.33307
-5376.47700
-5355.04690
-5385.47212
-5422.76363
-5419.47851
-5411.89658
-5426.49343
-5380.39778
-5425.33908
-5385.45876
-5415.04782
-5420.75859
-5446.65930
-5438.60898
-5400.84721
-5414.25280
-5382.30029
-5365.00218
-5382.40629
-5390.35966
-5380.70375
-5406.15133
