-5261.52667
-5241.53749
-5258.82240
-5251.85921
-5223.32590
-5260.11198
-5278.69400
-5260.98206
-5273.56930
-5253.15401
-5242.39053
-5235.96666
-5231.17968
-5239.15332
-5274.22102
-5267.47443
-5261.42616
-5259.00768
-5261.43158
-5258.04008
-5242.10952
-5244.24728
-5229.00164
-5229.38494
-5240.79991
-5236.78434
-5216.77378
-5242.24268
-5234.56261
-5240.99904
-5271.83009
-5249.39325
-5258.07824
-5267.33650
-5270.10700
-5265.11138
-5237.31173
-5241.74119
-5218.10993
-5209.41101
-5223.84853
-5221.56301
-5269.06525
-5230.87170
-5258.13837
-5279.88348
-5284.08417
-5298.94580
-5275.50880
-5244.39007
-5248.79987
-5248.36262
-5268.84655
-5247.52059
-5253.89461
-5272.79744
-5240.57875
-5275.36908
-5250.82009
-5250.69175
-5317.60125
-5264.07463
-5297.74359
-5282.41674
-5268.50551
-5240.51749
-5227.65412
-5237.37008
-5257.82967
-5210.02777
-5230.16778
-5249.07801
-5229.73867
-5239.06102
-5258.45398
-5260.37638
-5250.95367
-5269.74829
-5230.12636
-5241.52240
-5253.59703
-5270.79703
-5283.02259
-5286.28904
-5224.06899
-5224.76248
-5217.75985
-5246.87137
-5260.18376
-5261.18091
-5241.08274
-5309.77516
-5300.89042
-5264.59351
-5269.78264
-5277.74613
-5293.22396
-5236.44921
-5218.16320
-5256.22417
-5233.43061
-5237.30670
-5249.32784
-5246.32299
-5229.89561
-5251.05325
-5249.35301
-5251.52798
-5243.67653
-5265.21549
-5285.96887
-5282.30989
-5258.26978
-5256.24017
-5234.39792
-5293.80684
-5281.27407
-5277.76293
-5237.04445
-5260.32790
-5239.43703
-5245.20157
-5249.71979
-5294.56343
-5266.35150
-5248.19835
-5225.04258
-5287.89498
-5262.49288
-5227.79249
-5236.72323
-5249.58072
-5248.55086
-5277.37906
-5273.48204
-5270.79807
-5226.77143
-5200.51703
-5249.17613
-5285.98701
-5286.53356
-5245.91006
-5245.11490
-5231.13158
-5225.95265
-5244.82272
-5246.61393
-5215.66458
-5269.99323
-5269.97406
-5227.55428
-5236.27778
-5248.20541
-5236.71071
-5191.51389
-5203.03849
-5260.59904
-5267.62859
-5243.07965
-5252.83372
-5265.66176
-5242.34187
-5292.94192
-5266.43060
-5260.08334
-5262.85026
-5271.56174
-5235.78549
-5251.86889
-5292.98934
-5264.36924
-5257.15803
-5235.46740
-5254.83183
-5241.38695
-5235.26327
-5236.70995
-5271.35600
-5313.52856
-5305.27671
-5231.13479
-5222.84812
-5253.22081
-5228.99274
-5266.76506
-5256.45191
-5277.82884
-5260.49639
-5260.65669
-5284.13096
-5251.73786
-5238.87855
-5228.13575
-5256.17115
-5268.30843
-5265.10801
-5256.96506
-5257.00042
-5273.02724
-5246.05489
-5248.57256
-5274.07344
-5272.11902
-5271.88377
-5244.88303
-5244.06730
-5197.68926
-5208.79731
-5231.00131
-5279.33537
-5254.69484
-5241.31174
-5255.45088
-5268.29899
-5259.68173
-5254.42691
-5232.98259
-5207.63714
-5264.43780
-5277.03212
-5259.59912
-5261.84172
-5221.84553
-5231.57869
-5221.60313
-5253.24314
-5232.90075
-5250.18266
-5240.00376
-5246.61118
-5238.53391
-5277.21863
-5232.55043
-5239.32786
-5224.13899
-5291.58781
-5260.72018
-5217.11159
-5235.88840
-5259.36364
-5277.15687
-5264.90323
-5279.73902
-5269.17794
-5238.98169
-5231.11141
-5232.07104
-5254.22022
-5268.27875
-5275.72146
-5246.35637
-5243.44404
-5232.04232
-5246.51958
-5261.87077
-5226.18946
-5262.84138
-5236.87323
-5241.22434
-5263.25918
-5243.09402
-5277.81729
-5264.48600
-5250.82564
-5245.45551
-5261.86464
-5281.52607
-5287.69082
-5295.04327
-5248.89505
-5273.91589
-5287.29027
-5298.91380
-5286.23022
-5268.95249
-5246.85379
-5249.12160
-5253.77601
-5250.90282
-5206.03897
-5251.09865
-5280.30536
-5246.77259
-5233.79979
-5207.93056
-5196.39577
-5219.91964
-5243.06622
-5273.22142
-5277.68199
-5307.79706
-5277.63358
-5291.69226
-5261.30762
-5297.34529
-5275.65968
-5230.67255
-5232.13967
-5239.90059
-5229.76435
-5287.98100
-5250.46624
-5246.40440
-5250.47245
-5259.25070
-5260.61935
-5310.79030
-5258.93503
-5244.12185
-5277.76402
-5213.06250
-5230.92639
-5268.54517
-5273.94825
-5284.88695
-5256.46008
-5249.20723
-5276.68976
-5257.78986
-5216.36259
-5236.58825
-5264.24263
-5274.49686
-5209.77701
-5219.91445
-5229.39685
-5232.81790
-5232.12829
-5220.38839
-5265.27360
-5273.42133
-5279.03022
-5251.83779
-5218.24566
-5223.82152
-5288.17118
-5285.81769
-5266.26583
-5253.61038
-5252.74574
-5267.03002
-5269.85711
-5254.66123
-5254.48137
-5231.17245
-5255.45998
-5242.66936
-5254.02382
-5249.70799
-5278.64174
-5274.66891
-5257.57117
-5257.25817
-5247.13387
-5248.48288
-5282.85924
-5237.83345
-5222.64991
-5253.14362
-5247.62668
-5219.69358
-5270.80502
-5262.85521
-5240.70381
-5307.57153
-5296.50108
-5272.00687
-5220.01382
-5248.64758
-5216.69500
-5262.71614
-5259.46030
-5242.09091
-5253.26957
-5268.41246
-5273.28591
-5269.03370
-5300.55189
-5278.33955
-5260.91637
-5246.40222
-5209.57125
-5254.24311
-5209.77127
-5200.47664
-5222.32060
-5224.65767
-5230.41984
-5238.40246
-5230.31973
-5266.05263
-5285.82993
-5251.89552
-5254.94252
-5234.81434
-5281.63621
-5262.50309
-5295.86337
-5285.26711
-5254.00104
-5236.04058
-5263.34907
-5262.72834
-5248.65961
-5267.72148
-5225.48366
-5244.25869
-5252.80324
-5272.83766
-5247.90322
-5209.85493
-5232.69099
-5264.61860
-5223.29731
-5227.84540
-5260.83307
-5236.21077
-5229.73740
-5218.94136
-5253.59779
-5272.15368
-5244.94835
-5253.88510
-5262.34782
-5313.12829
-5289.04167
-5276.71719
-5259.90228
-5304.89987
-5268.77307
-5278.53919
-5256.75043
-5258.11143
-5213.45727
-5272.50607
-5288.66363
-5236.89293
-5275.01872
-5289.55528
-5253.35750
-5237.62528
-5217.68401
-5243.11273
-5232.22620
-5254.74775
-5212.79458
-5265.70836
-5252.58089
-5231.24557
-5235.78952
-5234.11274
-5243.13476
-5265.26891
-5249.83048
-5274.58452
-5249.92184
-5241.51883
-5242.22211
-5279.02683
-5274.46645
-5288.13281
-5256.46307
-5225.35646
-5240.02360
-5242.58070
-5261.37217
-5262.14133
-5245.44067
-5271.15794
-5232.40060
-5259.83986
-5265.10118
-5275.84595
-5237.03673
-5264.78544
-5242.55533
-5261.06887
-5263.20593
-5233.92311
-5209.39870
-5213.63735
-5269.55029
-5286.44592
-5257.67825
-5249.70671
-5209.80203
-5236.50878
-5254.24949
-5233.31410
-5257.66305
-5247.31533
-5292.10122
-5264.56986
-5272.99657
-5307.91599
-5259.50008
-5264.89170
-5260.76576
-5249.32849
-5213.59375
-5270.66140
-5243.10853
-5276.01130
-5244.17572
-5269.18149
-5232.23028
-5219.39566
-5246.16050
-5229.48290
-5253.83180
-5260.92784
-5228.65227
-5217.30108
-5231.06984
-5203.17403
-5218.80513
-5267.61274
-5226.50146
-5243.87289
-5220.27194
-5231.11550
-5215.90850
-5224.97398
-5211.31745
-5223.13769
-5236.01138
-5221.01835
-5242.55529
-5251.90802
-5290.25680
-5287.49126
-5251.95414
-5262.41695
-5282.85700
-5226.18811
-5275.98174
-5284.21726
-5254.78609
-5263.34289
-5260.19807
-5262.27494
-5278.15319
-5261.44343
-5231.59806
-5223.53453
-5335.29397
-5266.07949
-5239.06974
-5257.81486
-5256.11552
-5244.42934
-5257.87155
-5266.25661
-5254.57023
-5267.50981
-5258.32509
-5268.96647
-5272.62603
-5280.00515
-5259.41376
-5239.70258
-5244.08703
-5238.84457
-5232.87811
-5232.17708
-5243.82634
-5241.25727
-5254.53806
-5283.92571
-5248.62013
-5236.95180
-5259.58967
-5205.79282
-5200.68042
-5236.98696
-5277.03718
-5239.76987
-5268.18107
-5278.70740
-5244.87511
-5254.87849
-5271.40347
-5270.02782
-5236.42522
-5195.47842
-5236.52467
-5249.27251
-5266.27339
-5253.14675
-5240.69423
-5228.47088
-5273.10911
-5292.86740
-5257.91886
-5246.15722
-5266.35984
-5248.44592
-5241.62740
-5235.41107
-5227.47125
-5251.80286
-5187.96164
-5232.68605
-5254.02998
-5244.32478
-5243.03832
-5234.18733
-5244.63306
-5240.51213
-5243.76774
-5268.22861
-5251.87951
-5251.58056
-5236.44034
-5205.37221
-5213.63590
-5263.39660
-5243.51952
-5252.85681
-5256.90388
-5229.26968
-5241.35443
-5228.52389
-5243.27232
-5239.95818
-5245.93043
-5249.91165
-5286.89680
-5265.46137
-5283.86593
-5267.00362
-5235.23676
-5230.94526
-5231.10128
-5254.34564
-5255.08887
-5267.46778
-5258.71224
-5270.12614
-5268.18497
-5230.67009
-5226.38263
-5235.55037
-5238.01369
-5238.98518
-5259.26145
-5213.17860
-5206.39575
-5261.41294
-5263.59241
-5259.47214
-5232.33683
-5212.83310
-5260.40387
-5271.04053
-5263.31919
-5293.61001
-5262.71913
-5249.66801
-5252.84657
-5241.28292
-5260.64396
-5248.61998
-5250.63582
-5250.34887
-5241.82726
-5234.24921
-5237.93578
-5204.96764
-5233.69867
-5236.33274
-5251.72648
-5245.52093
-5255.78275
-5232.19286
-5256.51697
-5283.21348
-5244.05181
-5271.92563
-5241.19353
-5243.31927
-5206.13408
-5217.20777
-5207.71589
-5253.28951
-5250.90474
-5228.48389
-5249.51110
-5267.26161
-5274.59059
-5264.01141
-5262.03844
-5272.39978
-5240.88380
-5265.04865
-5258.26229
-5239.18881
-5239.98407
-5228.70357
-5235.76845
-5255.01344
-5239.47978
-5253.55544
-5266.83341
-5270.81698
-5268.15251
-5280.08168
-5260.70277
-5247.89948
-5253.03660
-5247.32654
-5217.66994
-5218.76895
-5242.40411
-5244.55754
-5237.60969
-5233.84887
-5241.00710
-5243.23636
-5263.68402
-5252.97168
-5267.06320
-5223.24707
-5223.57710
-5276.58732
-5246.47537
-5309.21419
-5255.71375
-5279.69275
-5258.81541
-5233.05821
-5257.11566
-5254.05289
-5224.03861
-5270.25842
-5229.24114
-5216.82560
-5241.27700
-5207.54564
-5252.22844
-5255.94912
-5231.23141
-5252.94017
-5262.69217
-5218.59456
-5252.51330
-5255.41303
-5220.96662
-5259.77235
-5234.54875
-5227.37289
-5239.14151
-5248.36775
-5251.72018
-5292.40299
-5290.63588
-5288.79215
-5278.44938
-5276.96201
-5236.23634
-5248.44424
-5273.77571
-5262.50306
-5283.56800
-5213.52213
-5291.18982
-5265.72422
-5266.36483
-5227.18645
-5247.33024
-5243.53087
-5246.31157
-5249.89852
-5284.31310
-5259.31905
-5212.82767
-5246.26187
-5228.23201
-5248.86991
-5234.91712
-5233.29962
-5225.07001
-5234.41330
-5269.16584
-5242.44379
-5200.33835
-5257.68644
-5283.46373
-5262.99436
-5293.70221
-5278.49608
-5287.35837
-5264.36861
-5251.78053
-5278.99097
-5235.32814
-5250.45286
-5238.14423
-5243.57491
-5261.55639
-5251.71871
-5262.44797
-5227.66868
-5221.05058
-5248.31453
-5243.03771
-5263.21191
-5269.00091
-5267.82700
-5242.83245
-5235.18875
-5264.18694
-5247.25350
-5240.38452
-5244.24704
-5260.59753
-5226.68225
-5240.66539
-5261.15851
-5239.41358
-5243.51126
-5230.90449
-5241.38871
-5237.36418
-5260.12098
-5259.64303
-5215.43301
-5238.15528
-5259.72308
-5283.27742
-5291.42191
-5234.69843
-5253.99047
-5279.64222
-5257.04040
-5298.15700
-5270.68727
-5234.15734
-5225.91255
-5261.63197
-5237.44638
-5215.98994
-5244.88284
-5266.41939
-5250.89263
-5226.28684
-5220.01576
-5287.43098
-5265.05515
-5287.47234
-5235.65325
-5219.24739
-5219.47567
-5255.13989
-5283.74950
-5282.77235
-5256.96354
-5246.38955
-5226.64728
-5202.20400
-5225.29400
-5279.54462
-5278.96657
-5279.82450
-5254.33909
-5256.24015
-5240.91588
-5225.59750
-5222.52497
-5231.96193
-5254.34777
-5245.35752
-5262.89032
-5247.73118
-5232.24363
-5253.05098
-5233.93115
-5255.06618
-5247.81924
-5251.18691
-5243.37590
-5251.78920
-5261.50356
-5273.55673
-5260.05410
-5293.83143
-5261.32476
-5265.25269
-5237.09615
-5205.38460
-5242.18115
-5252.38012
-5232.94690
-5269.77194
-5268.88223
-5259.39460
-5244.63615
-5242.28175
-5201.58153
-5237.72811
-5224.47428
-5246.01720
-5199.35180
-5218.34279
-5232.19716
-5275.29448
-5254.98443
-5227.85234
-5251.44426
-5238.58584
-5255.72377
-5197.19098
-5216.67787
-5224.00869
-5240.26414
-5254.79788
-5256.74388
-5221.30351
-5249.18127
-5281.23450
-5253.50399
-5262.19825
-5245.95867
-5249.92066
-5272.91940
-5277.04907
-5272.87472
-5237.86079
-5276.38504
-5242.97607
-5247.73763
-5210.52000
-5214.24271
-5254.61064
-5253.35435
-5245.71583
-5253.10134
-5230.55936
-5248.14653
-5249.21878
-5248.63811
-5267.13975
-5272.48887
-5238.32833
-5223.45704
-5295.63197
-5241.33082
-5254.34049
-5286.11421
-5253.62892
-5214.66825
-5299.07647
-5279.35699
-5268.04086
-5259.89363
-5261.31789
-5255.03043
-5266.87051
-5258.87465
-5284.77236
-5261.07006
-5252.00342
-5245.78450
-5238.56022
-5241.58641
-5242.12328
-5247.41518
-5259.60648
-5247.73505
-5295.72071
-5234.15046
-5240.94543
-5243.50163
-5263.56846
-5239.11470
-5286.04165
-5267.69943
-5244.51050
-5231.50684
-5227.78752
-5217.77300
-5212.27787
-5242.96122
-5225.02571
-5265.36168
-5260.42390
-5261.05066
-5218.16484
-5258.79248
-5231.00704
-5227.71764
-5252.76261
-5248.50819
-5255.92339
-5248.40075
-5264.27844
-5297.06446
-5276.91014
-5276.78618
-5298.62921
-5260.47905
-5257.13473
-5257.32454
-5254.01224
-5251.61634
-5263.93982
-5263.19417
-5269.93472
-5271.03563
-5284.85927
-5242.40269
-5294.80816
-5255.41893
-5229.55510
-5257.37601
-5243.93169
-5222.68817
-5227.95892
-5264.88986
-5259.29510
-5279.64051
-5265.00408
-5223.10203
-5232.44151
-5190.07596
-5200.07525
-5226.95349
-5248.02328
-5254.84450
-5269.30211
-5258.66626
-5259.37216
-5260.14262
-5264.78356
-5253.57230
-5251.28393
-5246.51225
-5262.34743
-5268.06356
-5283.94914
-5247.31210
-5240.18583
-5286.53715
-5238.34326
-5226.25697
-5278.62581
-5290.56793
-5236.81448
-5241.95519
-5224.14689
-5214.75392
-5239.53469
-5249.30988
-5239.77079
-5253.80061
-5263.54412
-5278.68957
-5259.89539
-5248.33825
-5224.75055
-5261.89022
-5261.20361
-5230.47420
-5228.27086
-5215.81414
-5241.58507
-5223.68187
-5261.34903
-5260.83167
-5209.40548
-5276.30695
-5254.74585
-5257.17630
-5239.73111
-5263.61279
-5273.46451
-5288.85863
-5279.02283
-5218.37190
-5255.46931
-5251.25719
-5231.90792
-5253.42851
-5299.41868
-5259.77209
-5217.99265
-5228.09786
-5271.28029
-5270.85696
-5273.50577
-5240.89365
-5262.06151
-5246.52679
-5246.11865
-5244.82884
-5287.37554
-5301.65990
-5216.38625
-5234.08472
-5254.94275
-5250.81181
-5257.46498
-5255.10957
-5259.89215
-5231.02804
-5238.50902
-5254.73344
-5221.91909
-5238.39081
-5197.59403
-5185.60175
-5196.04999
-5253.90346
-5269.55876
-5276.35587
-5250.68727
-5242.23469
-5217.40030
-5237.02698
-5251.48147
-5231.09286
-5238.12077
-5253.10992
-5260.22035
-5231.08013
-5233.64896
-5238.36806
-5200.54759
-5242.60348
-5229.06189
-5240.22018
-5215.02939
-5238.44360
-5251.56222
-5245.54117
-5206.46112
-5219.83034
-5227.80355
-5226.98118
-5236.90939
-5215.75908
-5251.26724
-5280.63018
-5276.74291
-5287.70904
-5249.92056
-5211.07057
-5227.00313
-5262.72503
-5277.51590
-5269.89795
-5247.71925
-5232.57407
-5273.69724
-5243.39462
-5249.93409
-5226.61819
-5248.23249
-5240.36225
-5212.44269
-5266.21920
-5226.86175
-5190.78585
-5231.16748
-5243.40595
-5235.94729
-5262.29966
-5258.11752
-5252.89946
-5214.28983
-5216.21582
-5223.60365
-5287.59244
-5292.61472
-5234.65715
-5263.49207
-5278.43121
-5295.93654
-5268.16784
-5245.62017
-5253.36446
-5287.90740
-5260.27831
-5270.51938
-5249.90955
-5251.18612
-5228.81253
-5248.25038
-5276.98541
-5288.10320
-5237.39388
-5262.93659
-5252.12706
-5257.60467
-5216.09779
-5190.15953
-5190.64540
-5262.02850
-5248.39206
-5272.08236
-5248.12853
-5226.18113
-5234.06419
-5263.35728
-5278.09642
-5245.50175
-5235.52681
-5235.59547
-5243.86550
-5263.44153
-5235.80186
-5236.37200
-5213.12708
-5230.67068
-5249.59427
-5242.13809
-5279.73643
-5278.45202
-5239.57841
-5266.19525
-5252.32191
-5269.70016
-5219.78393
-5234.52160
-5247.00537
-5262.94453
-5239.45989
-5291.50886
-5264.74554
-5251.13097
-5277.90526
-5227.38535
-5234.96369
-5226.67554
-5213.25216
-5217.62076
-5244.68257
-5245.51364
-5282.77652
-5255.10857
-5294.81692
-5266.87062
-5239.84122
-5234.54655
-5251.40383
-5257.33704
-5238.45101
-5257.32462
-5224.79639
-5253.88991
-5277.00244
-5237.39144
-5227.70240
-5252.32750
-5255.48943
-5257.12088
-5273.37072
-5254.55301
-5245.98716
-5253.24407
-5253.76099
-5202.89508
-5219.97096
-5238.88286
-5293.87322
-5297.09337
-5253.04687
-5277.24156
-5247.13255
-5229.97609
-5252.62952
-5240.33894
-5270.31610
-5286.94066
-5268.96749
-5267.99767
-5240.11184
-5249.45079
-5274.74667
-5252.56904
-5238.84449
-5254.35871
-5249.69228
-5225.34399
-5223.49976
-5268.41324
-5243.07356
-5240.06703
-5248.75404
-5226.09606
-5221.77947
-5227.63808
-5241.37566
-5249.68083
-5255.49250
-5245.99431
-5269.45829
-5311.71808
-5230.70858
-5229.34535
-5232.11716
-5240.96647
-5280.29191
-5260.71661
-5280.77896
-5301.54547
-5262.82472
-5256.99122
-5236.33293
-5227.93398
-5241.71777
-5221.52818
-5276.04970
-5253.40743
-5264.92602
-5260.48279
-5255.45625
-5250.12935
-5278.21891
-5283.96577
-5276.98234
-5281.02602
-5259.34435
-5265.02616
-5232.54171
-5208.77686
-5257.85893
-5280.87560
-5265.98106
-5260.40503
-5238.41481
-5246.41451
-5251.17795
-5236.88031
-5240.63370
-5263.74150
-5270.54348
-5278.77655
-5249.93872
-5274.21857
-5278.53821
-5247.34087
-5219.47956
-5255.50788
-5234.49930
-5253.82772
-5282.46872
-5232.77651
-5230.72599
-5265.77295
-5242.70913
-5240.39986
-5261.34138
-5262.23291
-5244.36507
-5256.95220
-5240.51324
-5247.15612
-5228.04061
-5209.36647
-5212.78464
-5242.81360
-5213.85165
-5227.53504
-5244.66560
-5267.78240
-5273.60422
-5212.26152
-5238.30477
-5255.82644
-5283.76373
-5279.27518
-5258.33087
-5229.66643
-5266.92929
-5239.18827
-5231.44260
-5234.51803
-5238.31337
-5252.68217
-5252.58326
-5284.59794
-5245.78461
-5239.11794
-5221.97325
-5241.32460
-5261.92152
-5290.13015
-5217.92945
-5286.04901
-5251.32975
-5209.22630
-5249.26317
-5269.83469
-5254.10956
-5255.28276
-5241.17461
-5220.06188
-5242.05964
-5265.92960
-5214.57077
-5227.05848
-5281.41399
-5288.78398
-5260.48232
-5253.13822
-5255.07492
-5239.25332
-5242.52016
-5227.48727
-5289.32908
-5279.35135
-5250.48856
-5252.59231
-5242.42249
-5243.22082
-5234.45835
-5234.81749
-5253.23706
-5249.79337
-5231.19024
-5240.62455
-5236.74044
-5245.90521
-5218.51325
-5236.30961
-5231.05259
-5275.72629
-5251.97061
-5241.50996
-5214.70978
-5242.34619
-5272.63631
-5271.37424
-5250.35081
-5258.25742
-5236.94305
-5248.76020
-5230.29353
-5218.11644
-5190.52755
-5220.73777
-5249.61644
-5216.91416
-5207.91183
-5230.77967
-5216.98574
-5248.25236
-5238.88747
-5244.44047
-5223.34267
-5236.09094
-5255.72260
-5224.60666
-5232.09898
-5236.29398
-5237.36878
-5208.82265
-5204.68914
-5244.04819
-5231.47388
-5267.82486
-5284.88722
-5260.75288
-5296.76121
-5289.21559
-5268.05149
-5267.21588
-5267.49629
-5232.05157
-5226.84592
-5236.00195
-5273.62210
-5296.84882
-5295.12250
-5267.94214
-5287.39426
-5255.80828
-5237.85688
-5291.15599
-5253.70075
-5246.90973
-5289.22867
-5279.79173
-5228.24260
-5247.32935
-5213.17005
-5236.59845
-5241.90474
-5220.53505
-5207.14203
-5268.58511
-5233.46992
-5221.21701
-5226.85714
-5248.28910
-5286.45998
-5226.61244
-5290.46147
-5265.09858
-5249.33492
-5238.64657
-5236.51441
-5237.89991
-5271.38067
-5262.78400
-5273.24397
-5276.30514
-5269.74268
-5251.74279
-5248.36466
-5230.34183
-5266.75171
-5234.94803
-5249.64206
-5203.36331
-5222.79532
-5257.79173
-5230.49899
-5292.58731
-5304.79092
-5285.33527
-5255.09405
-5235.77257
-5260.15870
-5248.75751
-5235.87525
-5254.22306
-5281.11707
-5274.14123
-5292.95213
-5249.31272
-5251.91339
-5258.82236
-5265.42767
-5247.34355
-5199.80598
-5228.78847
-5267.80105
-5282.46096
-5268.74173
-5211.12639
-5232.77397
-5236.51431
-5246.68162
-5236.65743
-5252.13784
-5275.26426
-5228.10316
-5206.13592
-5233.52601
-5246.95596
-5231.11792
-5258.35776
-5268.41108
-5284.50562
-5271.12188
-5300.46970
-5271.54443
-5263.86996
-5249.50589
-5270.83710
-5251.52361
-5295.78091
-5238.88509
-5298.73058
-5286.35350
-5265.56578
-5239.16608
-5239.19655
-5250.76101
-5228.35664
-5203.39153
-5219.48585
-5235.83469
-5278.93602
-5239.78414
-5273.97980
-5266.07693
-5231.17539
-5260.35545
-5289.46808
-5272.88460
-5230.96098
-5226.16050
-5241.29504
-5227.82377
-5245.60169
-5236.34107
-5255.63557
-5229.86490
-5195.95194
-5222.39239
-5226.17927
-5239.58723
-5286.59244
-5226.78027
-5270.76899
-5266.62198
-5215.00274
-5227.50863
-5219.64294
-5236.04461
-5250.29175
-5228.39965
-5247.62903
-5250.86227
-5268.50328
-5271.71662
-5239.60832
-5240.67329
-5259.45166
-5245.59303
-5277.86661
-5252.26456
-5253.96893
-5244.23194
-5257.42771
-5246.78280
-5286.73659
-5292.79655
-5283.97504
-5254.33888
-5232.32031
-5241.64833
-5267.76539
-5226.94620
-5246.60375
-5262.22566
-5253.63873
-5249.34180
-5231.41044
-5236.13237
-5208.26118
-5243.69709
-5240.60852
-5238.54719
-5278.29823
-5265.87806
-5261.65492
-5254.81699
-5246.42125
-5261.09397
-5296.35455
-5244.73542
-5228.49889
-5242.57870
-5219.60910
-5269.40638
-5278.51174
-5287.00800
-5284.73304
-5247.37613
-5281.23567
-5284.48796
-5279.65403
-5257.03006
-5239.02966
-5239.51024
-5250.11170
-5245.01938
-5241.36113
-5255.18982
-5279.02344
-5263.15191
-5232.69955
-5247.17445
-5246.63740
-5217.07869
-5220.29050
-5221.87031
-5221.90278
-5228.35576
-5228.60247
-5263.35562
-5295.15732
-5240.62811
-5231.20007
-5277.71018
-5268.61867
-5271.12205
-5299.50559
-5279.85318
-5256.44054
-5259.70406
-5223.51725
-5223.37858
-5209.19459
-5244.31449
-5206.33387
-5231.89990
-5224.98419
-5233.00554
-5218.14648
-5206.02532
-5225.06451
-5237.06495
-5232.75190
-5268.57439
-5299.81999
-5244.82139
-5240.01010
-5185.48083
-5225.25058
-5221.04628
-5255.55930
-5249.28997
-5242.50566
-5264.92775
-5248.05637
-5266.53161
-5282.51271
-5256.42873
-5225.43712
-5276.42633
-5237.73573
-5241.61124
-5241.77662
-5260.30697
-5263.80439
-5240.43592
-5216.20941
-5218.62761
-5227.74874
-5262.18311
-5229.04967
-5230.42899
-5241.53977
-5249.28090
-5266.96171
-5247.59534
-5223.68199
-5219.02387
-5243.96503
-5242.77191
-5198.32074
-5254.13217
-5252.03548
-5250.21107
-5260.50718
-5245.99240
-5219.28111
-5223.16788
-5217.90627
-5232.05391
-5267.92195
-5277.29432
-5253.25447
-5197.30155
-5221.57297
-5243.47858
-5298.69469
-5261.63395
-5272.96320
-5264.81448
-5240.11659
-5233.52999
-5223.14991
-5269.62986
-5291.45235
-5285.33618
-5290.92824
-5271.43613
-5258.18656
-5234.95369
-5266.44101
-5281.97116
-5223.73411
-5203.95765
-5247.82659
-5233.27653
-5263.31358
-5266.18073
-5234.36941
-5237.00237
-5222.82133
-5266.21771
-5227.97114
-5243.24638
-5240.74066
-5241.13665
-5238.88545
-5242.59502
-5239.72780
-5228.17514
-5269.36604
-5291.56687
-5278.96393
-5251.52611
-5248.14182
-5266.45480
-5310.55268
-5248.79571
-5229.28067
-5248.56599
-5246.98993
-5256.12647
-5280.02068
-5272.52014
-5282.30615
-5233.92537
-5258.58522
-5257.50429
-5285.61649
-5231.78373
-5249.47296
-5255.64565
-5247.78887
-5237.94146
-5212.43769
-5250.07358
-5279.72833
-5265.70737
-5278.98532
-5283.09450
-5268.31819
-5249.64225
-5225.73338
-5227.09188
-5234.78568
-5242.98851
-5259.83063
-5233.63482
-5253.39137
-5221.31263
-5216.02836
-5204.44264
-5247.49906
-5281.79526
-5269.44290
-5275.88356
-5259.10629
-5271.54072
-5228.76823
-5218.57524
-5266.07733
-5260.94322
-5256.27710
-5273.90015
-5212.92059
-5218.87045
-5232.77524
-5279.03125
-5216.32633
-5227.22607
-5226.81161
-5236.84127
-5248.23413
-5289.50786
-5283.53108
-5226.37198
-5253.24403
-5230.70071
-5237.34122
-5297.45841
-5276.26756
-5257.13262
-5224.24973
-5225.33820
-5250.26956
-5239.03065
-5252.51882
-5265.95591
-5252.62603
-5243.08506
-5238.23954
-5241.33929
-5263.13491
-5258.09110
-5232.01918
-5275.67251
-5220.46839
-5231.92507
-5257.81802
-5255.21884
-5246.57136
-5271.97174
-5232.50983
-5254.66741
-5272.82353
-5277.53581
-5276.49765
-5249.31707
-5278.06204
-5297.99668
-5295.52042
-5315.96906
-5250.32028
-5252.82939
-5263.09008
-5207.72653
-5221.54464
-5226.14701
-5226.85383
-5242.29933
-5256.50034
-5239.58261
-5237.79663
-5242.68673
-5248.21190
-5252.04944
-5220.60397
-5224.91469
-5208.67609
-5272.40160
-5266.16634
-5255.76616
-5299.53077
-5265.36750
-5252.60871
-5279.69936
-5273.11964
-5265.06391
-5287.29184
-5224.52493
-5269.20375
-5268.26910
-5283.14576
-5255.35601
-5273.31219
-5271.02194
-5265.82406
-5279.23974
-5276.56153
-5252.91270
-5235.57311
-5226.93261
-5245.68427
-5213.54144
-5244.18703
-5230.54090
-5248.18149
-5284.65580
-5273.71557
-5268.39391
-5276.10673
-5267.67852
-5260.58528
-5248.90622
-5264.41184
-5244.05550
-5262.02314
-5222.02312
-5233.08073
-5271.37266
-5254.85021
-5243.40719
-5284.43828
-5250.00023
-5238.61963
-5275.50324
-5279.92913
-5250.30344
-5256.34378
-5256.56066
-5253.35213
-5223.93751
-5215.78542
-5233.29927
-5274.64563
-5266.42021
-5235.82969
-5236.11753
-5259.41711
-5289.90073
-5244.83931
-5235.88606
-5257.46648
-5297.50655
-5277.99323
-5277.83943
-5265.26062
-5230.98340
-5246.16115
-5186.73223
-5200.96391
-5185.05445
-5219.73692
-5231.79525
-5255.61092
-5219.16242
-5263.94016
-5263.42132
-5242.63977
-5233.91985
-5258.36233
-5247.05024
-5238.76646
-5229.65119
-5238.15612
-5250.33732
-5243.02071
-5266.86653
-5263.53617
-5260.71767
-5234.02305
-5258.53347
-5261.77360
-5294.93131
-5248.73221
-5230.37453
-5243.27278
-5235.68318
-5243.99040
-5254.37351
-5246.59660
-5249.51374
-5258.09044
-5299.03765
-5254.43983
-5242.05309
-5264.64320
-5209.04407
-5260.53413
-5275.63688
-5253.85147
-5273.82709
-5246.85250
-5222.91870
-5232.67245
-5292.24561
-5299.41481
-5259.69997
-5309.47845
-5265.49590
-5242.80915
-5267.14183
-5261.90828
-5251.13046
-5264.38366
-5239.71698
-5237.81882
-5254.40121
-5235.33241
-5243.79817
-5212.00168
-5248.41333
-5198.46470
-5239.61592
-5288.64209
-5270.50973
-5249.68691
-5253.54440
-5278.45940
-5258.76432
-5244.18458
-5215.39127
-5238.85004
-5227.53216
-5257.75088
-5238.47991
-5234.70566
-5210.18597
-5270.83778
-5233.45390
-5244.98374
-5277.72674
-5245.41328
-5254.37278
-5265.93944
-5229.58064
-5236.06555
-5224.08676
-5212.46130
-5269.08554
-5257.59165
-5262.36513
-5254.34257
-5219.35066
-5251.33082
-5203.25576
-5223.08594
-5253.54040
-5251.46942
-5251.36845
-5247.25574
-5271.69452
-5267.69670
-5257.49960
-5269.19576
-5263.30658
-5202.03480
-5229.76172
-5233.77607
-5277.47942
-5276.81530
-5249.26351
-5265.87656
-5253.80368
-5277.71246
-5265.89882
-5265.37571
-5248.05787
-5295.02337
-5241.34831
-5227.05048
-5225.34624
-5215.29029
-5268.98226
-5265.49394
-5267.71584
-5243.41954
-5274.39473
-5265.29523
-5268.77147
-5253.28444
-5186.83827
-5225.84739
-5223.27635
-5226.80182
-5230.91915
-5229.46398
-5232.84001
-5248.26160
-5241.12303
-5260.21423
-5277.18862
-5285.53184
-5239.66052
-5265.98652
-5235.83118
-5278.32023
-5260.32427
-5255.45121
-5252.53342
-5262.56161
-5230.91015
-5225.84681
-5221.05636
-5222.45846
-5248.35282
-5222.44048
-5283.88723
-5283.15289
-5251.77211
-5260.88693
-5269.79822
-5246.78638
-5260.53103
-5268.98449
-5275.44270
-5256.74011
-5215.76494
-5275.57158
-5224.40544
-5252.89497
-5249.54766
-5224.66801
-5269.22314
-5285.35505
-5256.79229
-5294.11071
-5231.85794
-5234.98652
-5228.41094
-5248.22598
-5265.26241
-5243.89846
-5213.17352
-5237.61237
-5257.31121
-5267.21847
-5280.93121
-5280.01681
-5305.32608
-5285.83156
-5284.52241
-5276.10477
-5250.72043
-5227.24091
-5219.83010
-5222.75562
-5220.69284
-5305.30803
-5297.00960
-5251.49803
-5242.38152
-5254.32120
-5229.42867
-5243.55803
-5251.73475
-5256.62703
-5229.94910
-5202.96215
-5227.85865
-5256.27823
-5232.90726
-5246.99359
-5250.52710
-5249.63390
-5241.12400
-5233.43993
-5268.34977
-5329.38939
-5280.70931
-5267.65259
-5250.34598
-5247.45146
-5275.14241
-5260.14991
-5255.47014
-5234.11675
-5223.10456
-5234.93288
-5253.76461
-5254.20714
-5257.45364
-5229.42479
-5234.15173
-5239.45350
-5254.76706
-5286.20013
-5268.93988
-5233.31251
-5217.55159
-5268.44664
-5299.03709
-5280.86785
-5288.04180
-5266.27166
-5244.62527
-5240.51379
-5223.31820
-5279.02018
-5262.02653
-5252.21385
-5234.31903
-5249.52178
-5243.53855
-5223.41551
-5199.44508
-5198.76616
-5252.42318
-5253.98372
-5234.57554
-5219.81235
-5218.12410
-5225.28721
-5247.99838
-5260.68032
-5229.59321
-5238.28205
-5242.36925
-5274.30396
-5273.71640
-5283.16556
-5263.72934
-5254.81120
-5275.53598
-5252.59879
-5247.22944
-5235.22530
-5263.96493
-5267.69228
-5227.54311
-5226.12334
-5254.90852
-5246.03468
-5243.47005
-5212.04405
-5240.86183
-5253.40416
-5301.56472
-5296.34542
-5248.46151
-5248.78592
-5255.32216
-5269.90681
-5265.09968
-5236.88376
-5247.31893
-5275.60998
-5247.97007
-5239.56835
-5230.18100
-5259.07917
-5259.58613
-5285.90915
-5261.98755
-5225.85623
-5255.44171
-5281.70976
-5264.94350
-5241.73789
-5243.73137
-5249.96840
-5264.98907
-5265.68908
-5255.02790
-5277.21889
-5250.95958
-5270.88281
-5253.37391
-5253.39838
-5271.40022
-5243.99575
-5244.47508
-5225.33449
-5227.27413
-5233.76267
-5275.45481
-5272.81954
-5273.02979
-5260.43200
-5245.44176
-5278.43634
-5280.75464
-5262.01808
-5216.49046
-5242.12415
-5246.24045
-5264.84181
-5254.60878
-5265.58891
-5271.80834
-5258.96348
-5268.08947
-5252.06493
-5174.29404
-5224.00944
-5262.12539
-5221.99369
-5233.81205
-5222.08174
-5233.76879
-5249.91866
-5252.73058
-5200.38910
-5230.19058
-5237.88768
-5207.79752
-5228.70920
-5263.32373
-5276.93861
-5261.00825
-5226.63545
-5276.72036
-5287.46996
-5288.08650
-5242.22845
-5258.18947
-5249.19897
-5231.67717
-5284.23563
-5292.10015
-5239.68086
-5233.75767
-5215.98200
-5256.74990
-5231.86759
-5264.63099
-5274.00169
-5283.20202
-5288.86354
-5251.87303
-5258.92957
-5225.07798
-5278.71151
-5228.45858
-5208.16870
-5235.86012
-5257.05150
-5242.34108
-5224.61775
-5211.17143
-5202.89989
-5250.14959
-5250.04501
-5228.62957
-5256.00559
-5224.83586
-5260.80766
-5249.11351
-5272.08579
-5277.67264
-5222.49115
-5221.10752
-5241.39025
-5271.81713
-5217.47487
-5232.04989
-5240.09722
-5266.20816
-5263.58825
-5247.99669
-5279.46298
-5239.65553
-5217.45275
-5208.16714
-5251.77080
-5217.84206
-5232.62808
-5235.07345
-5231.82922
-5246.96713
-5276.52053
-5248.51335
-5237.94249
-5235.95817
-5244.58076
-5279.92734
-5231.07580
-5249.77295
-5217.23206
-5231.48219
-5234.98816
-5287.49683
-5277.37728
-5223.87643
-5228.76373
-5250.00284
-5248.76146
-5227.52030
-5237.91202
-5258.34771
-5253.46127
-5251.21308
-5236.16849
-5279.75098
-5245.85567
-5273.78809
-5218.50116
-5269.34018
-5263.99969
-5223.05820
-5215.54315
-5214.13068
-5242.93821
-5213.32262
-5236.01488
-5207.27851
-5250.30593
-5265.51508
-5258.22185
-5245.75949
-5243.28046
-5215.20430
-5216.54333
-5247.23886
-5262.30536
-5227.08232
-5218.17934
-5250.79021
-5231.88674
-5245.40150
-5270.15531
-5275.18581
-5276.91862
-5277.21525
-5288.31921
-5251.82918
-5212.24346
-5247.74665
-5230.64811
-5279.68951
-5276.55035
-5246.59920
-5235.55538
-5246.34067
-5269.58534
-5273.74750
-5284.65820
-5267.59799
-5218.54554
-5250.04387
-5243.69402
-5241.23158
-5252.55443
-5261.04759
-5257.13870
-5231.80227
-5274.13211
-5254.63208
-5273.18843
-5296.66153
-5252.49178
-5216.17052
-5220.71992
-5227.76364
-5204.09974
-5254.44027
-5224.26475
-5245.03281
-5233.56604
-5241.28847
-5260.74523
-5260.81170
-5291.51543
-5255.28480
-5262.44853
-5236.70962
-5231.89613
-5232.34155
-5217.45317
-5224.70072
-5234.17142
-5241.47562
-5237.78548
-5235.24634
-5230.15516
-5248.57484
-5228.73854
-5255.25685
-5216.60545
-5271.34279
-5230.31754
-5292.19658
-5254.36965
-5202.29221
-5223.95597
-5250.41113
-5261.05175
-5229.48819
-5232.98459
-5254.89961
-5288.73553
-5257.33299
-5269.57796
-5265.70201
-5269.91293
-5274.73688
-5265.91512
-5257.37694
-5239.98221
-5249.81053
-5292.32418
-5240.04607
-5320.94717
-5244.27782
-5240.65413
-5259.90504
-5287.88897
-5247.79846
-5239.16725
-5233.95765
-5226.91201
-5232.26453
-5251.84297
-5275.57614
-5277.91363
-5276.14430
-5259.99824
-5259.89911
-5281.08087
-5285.43892
-5265.80476
-5264.43888
-5248.11055
-5260.08535
-5226.91909
-5246.76313
-5245.17263
-5251.68555
-5247.97515
-5221.34813
-5265.85039
-5257.82329
-5222.28708
-5218.01962
-5255.85405
-5252.25116
-5254.73442
-5253.52472
-5284.66521
-5247.28865
-5247.71703
-5264.91073
-5241.90034
-5257.22519
-5274.05328
-5281.00266
-5260.49234
-5307.65982
-5259.85369
-5256.80375
-5232.80796
-5294.59412
-5247.38614
-5214.53334
-5242.26587
-5238.36470
-5241.08618
-5224.40989
-5254.46644
-5281.84151
-5277.30116
-5257.28980
-5230.77301
-5270.37684
-5209.42526
-5204.69443
-5257.86266
-5281.49304
-5243.93387
-5238.62249
-5256.54990
-5270.65500
-5280.64979
-5233.56323
-5239.02781
-5276.94195
-5258.90796
-5263.63311
-5258.03052
-5258.46862
-5286.69461
-5279.25538
-5218.59985
-5235.00502
-5219.78873
-5237.20132
-5239.15600
-5201.35536
-5233.48436
-5261.09132
-5247.88416
-5255.21038
-5225.35316
-5222.86779
-5186.88459
-5217.63244
-5255.58901
-5252.71627
-5233.63678
-5241.29753
-5234.33716
-5268.03788
-5256.61538
-5257.80342
-5267.85491
-5244.10973
-5205.99190
-5194.75170
-5223.64039
-5234.82189
-5225.24034
-5224.65067
-5257.58892
-5226.88777
-5245.68004
-5273.33172
-5238.00625
-5253.81433
-5236.08547
-5196.87012
-5246.74952
-5252.18951
-5203.11831
-5226.73800
-5249.38233
-5237.44910
-5249.53794
-5270.01034
-5280.72350
-5276.71109
-5243.37781
-5266.14768
-5250.00202
-5220.96542
-5228.47269
-5256.46526
-5250.90147
-5225.31833
-5281.66873
-5252.77592
-5248.39588
-5248.46784
-5246.51882
-5281.72475
-5309.88377
-5287.46791
-5276.76139
-5249.88645
-5252.93805
-5255.12457
-5230.16202
-5258.28572
-5230.51095
-5207.34777
-5243.73432
-5261.71214
-5273.98096
-5258.40885
-5282.70071
-5288.36052
-5279.78744
-5265.73911
-5240.46709
-5270.81902
-5300.38026
-5283.24965
-5269.31638
-5260.13397
-5257.89431
-5215.42124
-5211.32869
-5248.29117
-5268.51525
-5234.13624
-5258.74676
-5244.16072
-5235.36456
-5257.18749
-5237.95312
-5230.71181
-5232.13250
-5233.05151
-5264.00917
-5244.56801
-5245.75268
-5237.55534
-5213.03431
-5221.04457
-5251.22502
-5248.39882
-5218.76551
-5242.59210
-5262.38106
-5219.54241
-5265.82300
-5280.23671
-5292.95103
-5265.99878
-5258.12247
-5235.88749
-5254.59312
-5275.65190
-5264.47243
-5278.71507
-5240.47566
-5275.92278
-5271.82432
-5298.20612
-5257.27579
-5257.55902
-5252.75038
-5244.23473
-5245.38668
-5287.86911
-5223.55815
-5192.34885
-5218.58300
-5258.04674
-5238.10095
-5220.20694
-5235.40080
-5236.76066
-5226.21769
-5247.49262
-5248.87410
-5279.25880
-5224.74066
-5254.12499
-5265.80149
-5238.57815
-5251.73246
-5222.78140
-5227.48193
-5218.01056
-5216.96839
-5253.47266
-5254.28373
-5252.02880
-5248.21167
-5286.34655
-5257.32221
-5250.28338
-5283.39625
-5259.99402
-5255.38240
-5212.64095
-5257.04589
-5238.69612
-5247.54418
-5239.20480
-5227.87624
-5257.17184
-5238.47775
-5248.96557
-5248.83074
-5235.76940
-5241.55629
-5228.73500
-5260.90715
-5256.28782
-5232.34610
-5238.96659
-5289.40624
-5275.70408
-5277.37001
-5269.33750
-5316.34571
-5276.22008
-5247.97804
-5269.65324
-5314.69553
-5291.80818
-5253.13889
-5221.86954
-5242.08208
-5269.59017
-5246.83431
-5235.71683
-5261.33186
-5262.62022
-5272.22491
-5296.24413
-5218.62191
-5223.45848
-5237.93451
-5266.47370
-5280.41047
-5286.17914
-5226.31936
-5251.14053
-5259.29875
-5241.17386
-5271.92124
-5255.17325
-5229.50583
-5283.53921
-5232.14855
-5226.12447
-5275.13362
-5275.11377
-5245.18436
-5295.38791
-5262.35162
-5242.74570
-5285.92023
-5253.24338
-5246.05671
-5258.08098
-5274.80685
-5267.78272
-5267.79986
-5221.21799
-5254.10107
-5216.20999
-5266.04071
-5238.34741
-5241.58069
-5212.97623
-5256.27894
-5263.88754
-5258.65917
-5237.20724
-5275.91477
-5262.94050
-5256.60760
-5212.18232
-5236.31018
-5258.02487
-5250.84438
-5261.66143
-5268.62498
-5299.27593
-5273.48066
-5238.58905
-5206.40795
-5263.84667
-5298.56002
-5271.07824
-5266.63804
-5264.25851
-5270.53839
-5260.19358
-5261.96163
-5233.71812
-5241.81288
-5235.83220
-5260.35873
-5271.31012
-5263.70177
-5245.83755
-5234.32207
-5260.57870
-5205.09570
-5228.66629
-5240.11138
-5250.24201
-5238.69845
-5223.75216
-5200.04459
-5244.74624
-5250.22284
-5249.18961
-5207.36855
-5262.42100
-5260.45065
-5241.66630
-5235.86091
-5261.15331
-5240.87052
-5224.26397
-5223.42109
-5232.80611
-5276.55534
-5262.20739
-5280.30554
-5257.85935
-5256.36748
-5280.24711
-5262.54687
-5232.99760
-5277.35528
-5246.73463
-5244.45215
-5233.64898
-5224.15510
-5264.12172
-5245.08255
-5263.93235
-5250.92144
-5251.04077
-5233.52482
-5239.78877
-5282.84297
-5300.15053
-5303.84144
-5258.21847
-5250.53968
-5254.41077
-5234.82745
-5240.14179
-5230.07467
-5254.28068
-5250.40427
-5240.10442
-5258.98693
-5266.26859
-5261.41977
-5276.54687
-5255.15780
-5265.17904
-5219.36393
-5258.04145
-5275.57757
-5244.04834
-5221.91691
-5219.23695
-5253.96336
-5220.91284
-5274.06230
-5258.29085
-5254.47278
-5258.63403
-5243.49085
-5220.96929
-5250.12568
-5248.68308
-5215.33702
-5264.84078
-5280.61116
-5254.48195
-5214.75420
-5224.29525
-5263.63524
-5256.87447
-5279.27901
-5228.78040
-5308.25845
-5245.76686
-5235.79784
-5225.87456
-5225.34771
-5241.71771
-5241.09950
-5273.02924
-5268.22101
-5256.27921
-5256.52353
-5233.36676
-5259.30759
-5232.53716
-5238.31458
-5239.16431
-5270.12976
-5247.92048
-5242.11954
-5274.72894
-5292.10089
-5264.48098
-5269.36738
-5256.14910
-5251.06236
-5255.82586
-5228.17799
-5263.53015
-5245.64565
-5245.09994
-5202.78716
-5225.21504
-5269.13888
-5242.28366
-5262.75773
-5267.16805
-5270.11132
-5246.71853
-5234.53586
-5246.03864
-5216.97655
-5248.73340
-5245.58255
-5251.96790
-5243.06700
-5239.11534
-5260.45543
-5267.21751
-5259.24288
-5259.91828
-5231.85629
-5236.98803
-5246.96226
-5257.44977
-5267.39845
-5283.32411
-5233.82811
-5227.18699
-5221.70976
-5236.11276
-5245.63270
-5249.93455
-5229.23264
-5246.52004
-5228.07628
-5224.17249
-5252.37354
-5218.36531
-5249.44801
-5242.73706
-5225.54374
-5241.53776
-5285.11924
-5299.92339
-5253.61649
-5261.59819
-5195.95480
-5219.89310
-5259.08096
-5284.46013
-5282.39918
-5283.23911
-5262.31814
-5265.92057
-5275.26587
-5286.31900
-5266.58464
-5256.14203
-5263.92990
-5248.62838
-5202.78982
-5243.83608
-5259.36396
-5252.92852
-5265.04535
-5277.75589
-5255.94412
-5261.39393
-5270.04440
-5270.20398
-5234.50756
-5246.54748
-5262.44645
-5221.40899
-5218.84639
-5230.17748
-5282.95177
-5246.62149
-5255.06518
-5246.34734
-5230.06526
-5221.61574
-5247.41883
-5276.16453
-5259.05761
-5281.32908
-5279.82164
-5299.26453
-5280.54620
-5261.61634
-5230.26590
-5254.25938
-5263.43747
-5271.94148
-5273.02136
-5267.69995
-5263.42925
-5215.92483
-5240.41949
-5231.87196
-5228.98523
-5252.99921
-5244.43592
-5235.62763
-5264.21477
-5235.11130
-5284.04168
-5291.83181
-5240.74940
-5260.52721
-5252.51643
-5235.85514
-5238.22594
-5271.06384
-5260.98176
-5291.50528
-5297.43442
-5276.17215
-5246.68137
-5260.71646
-5268.44129
-5276.03942
-5259.28609
-5243.91693
-5284.49879
-5281.62838
-5271.78635
-5289.06793
-5287.80907
-5242.33989
-5249.48767
-5253.16811
-5253.10040
-5279.30824
-5243.57597
-5245.61681
-5239.18779
-5236.55437
-5261.37106
-5265.51042
-5267.37937
-5264.78564
-5229.29011
-5284.84649
-5265.50095
-5253.10871
-5254.69833
-5231.72101
-5275.19658
-5274.51309
-5236.08435
-5238.46689
-5247.72056
-5248.41146
-5249.99221
-5251.12182
-5265.97039
-5238.42783
-5243.60092
-5267.28414
-5254.05776
-5267.12921
-5212.67947
-5236.44309
-5229.96760
-5277.74840
-5266.08596
-5238.92006
-5241.77979
-5279.63922
-5241.30811
-5254.99535
-5226.62615
-5242.66027
-5247.41388
-5288.81203
-5268.13146
-5230.81337
-5230.49136
-5238.01287
-5253.74883
-5225.69170
-5249.32034
-5282.65414
-5234.51935
-5242.80223
-5227.96368
-5251.92121
-5210.44808
-5230.16229
-5252.78824
-5238.17737
-5239.00653
-5264.65353
-5242.22311
-5263.81047
-5263.79666
-5238.02972
-5238.60150
-5236.86033
-5248.49560
-5269.30296
-5287.10327
-5208.90156
-5249.02170
-5264.14308
-5278.37840
-5272.26809
-5267.35960
-5257.20571
-5250.74507
-5265.93622
-5255.15358
-5274.19116
-5268.46700
-5227.00990
-5240.75251
-5258.71143
-5263.92298
-5249.70195
-5241.07313
-5255.40820
-5282.61909
-5265.05742
-5233.69073
-5268.76604
-5265.92360
-5242.01603
-5274.82125
-5255.91736
-5258.56891
-5270.95052
-5290.69413
-5283.32429
-5231.00383
-5240.27952
-5232.37741
-5290.04702
-5236.25388
-5267.33224
-5243.73514
-5224.13835
-5261.60262
-5244.18875
-5264.75529
-5239.08680
-5216.84015
-5277.92648
-5257.74347
-5248.61594
-5242.29569
-5245.89432
-5263.35797
-5255.05384
-5254.64868
-5265.88862
-5240.16339
-5202.15496
-5231.96846
-5233.49261
-5263.84625
-5255.32577
-5241.52415
-5255.54994
-5220.40580
-5235.04660
-5266.58025
-5254.72188
-5263.61760
-5272.94954
-5274.25016
-5207.02385
-5201.11296
-5250.55957
-5213.04293
-5252.82260
-5282.60799
-5258.16822
-5269.73528
-5244.03269
-5258.52824
-5251.00563
-5229.97053
-5200.20895
-5242.36687
-5268.54318
-5259.64612
-5254.32437
-5281.72545
-5255.39905
-5245.21349
-5263.27519
-5227.46841
-5241.96578
-5274.62633
-5258.01130
-5213.61244
-5226.83861
-5272.63870
-5262.68381
-5236.06186
-5280.11043
-5264.32712
-5286.83312
-5231.02718
-5226.29054
-5200.49310
-5263.22635
-5255.64499
-5238.77977
-5256.12071
-5219.98576
-5227.88369
-5226.41258
-5232.49105
-5250.16415
-5251.40902
-5249.48400
-5252.99251
-5273.30271
-5279.00283
-5222.28857
-5242.85499
-5268.62981
-5268.56467
-5247.09428
-5266.12246
-5249.14759
-5253.98701
-5261.53183
-5257.17436
-5262.48565
-5283.09977
-5263.08944
-5257.18987
-5288.94078
-5288.08003
-5288.73843
-5288.41175
-5228.32277
-5213.49116
-5218.30478
-5223.70045
-5255.39934
-5238.60355
-5225.22121
-5262.49390
-5242.46727
-5240.77221
-5258.30886
-5246.56618
-5278.59789
-5251.31665
-5230.31860
-5254.25031
-5239.88188
-5254.53979
-5285.17689
-5272.38034
-5254.30517
-5274.93516
-5252.11036
-5224.19968
-5290.80744
-5244.92384
-5254.47782
-5258.79565
-5248.91621
-5273.96404
-5209.15023
-5228.66213
-5227.28666
-5204.66502
-5224.22828
-5248.15500
-5266.93995
-5259.12839
-5265.39804
-5267.69387
-5264.24166
-5270.88024
-5281.93698
-5283.00933
-5261.75181
-5258.37536
-5267.58879
-5228.30144
-5233.73091
-5235.77242
-5247.62901
-5254.54009
-5272.16593
-5261.73947
-5264.00480
-5236.77410
-5241.59838
-5264.71461
-5239.03130
-5223.65001
-5212.70804
-5253.46060
-5234.52443
-5259.09651
-5212.42945
-5245.94100
-5257.69538
-5281.22120
-5284.11355
-5254.98585
-5266.00073
-5223.73920
-5242.79687
-5224.40752
-5260.41996
-5237.65264
-5282.17449
-5284.07409
-5275.22130
-5248.57324
-5235.98290
-5269.98457
-5262.31707
-5257.74116
-5247.36437
-5268.02074
-5253.03197
-5240.37086
-5254.79305
-5264.28295
-5282.41550
-5249.41697
-5245.63111
-5269.51216
-5251.67631
-5235.25134
-5217.90851
-5244.80392
-5239.64853
-5233.76665
-5215.48383
-5210.06294
-5240.85574
-5267.62561
-5300.84163
-5263.98810
-5263.60361
-5255.29259
-5223.13925
-5234.53558
-5312.14884
-5270.46168
-5272.68041
-5250.63987
-5248.42798
-5252.65595
-5266.64863
-5264.14859
-5244.26297
-5212.90867
-5266.01239
-5258.10780
-5286.68773
-5261.19508
-5275.03200
-5309.25804
-5282.31739
-5243.05495
-5230.17400
-5197.65691
-5251.10856
-5260.77379
-5253.92129
-5211.26073
-5195.99863
-5183.89507
-5218.09330
-5237.48695
-5282.48389
-5312.37766
-5307.25841
-5284.37675
-5313.14419
-5304.51988
-5287.39265
-5300.00183
-5282.24912
-5262.61256
-5222.91760
-5276.22522
-5233.59156
-5252.41576
-5256.38078
-5266.48175
-5234.12444
-5266.71089
-5222.82633
-5236.40361
-5291.17185
-5242.67167
-5266.32537
-5282.14243
-5302.91218
-5286.93071
-5262.26981
-5278.50034
-5263.89904
-5270.78584
-5261.27885
-5278.28362
-5235.50099
-5227.78508
-5246.71120
-5268.10501
-5261.01497
-5263.96612
-5247.66613
-5274.35230
-5291.40835
-5276.37071
-5248.04094
-5241.03310
-5240.89409
-5231.33592
-5268.69730
-5268.91487
-5262.60502
-5266.42839
-5260.49500
-5278.18566
-5263.47614
-5270.45419
-5264.42325
-5276.35767
-5267.38997
-5257.35077
-5263.81196
-5252.72859
-5253.16416
-5256.92126
-5267.72176
-5272.44138
-5261.85845
-5245.54374
-5242.04490
-5223.50510
-5216.31219
-5227.78792
-5233.06630
-5284.84558
-5287.01859
-5290.69418
-5297.73084
-5274.24624
-5266.70537
-5266.37793
-5240.01622
-5240.78279
-5242.40018
-5262.99989
-5263.36553
-5273.80534
-5239.56772
-5249.10572
-5260.58330
-5255.66695
-5242.06074
-5232.33629
-5263.05181
-5249.07763
-5255.89596
-5240.60286
-5233.48875
-5259.47030
-5250.54291
-5257.30036
-5278.78137
-5305.93439
-5268.13666
-5277.47650
-5267.67977
-5287.96199
-5272.22159
-5256.23684
-5235.49460
-5251.72786
-5270.10415
-5223.20601
-5214.33191
-5247.12094
-5226.00763
-5228.30925
-5242.79191
-5288.21539
-5259.16394
-5268.10677
-5288.99026
-5300.17870
-5293.16730
-5245.66528
-5238.56308
-5294.49335
-5287.21417
-5261.16641
-5247.47404
-5236.90817
-5285.69181
-5231.82430
-5237.93525
-5241.08340
-5262.04969
-5266.75285
-5265.88667
-5261.02162
-5289.75761
-5241.89156
-5255.68629
-5276.15503
-5252.09622
-5270.27732
-5226.75750
-5229.57105
-5234.20339
-5225.42784
-5201.22788
-5267.11444
-5237.77906
-5233.58912
-5234.40637
-5236.32723
-5274.03606
-5265.26564
-5274.23670
-5225.13338
-5259.71637
-5275.52121
-5296.59870
-5246.28687
-5283.39065
-5276.74835
-5249.91836
-5250.95499
-5231.28019
-5231.89469
-5261.76608
-5222.68830
-5222.76041
-5230.61049
-5258.79531
-5213.17383
-5260.43108
-5198.84626
-5274.39273
-5270.73245
-5263.73828
-5270.41340
-5291.63861
-5228.86662
-5235.92169
-5288.46500
-5255.25173
-5243.01884
-5236.05021
-5256.07656
-5251.96390
-5262.45767
-5210.01062
-5192.86461
-5249.92233
-5227.34482
-5243.62119
-5252.87491
-5257.95983
-5268.03391
-5239.44592
-5215.98981
-5246.97679
-5224.71753
-5229.33963
-5253.02029
-5260.84098
-5231.60699
-5296.34101
-5238.86093
-5242.53602
-5245.89681
-5235.08515
-5234.10576
-5246.40278
-5237.47701
-5251.50008
-5260.79788
-5231.82504
-5251.65417
-5242.50917
-5262.64076
-5243.89470
-5260.90086
-5275.49381
-5232.48844
-5262.26620
-5266.17315
-5283.34932
-5242.16682
-5256.75979
-5274.28074
-5276.15194
-5260.55767
-5272.50603
-5244.16079
-5267.62365
-5268.31957
-5278.28955
-5265.62191
-5286.22820
-5279.01105
-5270.12440
-5251.72410
-5228.92749
-5232.69097
-5242.37916
-5250.76521
-5271.91636
-5246.69024
-5236.57351
-5259.05811
-5228.16390
-5228.82665
-5227.81081
-5242.49982
-5232.86555
-5200.10554
-5220.26201
-5225.30839
-5246.10244
-5232.20680
-5260.07411
-5258.93220
-5216.20126
-5241.68555
-5249.57753
-5286.85643
-5247.54331
-5277.06408
-5237.59990
-5239.88895
-5271.68140
-5264.71729
-5254.00027
-5257.52383
-5242.99096
-5238.77841
-5315.40225
-5269.62957
-5306.62794
-5287.46917
-5272.02760
-5269.32823
-5290.19184
-5258.02118
-5284.31287
-5240.80129
-5234.11948
-5266.30276
-5220.21273
-5208.64396
-5206.92187
-5283.67425
-5256.72230
-5255.02358
-5265.70467
-5239.09522
-5271.45881
-5217.06529
-5244.80867
-5260.27116
-5257.91946
-5233.75286
-5213.95817
-5239.86227
-5248.05770
-5245.37585
-5258.75413
-5242.47138
-5241.08113
-5240.41262
-5251.79705
-5265.55244
-5262.36142
-5241.77851
-5225.38305
-5301.12096
-5275.79760
-5274.59017
-5245.29893
-5276.61505
-5269.14632
-5244.81822
-5263.34873
-5245.88826
-5227.70568
-5212.75185
-5260.41820
-5208.46310
-5253.54099
-5272.03431
-5291.52897
-5239.83419
-5232.78891
-5229.26498
