-6155.84978
-6146.98805
-6153.97611
-6162.76817
-6148.42508
-6148.36828
-6142.45736
-6132.78954
-6122.41493
-6142.01377
-6147.62098
-6134.15757
-6141.36472
-6138.26434
-6122.82368
-6131.16292
-6143.03630
-6150.59861
-6147.87531
-6151.79356
-6144.04895
-6137.02262
-6139.64335
-6150.96556
-6146.00407
-6149.92636
-6138.87394
-6136.02356
-6144.49402
-6141.17926
-6140.20643
-6155.25649
-6153.29722
-6150.27102
-6159.29165
-6156.28507
-6142.01497
-6150.00905
-6153.19379
-6164.99078
-6162.04175
-6164.12484
-6164.94241
-6156.54793
-6162.33059
-6150.21214
-6151.04704
-6151.38819
-6147.34878
-6148.62046
-6147.27584
-6149.05738
-6159.54387
-6169.44160
-6164.78714
-6162.03161
-6147.98927
-6173.36338
-6177.52997
-6192.08854
-6184.36422
-6178.28497
-6184.11875
-6178.02097
-6171.77936
-6186.03721
-6186.07260
-6193.58247
-6187.78610
-6189.85975
-6188.63359
-6183.93376
-6179.71225
-6185.05429
-6180.65056
-6183.24091
-6190.06992
-6181.30152
-6182.94477
-6188.25377
-6180.03712
-6165.48577
-6178.06123
-6182.58602
-6171.30425
-6167.38037
-6168.62194
-6182.18039
-6182.75990
-6182.86538
-6183.25487
-6178.43165
-6187.81323
-6184.23186
-6179.04764
-6171.30534
-6169.71684
-6175.17079
-6188.63379
-6183.65000
-6177.52178
-6187.28897
-6176.01127
-6172.38758
-6166.51226
-6179.99112
-6172.27259
-6162.86083
-6175.67403
-6149.20645
-6165.59617
-6157.53811
-6164.89268
-6151.48408
-6140.89914
-6149.83275
-6148.59231
-6151.96171
-6150.49784
-6152.18984
-6153.21542
-6156.51005
-6168.15115
-6142.77770
-6130.95700
-6126.18132
-6126.03506
-6134.29368
-6120.68882
-6107.99021
-6100.09527
-6101.45902
-6106.77013
-6094.20312
-6098.19899
-6119.45824
-6111.79951
-6106.36857
-6116.63099
-6120.16953
-6117.26788
-6129.45100
-6128.15975
-6124.17810
-6126.23196
-6125.71925
-6124.96919
-6126.65877
-6123.19272
-6122.86062
-6130.24011
-6133.75317
-6101.57258
-6117.12859
-6114.58638
-6116.25237
-6129.50370
-6125.00519
-6133.49494
-6118.52838
-6124.87267
-6130.91616
-6130.85691
-6128.17470
-6120.92702
-6125.64642
-6128.10430
-6108.72307
-6122.31756
-6131.06300
-6143.38294
-6142.83103
-6140.42140
-6141.49706
-6137.34872
-6147.78942
-6148.39381
-6133.89647
-6133.76310
-6135.53428
-6131.12343
-6144.42105
-6151.75494
-6142.48562
-6154.76802
-6149.29327
-6147.75596
-6152.48795
-6138.57554
-6138.35802
-6150.66177
-6158.29390
-6147.15195
-6142.61097
-6143.56734
-6138.93942
-6151.79085
-6150.01080
-6151.83045
-6139.08754
-6136.80111
-6133.79279
-6139.48783
-6136.63255
-6145.71297
-6142.67047
-6137.67676
-6131.41919
-6134.70414
-6137.94666
-6141.36138
-6130.85033
-6123.05390
-6142.52289
-6133.33286
-6134.71074
-6129.13992
-6135.87217
-6140.61815
-6139.26693
-6170.02708
-6154.33732
-6160.21846
-6159.57731
-6156.91027
-6146.32431
-6145.16441
-6137.76409
-6147.37429
-6153.25365
-6144.46673
-6143.82762
-6141.00844
-6152.50900
-6143.75043
-6136.18764
-6157.23259
-6151.94005
-6152.06374
-6139.48334
-6145.39562
-6152.01078
-6161.63362
-6149.99553
-6144.20797
-6146.25433
-6149.01701
-6155.49506
-6160.53234
-6151.22842
-6146.60526
-6159.10879
-6162.55812
-6159.57262
-6160.77212
-6161.92167
-6161.88008
-6156.76173
-6164.96964
-6157.68598
-6155.05114
-6159.10960
-6165.73955
-6179.98045
-6179.73373
-6173.19537
-6167.20184
-6171.15237
-6166.54662
-6167.06202
-6167.07496
-6162.92998
-6158.49910
-6165.55508
-6156.75119
-6171.88550
-6174.73883
-6181.39796
-6189.75377
-6193.22143
-6191.85205
-6191.18056
-6190.63642
-6191.60392
-6192.66018
-6189.81375
-6196.86306
-6197.76027
-6189.01154
-6192.74226
-6174.80119
-6189.13117
-6176.73082
-6166.09125
-6189.77641
-6184.44432
-6179.53037
-6181.52273
-6183.72492
-6178.61192
-6179.19236
-6182.60035
-6172.59380
-6182.74499
-6190.22543
-6186.34987
-6184.75164
-6184.81909
-6175.38080
-6184.98961
-6183.07566
-6188.13564
-6186.66429
-6188.76140
-6176.04360
-6188.89860
-6188.71553
-6177.59300
-6177.86979
-6175.55486
-6176.77653
-6166.15880
-6168.14365
-6162.94404
-6174.33242
-6164.24958
-6170.79344
-6184.92992
-6182.12964
-6184.13456
-6178.63099
-6188.32526
-6187.62970
-6180.74325
-6180.82822
-6185.32583
-6178.21150
-6171.93655
-6167.55024
-6167.69431
-6175.27355
-6178.25185
-6182.12773
-6185.35516
-6179.81309
-6182.38302
-6174.28509
-6178.12030
-6166.12868
-6177.05649
-6175.87796
-6178.51845
-6175.77046
-6179.55272
-6168.15749
-6178.75238
-6177.68356
-6184.59009
-6184.02154
-6183.02757
-6198.89247
-6182.32305
-6178.84532
-6183.97259
-6198.54049
-6184.53428
-6172.03661
-6177.50354
-6172.07733
-6167.51456
-6163.36336
-6164.78716
-6174.10233
-6167.22720
-6177.19531
-6159.66593
-6159.39388
-6188.90231
-6184.55596
-6192.56809
-6193.13676
-6183.32202
-6190.60959
-6173.39754
-6180.21919
-6188.37000
-6182.73662
-6178.04125
-6181.55305
-6187.14064
-6181.90733
-6198.25973
-6196.06462
-6198.32080
-6194.06839
-6190.58342
-6172.63130
-6179.04845
-6181.35789
-6179.79304
-6189.62872
-6185.75345
-6196.39810
-6185.28377
-6179.71592
-6184.55861
-6177.58076
-6177.94395
-6187.83950
-6178.01840
-6187.36831
-6184.42220
-6195.45144
-6184.58623
-6175.08583
-6190.84554
-6189.13903
-6185.62567
-6177.98514
-6175.56675
-6174.97412
-6163.38444
-6155.59874
-6154.35887
-6155.17324
-6175.82316
-6172.45843
-6169.03298
-6153.69504
-6161.86372
-6174.90957
-6181.72874
-6181.32880
-6167.42612
-6170.55067
-6171.19024
-6166.48214
-6164.82165
-6175.78092
-6173.09567
-6147.35484
-6162.74747
-6154.72846
-6154.81114
-6166.44561
-6163.21035
-6159.81341
-6144.21967
-6144.85671
-6143.25628
-6145.77195
-6130.21804
-6129.78259
-6124.80332
-6133.54553
-6139.73115
-6140.02173
-6139.60236
-6157.67185
-6154.46149
-6153.50552
-6130.58969
-6131.66597
-6139.35733
-6149.69446
-6144.86722
-6141.76768
-6148.39586
-6153.47147
-6166.92779
-6158.04541
-6162.40817
-6157.59938
-6149.23258
-6158.21312
-6147.13010
-6140.79379
-6133.69109
-6123.66585
-6131.64988
-6147.98969
-6146.54648
-6142.80805
-6138.24112
-6131.05266
-6126.27312
-6138.01089
-6126.65501
-6136.32858
-6128.13244
-6137.97484
-6134.46420
-6132.59392
-6128.93087
-6131.18009
-6133.63377
-6131.44332
-6127.83955
-6125.92013
-6131.67212
-6134.17688
-6131.38715
-6133.22017
-6131.63795
-6140.98948
-6127.13848
-6132.68286
-6137.85924
-6135.70214
-6138.20917
-6121.44541
-6120.54322
-6127.53553
-6134.80027
-6139.17197
-6133.18220
-6136.95212
-6146.90772
-6138.64237
-6134.67670
-6136.80508
-6138.08217
-6149.42685
-6140.85308
-6140.54908
-6138.00954
-6153.86451
-6148.04513
-6146.94456
-6146.48780
-6148.74843
-6134.53266
-6131.65647
-6131.98822
-6125.91372
-6143.14226
-6141.38888
-6140.91702
-6152.58157
-6156.90617
-6154.10717
-6158.48196
-6167.11036
-6155.20895
-6168.57741
-6175.89596
-6157.12532
-6155.08730
-6151.58842
-6157.21175
-6155.50833
-6163.41922
-6161.65309
-6176.10336
-6166.81101
-6160.52324
-6158.48162
-6163.51392
-6170.16628
-6153.82706
-6155.25779
-6148.93912
-6133.35437
-6136.36575
-6133.83793
-6138.72948
-6154.16284
-6159.72436
-6164.01224
-6158.17545
-6165.26972
-6151.52900
-6140.75973
-6140.19019
-6133.06742
-6147.66103
-6145.82650
-6143.27201
-6138.33636
-6159.40241
-6138.43549
-6144.32388
-6127.65204
-6139.25935
-6123.72346
-6124.13187
-6126.57111
-6129.11627
-6126.54306
-6122.43448
-6117.67498
-6124.46349
-6133.79253
-6129.70154
-6131.03825
-6135.60638
-6127.46750
-6123.41419
-6114.98826
-6120.32600
-6122.99458
-6128.57259
-6122.85477
-6117.52023
-6128.57092
-6127.93929
-6137.32318
-6133.81719
-6120.84587
-6131.78064
-6129.41059
-6138.35803
-6127.08187
-6134.93137
-6128.93812
-6131.02676
-6131.97797
-6129.88577
-6136.79161
-6148.36513
-6145.75100
-6147.20201
-6153.51355
-6156.55684
-6151.93500
-6151.02684
-6155.48221
-6154.97988
-6151.31503
-6159.04016
-6162.31575
-6159.23506
-6163.80735
-6164.12595
-6169.11352
-6160.48424
-6164.84759
-6151.47476
-6164.39606
-6170.22972
-6168.28097
-6162.56701
-6176.32168
-6174.58079
-6186.46854
-6178.00216
-6159.48530
-6164.67175
-6155.34730
-6147.63756
-6171.16032
-6170.42549
-6180.52474
-6181.96917
-6180.60370
-6186.54697
-6179.94747
-6174.04569
-6182.24048
-6180.09875
-6179.63306
-6175.39193
-6180.67478
-6181.90186
-6179.41699
-6176.67876
-6175.21422
-6174.99327
-6171.23007
-6174.88941
-6167.32819
-6183.33930
-6180.64446
-6180.59981
-6177.62340
-6181.17404
-6188.47484
-6194.33254
-6195.39702
-6188.32492
-6180.89535
-6183.36003
-6169.28218
-6171.72794
-6164.21611
-6158.53698
-6153.39118
-6155.68029
-6159.14494
-6162.29954
-6162.30977
-6155.76772
-6162.49531
-6159.45747
-6145.33876
-6140.08870
-6136.80791
-6146.65934
-6148.62089
-6143.62519
-6137.05991
-6141.54934
-6153.23996
-6143.06131
-6151.40532
-6139.12268
-6130.87400
-6139.89137
-6138.73014
-6135.17319
-6139.06716
-6140.91675
-6142.97744
-6134.93790
-6123.09850
-6122.27198
-6122.32151
-6129.35324
-6125.99560
-6122.42055
-6130.84227
-6116.06971
-6126.78692
-6144.78764
-6149.46161
-6163.73434
-6161.38571
-6156.06757
-6162.35913
-6164.63301
-6157.54119
-6163.39340
-6147.46529
-6151.95842
-6148.78459
-6149.05730
-6137.59496
-6142.51650
-6142.44341
-6149.02698
-6147.05365
-6157.25848
-6157.56669
-6161.32257
-6158.26298
-6153.70450
-6160.67535
-6153.22324
-6160.42705
-6156.76267
-6164.95036
-6168.78120
-6158.67084
-6158.27216
-6158.98900
-6167.00061
-6160.28678
-6169.81978
-6159.28097
-6150.83771
-6157.19048
-6150.93605
-6156.90127
-6147.26140
-6143.80971
-6151.21495
-6145.00557
-6136.26197
-6131.15917
-6125.21943
-6128.96705
-6137.36255
-6133.76352
-6143.59911
-6141.42320
-6153.27065
-6146.20232
-6142.41689
-6142.04370
-6133.38424
-6140.56405
-6146.21360
-6139.56406
-6148.95460
-6142.35154
-6131.90185
-6132.09760
-6146.25620
-6142.94024
-6135.34768
-6132.18050
-6115.79400
-6114.27076
-6112.46634
-6109.04466
-6110.27554
-6120.02262
-6147.40302
-6138.25247
-6142.09825
-6147.72298
-6151.78763
-6135.69137
-6131.73979
-6128.48761
-6136.55341
-6137.83949
-6150.14906
-6137.01394
-6144.31070
-6139.57112
-6131.94315
-6140.45000
-6134.12317
-6127.56113
-6133.17568
-6148.57745
-6146.44033
-6141.07779
-6143.35895
-6136.66680
-6135.75211
-6143.17769
-6141.18854
-6141.73355
-6145.84828
-6137.36873
-6144.00628
-6136.28526
-6143.37336
-6150.81148
-6132.55220
-6139.01696
-6147.02931
-6156.87715
-6145.52816
-6154.03152
-6138.53613
-6143.36480
-6144.01761
-6127.48663
-6148.47322
-6131.59618
-6135.88903
-6154.74459
-6148.72594
-6146.16493
-6147.90156
-6138.19019
-6140.13689
-6124.31029
-6131.45438
-6126.85895
-6133.66149
-6120.41897
-6126.49220
-6138.96118
-6131.85784
-6133.57253
-6130.41842
-6135.49056
-6127.64195
-6135.41653
-6132.30448
-6127.83435
-6132.73770
-6133.62055
-6151.62220
-6138.02560
-6152.17700
-6145.62652
-6153.59429
-6148.70197
-6146.10041
-6137.50293
-6143.95630
-6147.35666
-6153.39674
-6148.92344
-6140.08441
-6138.93029
-6122.05914
-6130.56605
-6127.66272
-6141.32403
-6150.90533
-6146.35454
-6150.39845
-6152.39159
-6142.75352
-6147.12273
-6153.90628
-6149.42532
-6157.95131
-6137.75500
-6142.63459
-6143.51433
-6139.14873
-6142.33097
-6145.62893
-6144.02947
-6157.93259
-6156.91948
-6165.45856
-6169.17368
-6171.35874
-6172.02449
-6158.21162
-6166.20667
-6165.18096
-6169.86926
-6175.93210
-6170.14539
-6166.93029
-6173.06686
-6162.13017
-6159.98182
-6175.35679
-6158.50875
-6174.61335
-6166.92726
-6179.43157
-6158.50359
-6160.63880
-6157.58631
-6161.29746
-6165.71007
-6171.48275
-6168.89662
-6154.33619
-6165.63339
-6151.49990
-6155.38472
-6153.44089
-6146.68282
-6149.03814
-6150.11378
-6129.11021
-6132.44207
-6137.15595
-6142.11653
-6131.07377
-6136.61470
-6120.55690
-6123.13229
-6125.40723
-6128.05839
-6135.43459
-6132.50036
-6139.03402
-6138.42292
-6142.40741
-6142.41869
-6130.44889
-6140.20110
-6151.09906
-6163.36964
-6165.82446
-6175.41761
-6167.32721
-6161.79559
-6166.96051
-6159.49618
-6166.91688
-6168.70269
-6162.61161
-6154.21176
-6144.15123
-6139.08838
-6143.19449
-6151.13900
-6145.36878
-6152.95287
-6137.83355
-6143.89681
-6151.78247
-6156.87295
-6154.31837
-6149.57701
-6155.11914
-6139.17870
-6142.82438
-6148.83275
-6153.46382
-6169.28909
-6172.38387
-6164.67192
-6156.07659
-6152.69896
-6152.80986
-6159.86575
-6163.61031
-6154.01457
-6159.98931
-6170.31399
-6153.19819
-6167.63196
-6183.15676
-6181.28536
-6177.34613
-6173.24164
-6176.42196
-6172.05891
-6158.52049
-6163.58264
-6160.68390
-6167.30401
-6171.12353
-6170.33222
-6170.79442
-6174.45103
-6185.23725
-6179.31254
-6181.80046
-6177.32487
-6184.70927
-6171.06067
-6180.24543
-6176.31027
-6184.96485
-6186.31213
-6187.95256
-6193.71565
-6180.70782
-6175.92478
-6177.58674
-6175.53216
-6169.68003
-6169.99832
-6165.46137
-6181.53338
-6172.59106
-6189.18650
-6195.22986
-6188.74024
-6190.86650
-6198.41272
-6194.36599
-6202.37809
-6186.37939
-6179.09428
-6186.40179
-6191.92108
-6184.86017
-6195.49983
-6193.25403
-6197.13616
-6193.36971
-6190.98297
-6188.19204
-6178.88210
-6181.37038
-6181.72774
-6184.88699
-6185.75797
-6186.62526
-6186.71922
-6189.17535
-6193.07008
-6183.71699
-6194.03957
-6189.60988
-6188.21634
-6190.46209
-6183.42613
-6174.87203
-6194.15513
-6195.59961
-6198.34990
-6197.42567
-6199.28681
-6194.35088
-6198.01775
-6190.68119
-6187.60039
-6195.23488
-6194.43475
-6192.30674
-6189.99449
-6178.31934
-6190.73560
-6191.35865
-6188.92930
-6191.18934
-6188.34745
-6191.73107
-6189.81929
-6192.47341
-6191.41427
-6189.93877
-6175.12093
-6166.48865
-6179.89208
-6179.93616
-6176.30686
-6180.12886
-6176.90710
-6177.87586
-6179.69631
-6177.28903
-6179.34892
-6171.97711
-6178.63503
-6184.76861
-6201.31650
-6197.96618
-6183.56675
-6178.25034
-6177.44177
-6186.73558
-6175.88725
-6176.53610
-6179.94451
-6176.14094
-6176.93109
-6170.28101
-6164.40499
-6171.27974
-6179.99240
-6179.48502
-6186.68649
-6194.02970
-6192.25653
-6205.75911
-6197.21718
-6195.43679
-6183.93053
-6197.09298
-6200.42470
-6197.54059
-6200.86826
-6204.68930
-6194.27448
-6191.53034
-6194.07798
-6185.61479
-6178.59923
-6194.67331
-6197.78189
-6188.00915
-6193.06691
-6187.35569
-6190.88346
-6191.35223
-6197.34441
-6199.05538
-6204.35301
-6207.11883
-6200.61213
-6194.12928
-6200.59379
-6194.79790
-6202.65034
-6193.90399
-6180.82170
-6193.68161
-6198.53564
-6201.36177
-6193.56965
-6178.46118
-6181.67177
-6180.60138
-6183.06737
-6191.50638
-6181.47775
-6177.96175
-6169.00671
-6162.02737
-6184.67168
-6176.34075
-6168.16143
-6177.00553
-6175.08223
-6188.99821
-6179.25711
-6189.90350
-6183.99676
-6177.99492
-6182.23204
-6179.09334
-6174.39012
-6174.70503
-6187.05091
-6178.33259
-6177.96768
-6182.20656
-6188.35949
-6191.36197
-6172.86975
-6177.92755
-6176.16289
-6164.72665
-6174.94542
-6177.51026
-6179.06621
-6183.45310
-6165.58695
-6170.07940
-6195.81340
-6198.88748
-6196.31989
-6196.46025
-6191.30036
-6189.80015
-6196.29999
-6195.19929
-6182.03255
-6185.10484
-6185.95168
-6177.81301
-6178.90324
-6182.34973
-6181.88075
-6179.30493
-6187.78674
-6188.88415
-6186.26025
-6185.44973
-6193.66122
-6194.16699
-6186.90021
-6192.02073
-6188.82785
-6190.49486
-6203.60594
-6188.82939
-6187.58703
-6184.59380
-6179.65712
-6184.80802
-6191.40318
-6191.51124
-6183.46554
-6183.69698
-6195.33851
-6185.72222
-6185.32518
-6190.56702
-6188.08995
-6191.42725
-6164.09591
-6171.35672
-6184.17275
-6186.44466
-6173.63736
-6182.69560
-6174.78683
-6177.87721
-6171.25687
-6169.24837
-6174.87003
-6156.23751
-6161.55421
-6165.84402
-6158.85779
-6183.50339
-6186.01289
-6199.56865
-6205.36323
-6198.79614
-6207.31496
-6187.03028
-6189.90325
-6186.67873
-6188.47228
-6203.57108
-6203.47005
-6207.01078
-6206.59764
-6217.64316
-6206.38006
-6205.07430
-6212.27258
-6209.93446
-6215.12562
-6219.14209
-6220.98075
-6214.68328
-6214.63039
-6206.61103
-6205.93533
-6211.55038
-6221.96529
-6206.90778
-6211.99241
-6212.75099
-6209.46933
-6217.01393
-6203.93955
-6201.96019
-6214.07282
-6212.74676
-6215.17455
-6213.89084
-6214.27470
-6220.08935
-6222.51605
-6228.37031
-6211.61539
-6219.36915
-6221.61274
-6215.29964
-6206.96076
-6203.86605
-6223.49225
-6206.45684
-6202.00810
-6208.46253
-6209.12797
-6201.81928
-6220.03591
-6209.65896
-6213.61028
-6206.11822
-6204.35157
-6209.76346
-6212.78687
-6213.43778
-6205.69028
-6209.46876
-6207.22380
-6208.47737
-6217.49585
-6209.31249
-6208.98357
-6209.67102
-6207.09928
-6204.69470
-6214.10244
-6213.40357
-6208.14967
-6195.57954
-6192.94892
-6210.54213
-6220.29900
-6204.15204
-6206.09975
-6211.40118
-6203.48206
-6213.46322
-6213.65831
-6213.80625
-6214.87685
-6213.06366
-6212.49192
-6216.95574
-6213.81389
-6214.68885
-6220.05988
-6203.74198
-6201.69340
-6198.74896
-6204.03957
-6205.22265
-6211.84333
-6207.84359
-6196.38542
-6193.91034
-6189.86447
-6188.76461
-6188.88112
-6173.66518
-6176.92336
-6181.69485
-6166.33524
-6157.61257
-6155.98102
-6164.40370
-6164.79815
-6175.69143
-6174.19255
-6173.16597
-6169.78574
-6174.44133
-6163.30134
-6163.60234
-6167.48777
-6179.25017
-6174.72433
-6168.14335
-6156.12021
-6146.32038
-6140.51687
-6144.34548
-6158.21683
-6157.79065
-6166.55676
-6168.20190
-6161.80594
-6173.13317
-6160.85492
-6171.62836
-6157.78358
-6160.02013
-6166.54299
-6166.72454
-6168.62665
-6180.64005
-6175.90586
-6158.86602
-6160.42368
-6162.91423
-6152.85266
-6144.91628
-6147.20607
-6152.41747
-6134.66759
-6140.05090
-6123.37022
-6131.96299
-6138.85965
-6149.24316
-6154.72590
-6168.98469
-6164.49205
-6139.26174
-6142.02250
-6152.99702
-6147.66336
-6152.53230
-6161.65880
-6156.69366
-6153.76798
-6151.65638
-6158.75313
-6152.89382
-6154.56119
-6149.12453
-6153.14873
-6144.07666
-6141.49423
-6134.07220
-6138.70420
-6134.71792
-6126.79889
-6132.26008
-6140.04240
-6146.72491
-6135.08157
-6136.24527
-6158.28687
-6161.30680
-6170.63194
-6167.02295
-6159.71481
-6161.57310
-6152.66725
-6151.60525
-6159.48624
-6148.65966
-6151.34822
-6156.29708
-6162.68248
-6167.29458
-6159.25646
-6157.90221
-6162.54673
-6154.22002
-6156.09482
-6166.83139
-6156.23978
-6149.18756
-6147.97640
-6161.53662
-6162.90315
-6160.64168
-6162.14297
-6150.15781
-6142.89535
-6149.91856
-6151.39730
-6143.14165
-6138.94282
-6140.92029
-6130.90866
-6138.68016
-6139.96898
-6128.78311
-6143.80517
-6148.08346
-6153.25489
-6154.44025
-6152.19014
-6140.80020
-6150.82012
-6149.38030
-6147.66499
-6141.97202
-6145.42246
-6140.81567
-6149.86949
-6146.54533
-6150.43990
-6141.30445
-6144.96742
-6141.74768
-6140.84995
-6147.56028
-6154.08599
-6158.31647
-6161.78302
-6156.78932
-6148.40921
-6148.26723
-6135.59480
-6144.70296
-6148.02601
-6136.90048
-6136.59087
-6128.12771
-6137.27901
-6136.95937
-6128.12459
-6124.07416
-6129.95191
-6118.96481
-6130.82645
-6134.51469
-6129.98503
-6139.44443
-6152.93230
-6144.20878
-6146.47069
-6147.15643
-6152.27380
-6159.84648
-6153.62913
-6163.74912
-6162.84601
-6156.66901
-6149.18044
-6154.92337
-6142.22285
-6150.72017
-6142.11173
-6152.94092
-6151.49221
-6151.59841
-6138.15547
-6140.44722
-6154.41896
-6142.62428
-6145.76227
-6156.63773
-6154.05652
-6145.88009
-6153.85290
-6157.54549
-6162.97327
-6141.60988
-6146.60453
-6153.55703
-6149.16220
-6151.33847
-6155.39793
-6150.34912
-6157.52754
-6138.96060
-6133.13777
-6142.86150
-6143.80374
-6159.54007
-6156.62051
-6152.34038
-6141.99297
-6138.38441
-6150.62120
-6154.09449
-6158.31885
-6158.23388
-6165.97472
-6158.69330
-6151.08726
-6160.05499
-6161.47742
-6156.28844
-6156.06488
-6156.04086
-6158.80245
-6147.29439
-6152.58882
-6156.04165
-6141.92572
-6159.26254
-6155.00491
-6149.61631
-6156.82206
-6160.05420
-6162.21640
-6163.10060
-6162.66461
-6159.99197
-6154.06172
-6157.58260
-6166.36019
-6165.09107
-6167.94107
-6169.10671
-6169.89561
-6164.11482
-6174.69271
-6166.93490
-6158.68621
-6165.33447
-6167.30274
-6167.37502
-6158.59508
-6161.34036
-6169.97134
-6165.41575
-6171.66321
-6171.64859
-6167.23917
-6170.77838
-6170.34146
-6166.63048
-6163.52727
-6158.66314
-6152.80604
-6147.59761
-6154.84369
-6141.79129
-6149.54562
-6133.46187
-6130.66694
-6124.94620
-6154.73244
-6148.94695
-6142.77899
-6142.12224
-6154.50719
-6150.45099
-6154.37765
-6135.57164
-6122.74575
-6128.41700
-6145.63784
-6140.64903
-6154.94190
-6148.20784
-6146.18530
-6143.50117
-6144.64861
-6149.97458
-6133.13594
-6146.00492
-6148.30598
-6147.85702
-6143.29437
-6147.73083
-6148.95546
-6146.91355
-6158.63826
-6159.98342
-6161.99017
-6160.00089
-6156.21098
-6157.46893
-6137.31143
-6142.77602
-6133.78449
-6128.95707
-6130.44338
-6122.86577
-6133.99175
-6136.16029
-6131.61890
-6140.39485
-6143.76041
-6138.75681
-6140.70670
-6128.37476
-6138.51870
-6144.20830
-6154.56300
-6164.07682
-6163.24041
-6165.42297
-6173.75872
-6163.36467
-6176.49050
-6172.23420
-6184.84263
-6181.27939
-6200.28147
-6193.74947
-6200.05240
-6185.01270
-6181.75139
-6189.45596
-6190.04379
-6188.43382
-6196.47173
-6190.75542
-6184.15498
-6202.07052
-6189.27891
-6169.55130
-6173.39764
-6171.69556
-6178.45517
-6175.31354
-6186.29302
-6175.81318
-6176.96092
-6175.12736
-6182.41958
-6172.06042
-6174.02963
-6187.32911
-6191.39626
-6197.36034
-6192.93899
-6191.16703
-6193.22881
-6188.17535
-6178.02739
-6175.85203
-6161.32627
-6175.24610
-6180.91300
-6191.47309
-6187.23572
-6181.55014
-6188.72289
-6184.26643
-6186.36781
-6181.92236
-6187.86736
-6170.71055
-6177.52659
-6184.59213
-6188.72345
-6178.13289
-6185.43967
-6186.43182
-6203.48772
-6199.02660
-6201.41447
-6191.68645
-6194.47450
-6196.92340
-6192.25791
-6196.10382
-6192.11082
-6191.30028
-6191.42262
-6187.58546
-6190.74315
-6184.75973
-6180.00943
-6189.50576
-6183.20872
-6184.75380
-6184.59318
-6187.98868
-6196.67878
-6200.23587
-6183.58019
-6191.94331
-6184.19265
-6202.04185
-6195.39190
-6181.49467
-6173.82034
-6165.74854
-6174.22966
-6177.78563
-6178.22936
-6177.55552
-6179.88058
-6169.54317
-6162.38514
-6169.97859
-6171.90041
-6174.95794
-6175.73169
-6181.08866
-6185.28945
-6181.77031
-6169.97239
-6181.79988
-6170.43754
-6168.50979
-6175.32766
-6178.99511
-6180.55517
-6175.99430
-6170.51165
-6164.62857
-6164.28418
-6178.83387
-6182.85276
-6171.21009
-6179.36329
-6168.96671
-6162.25396
-6158.46725
-6162.03959
-6172.52560
-6171.01044
-6176.86073
-6169.53471
-6176.02979
-6170.74810
-6162.24556
-6175.08718
-6171.18773
-6176.59957
-6181.09836
-6193.18000
-6193.03368
-6182.93281
-6188.74710
-6196.17904
-6197.02691
-6198.47543
-6199.30351
-6199.88790
-6200.08153
-6191.04064
-6203.20548
-6195.29903
-6206.21442
-6213.94670
-6201.97119
-6196.63899
-6204.16931
-6198.19704
-6196.30578
-6200.32869
-6206.53930
-6206.63156
-6199.24477
-6204.76026
-6200.05917
-6192.36294
-6184.69269
-6187.27161
-6203.89467
-6205.28812
-6214.73168
-6210.91617
-6214.49034
-6206.04725
-6210.85406
-6201.31088
-6190.61589
-6193.62076
-6189.61814
-6189.21771
-6185.06548
-6193.81814
-6188.26232
-6180.71974
-6184.46452
-6195.77327
-6203.45041
-6194.26682
-6210.10599
-6211.02173
-6205.96836
-6206.32608
-6203.04341
-6205.66099
-6208.68499
-6209.77937
-6206.86892
-6195.77852
-6196.22493
-6204.26458
-6183.63291
-6194.91511
-6190.07356
-6186.56658
-6183.79260
-6175.99080
-6176.03241
-6177.73864
-6184.49207
-6176.09647
-6178.80239
-6186.91481
-6193.44259
-6192.44437
-6180.08326
-6174.48934
-6185.54347
-6177.55696
-6166.06881
-6162.86921
-6155.21444
-6182.40992
-6168.87678
-6165.39292
-6164.73454
-6177.34266
-6179.45997
-6183.27146
-6186.91063
-6186.40594
-6195.89958
-6198.58786
-6193.97662
-6193.26536
-6200.40790
-6192.56337
-6191.99050
-6199.95278
-6206.20462
-6210.98309
-6207.20491
-6200.43153
-6197.91007
-6193.61548
-6179.11187
-6181.08367
-6176.28321
-6177.36114
-6184.21672
-6185.51645
-6201.96453
-6201.25410
-6177.30271
-6190.47933
-6184.92133
-6188.04449
-6169.74143
-6170.71566
-6188.54566
-6184.57261
-6195.57515
-6202.24811
-6202.82021
-6190.27608
-6191.55981
-6199.34103
-6199.94791
-6202.38487
-6197.06069
-6196.75366
-6205.92603
-6190.11230
-6193.11401
-6195.66178
-6197.59104
-6197.30262
-6196.22110
-6179.11098
-6184.11245
-6184.32521
-6190.01670
-6199.12331
-6196.24038
-6209.81832
-6201.76602
-6201.02513
-6199.43333
-6188.90126
-6204.12758
-6205.44455
-6197.93573
-6210.49204
-6197.36172
-6198.61051
-6205.92535
-6187.03335
-6203.26241
-6210.23351
-6207.79921
-6205.05089
-6207.15228
-6202.69704
-6189.53090
-6188.61812
-6200.57714
-6193.33770
-6188.99954
-6194.17979
-6196.87804
-6193.58618
-6201.09556
-6205.40011
-6202.50806
-6193.19985
-6201.18932
-6202.17940
-6200.01335
-6202.78133
-6187.07555
-6181.63390
-6172.92103
-6181.29516
-6193.57904
-6191.69420
-6193.23319
-6183.54694
-6193.67551
-6197.71598
-6202.54453
-6190.27922
-6198.03333
-6203.29794
-6198.74705
-6202.26017
-6201.73710
-6190.60192
-6192.94078
-6199.03742
-6201.89718
-6195.18335
-6200.57520
-6189.52145
-6201.20689
-6202.30236
-6198.06792
-6206.03223
-6195.64760
-6203.46955
-6185.25015
-6194.84466
-6193.64580
-6191.05886
-6200.12202
-6197.68443
-6203.69640
-6190.37544
-6183.09168
-6189.72688
-6186.93216
-6182.63460
-6186.19824
-6191.31594
-6179.55861
-6192.06905
-6196.46367
-6195.50298
-6188.81980
-6192.51353
-6195.06487
-6204.68292
-6194.23401
-6185.18901
-6183.76202
-6183.28645
-6179.66611
-6191.93906
-6196.19668
-6196.18847
-6196.96309
-6186.80167
-6194.97439
-6196.85852
-6195.17876
-6200.91842
-6179.56578
-6181.10787
-6182.59971
-6178.65763
-6176.98830
-6170.94361
-6182.63837
-6189.46457
-6187.17747
-6185.60661
-6201.46026
-6202.96560
-6216.17652
-6195.26318
-6206.36505
-6196.05937
-6199.33285
-6195.25403
-6191.06865
-6198.44452
-6196.49022
-6201.90558
-6199.21510
-6202.53950
-6198.26235
-6193.96035
-6191.96314
-6194.70080
-6198.00682
-6183.66004
-6193.06757
-6201.03931
-6196.55181
-6181.23284
-6192.36306
-6208.71143
-6196.87849
-6206.42043
-6212.87991
-6211.05595
-6211.73830
-6210.22417
-6197.79700
-6189.98739
-6194.43374
-6197.30932
-6197.57872
-6194.24672
-6196.18451
-6193.06870
-6189.14599
-6183.16686
-6172.95805
-6175.97546
-6172.36944
-6175.20945
-6169.37980
-6181.07608
-6183.99670
-6195.85397
-6191.04193
-6194.99280
-6195.03035
-6192.08996
-6192.32478
-6187.39915
-6188.76721
-6179.06782
-6178.20540
-6175.46473
-6178.18743
-6186.07107
-6176.49971
-6186.63043
-6194.69869
-6198.70587
-6206.03746
-6209.01199
-6204.48452
-6192.14571
-6193.82607
-6193.81326
-6198.50000
-6185.34839
-6188.15001
-6191.74307
-6193.51308
-6185.28542
-6186.12049
-6182.66966
-6192.15012
-6193.85629
-6193.06684
-6181.01411
-6184.68899
-6187.53746
-6181.28811
-6189.11547
-6189.93475
-6186.64314
-6191.13568
-6184.69381
-6180.41729
-6184.76273
-6182.97103
-6176.57900
-6180.59520
-6174.09930
-6187.52841
-6178.20025
-6166.67663
-6170.59151
-6173.37289
-6184.42368
-6184.13793
-6189.51760
-6191.27724
-6185.58911
-6178.28261
-6169.96664
-6180.46243
-6176.68942
-6168.15715
-6154.04652
-6157.96912
-6160.52823
-6167.45194
-6161.47580
-6160.69054
-6161.32791
-6168.78882
-6166.30443
-6167.43760
-6162.74309
-6170.72354
-6172.99539
-6171.75648
-6169.50248
-6173.17349
-6161.68680
-6167.14289
-6170.49318
-6172.91764
-6172.87940
-6165.80903
-6174.14304
-6173.69324
-6156.34230
-6163.36647
-6155.90202
-6163.04295
-6157.12031
-6177.60185
-6176.12941
-6188.16867
-6185.28703
-6190.04897
-6189.15081
-6178.45668
-6179.23583
-6177.51426
-6175.57568
-6178.07203
-6181.15074
-6183.25616
-6184.37734
-6184.07211
-6184.43591
-6182.82913
-6172.07253
-6173.68686
-6164.87251
-6170.33289
-6163.81795
-6164.08052
-6153.86181
-6155.12515
-6153.86812
-6154.93934
-6156.04425
-6157.78380
-6160.85470
-6150.65184
-6150.38196
-6144.48973
-6137.88188
-6148.29744
-6163.12902
-6150.49840
-6131.05830
-6134.06055
-6122.97848
-6145.13143
-6132.23106
-6138.53515
-6127.52318
-6129.91945
-6132.55212
-6134.20474
-6129.06868
-6134.80136
-6148.96305
-6159.56463
-6165.19414
-6157.22956
-6166.00892
-6161.83497
-6149.88265
-6159.61620
-6161.94616
-6153.07212
-6160.69039
-6160.51241
-6151.30573
-6147.98575
-6147.16332
-6137.88681
-6147.96817
-6144.03576
-6138.17254
-6146.56646
-6153.15493
-6145.84261
-6150.28275
-6154.26207
-6163.53118
-6147.53140
-6148.71675
-6144.54523
-6138.69252
-6140.65590
-6136.68739
-6144.36502
-6136.91000
-6154.50999
-6149.86500
-6154.34567
-6154.96819
-6154.07148
-6141.85871
-6153.47815
-6153.98677
-6157.35245
-6162.00528
-6164.96782
-6167.39870
-6166.49333
-6165.08915
-6156.29406
-6166.39413
-6152.12909
-6158.52718
-6171.50459
-6158.71393
-6154.54230
-6149.57206
-6149.02203
-6152.23637
-6153.19854
-6153.98313
-6139.07505
-6152.91730
-6149.59576
-6164.63722
-6167.49251
-6157.85157
-6150.36127
-6159.82642
-6165.95428
-6156.10827
-6151.96523
-6151.39138
-6153.07454
-6157.19020
-6143.11115
-6159.26240
-6158.17331
-6149.68405
-6139.83580
-6154.32196
-6148.75862
-6146.09777
-6151.64562
-6152.31129
-6157.98344
-6150.75114
-6142.43797
-6150.18946
-6155.73137
-6156.55478
-6168.13661
-6173.18409
-6161.29122
-6154.40972
-6150.86212
-6160.41884
-6161.18020
-6154.28812
-6156.18154
-6153.29300
-6154.52307
-6161.53495
-6162.75463
-6167.98607
-6173.88098
-6168.63058
-6160.02986
-6166.04299
-6169.96625
-6162.73450
-6161.44801
-6158.24836
-6155.01651
-6154.77183
-6144.51174
-6140.54464
-6136.59832
-6145.51602
-6146.36860
-6158.74447
-6145.92097
-6146.71630
-6139.04812
-6146.29744
-6132.52779
-6133.75665
-6126.73892
-6123.55311
-6118.34418
-6128.84453
-6128.00169
-6137.69307
-6129.47676
-6123.95313
-6131.45582
-6143.03253
-6135.53834
-6136.63791
-6143.39145
-6134.02239
-6133.95886
-6125.16934
-6131.18589
-6140.33831
-6145.18574
-6136.77156
-6131.95329
-6139.44163
-6147.56436
-6147.19547
-6144.34356
-6128.28070
-6138.76110
-6138.67388
-6124.02465
-6136.37959
-6123.92485
-6132.47973
-6136.44055
-6134.31350
-6150.02844
-6138.97820
-6138.52594
-6147.21260
-6143.44662
-6150.60354
-6140.48690
-6146.47756
-6143.61863
-6147.43683
-6152.15222
-6153.28426
-6150.69227
-6151.86228
-6171.61787
-6159.23151
-6171.93504
-6162.36020
-6163.49030
-6174.26403
-6169.14663
-6160.11338
-6156.57681
-6164.72619
-6152.15856
-6152.72403
-6163.47076
-6172.28173
-6166.81829
-6181.01706
-6169.96022
-6171.54941
-6165.18594
-6173.86953
-6177.60042
-6176.87329
-6169.72548
-6176.56112
-6179.56669
-6178.47993
-6180.12713
-6166.76438
-6169.30096
-6155.79397
-6153.79463
-6153.77336
-6154.31745
-6149.29137
-6148.55844
-6146.59067
-6142.49745
-6141.37714
-6146.47676
-6143.05688
-6128.90550
-6136.88080
-6143.58167
-6154.68580
-6166.32318
-6148.01720
-6146.31683
-6148.51917
-6159.49832
-6152.10437
-6158.83458
-6158.92563
-6142.76034
-6137.75374
-6146.38382
-6142.03253
-6151.44697
-6145.21398
-6159.40928
-6157.91932
-6155.08505
-6152.69247
-6157.07820
-6145.59460
-6154.27823
-6153.67077
-6153.82830
-6151.30530
-6141.48043
-6132.32103
-6135.76651
-6136.97326
-6141.72988
-6154.31862
-6142.56647
-6151.37340
-6145.12227
-6149.73663
-6159.61247
-6151.94537
-6149.87774
-6148.18567
-6121.69939
-6132.71314
-6131.10190
-6131.82218
-6146.70427
-6144.68074
-6146.17915
-6159.64729
-6158.73553
-6157.08769
-6155.63413
-6161.49841
-6167.11105
-6183.07151
-6175.08002
-6178.24766
-6176.60819
-6175.76722
-6172.38223
-6173.65162
-6176.83738
-6164.18923
-6159.23225
-6159.63008
-6145.78680
-6138.08226
-6154.36270
-6158.10709
-6153.58022
-6157.69818
-6155.28221
-6162.36845
-6161.28207
-6154.08526
-6153.32980
-6152.95827
-6158.64946
-6164.93214
-6160.85061
-6155.60644
-6152.60310
-6172.05552
-6164.62201
-6157.19789
-6138.03878
-6149.46309
-6147.19099
-6155.32096
-6165.74758
-6165.52667
-6154.27944
-6165.07880
-6171.29492
-6159.74007
-6161.02288
-6163.24456
-6170.84975
-6172.35544
-6176.55513
-6170.74916
-6178.32049
-6174.63393
-6175.14702
-6170.99436
-6174.11858
-6178.93511
-6180.75632
-6180.98962
-6177.46383
-6181.77167
-6184.11925
-6184.95229
-6176.80728
-6190.27482
-6187.84357
-6188.53622
-6184.50412
-6191.24874
-6196.66454
-6182.92718
-6192.87800
-6180.84463
-6184.10541
-6188.03069
-6181.47051
-6183.98940
-6171.64264
-6175.96663
-6155.16848
-6161.10557
-6153.62977
-6165.45162
-6166.44971
-6163.96942
-6159.75183
-6157.13476
-6161.18195
-6158.03945
-6149.03266
-6158.04321
-6160.14101
-6160.43434
-6147.37522
-6152.70525
-6143.71873
-6151.22755
-6141.41716
-6138.48595
-6148.25275
-6139.91716
-6144.71757
-6139.86889
-6134.92980
-6141.46776
-6141.29066
-6144.30015
-6153.01082
-6165.82067
-6147.92686
-6154.97362
-6141.48098
-6138.33047
-6150.56819
-6142.59392
-6154.27864
-6158.34959
-6159.21920
-6144.24961
-6144.20614
-6139.83996
-6150.96812
-6166.15103
-6160.81522
-6158.62256
-6160.51738
-6169.04338
-6173.07219
-6167.98704
-6173.90426
-6167.66667
-6175.17950
-6174.76624
-6170.86447
-6180.92922
-6178.74032
-6172.76189
-6164.38176
-6154.87207
-6155.37306
-6154.86309
-6160.48117
-6162.01024
-6161.56083
-6166.76369
-6163.10238
-6160.38225
-6156.22327
-6155.87559
-6176.03142
-6172.94813
-6158.58770
-6156.84581
-6152.99310
-6145.14900
-6175.33796
-6171.12188
-6182.32904
-6172.80085
-6174.01881
-6169.36039
-6183.90782
-6169.72494
-6180.85015
-6186.69218
-6182.95126
-6181.27813
-6168.31236
-6168.23946
-6175.42384
-6178.56830
-6195.38843
-6189.85954
-6196.37826
-6185.00512
-6196.85829
-6186.14050
-6180.98090
-6168.18612
-6179.88549
-6174.66458
-6165.97940
-6180.52536
-6174.87708
-6167.80598
-6167.80997
-6168.69987
-6165.09842
-6159.35050
-6158.45040
-6156.80842
-6158.45762
-6163.60616
-6174.07224
-6168.22920
-6162.69932
-6166.71361
-6176.33045
-6186.66463
-6181.79031
-6171.99650
-6170.52001
-6175.15052
-6185.53365
-6182.38106
-6182.56214
-6181.90056
-6175.83391
-6171.68826
-6173.11170
-6179.23509
-6175.63320
-6172.66889
-6175.09784
-6171.96298
-6164.77377
-6161.81861
-6161.77197
-6177.22346
-6173.82342
-6183.68874
-6180.78763
-6182.12108
-6188.21678
-6193.36762
-6186.68668
-6194.80876
-6200.50796
-6199.43015
-6191.96657
-6202.41117
-6194.85241
-6200.10516
-6195.79501
-6202.04059
-6206.79181
-6208.22220
-6198.96870
-6214.51267
-6209.10840
-6209.98771
-6200.57476
-6200.29933
-6205.05617
-6200.20145
-6210.08140
-6216.77916
-6212.54056
-6219.02082
-6209.14254
-6205.40091
-6215.04526
-6212.13280
-6212.18487
-6211.99314
-6219.61763
-6220.43183
-6213.01547
-6213.45661
-6217.05319
-6194.76874
-6205.98751
-6189.28702
-6202.15930
-6195.08697
-6182.04853
-6196.41942
-6192.55517
-6184.83876
-6195.86379
-6205.00676
-6190.36782
-6184.83735
-6188.70024
-6194.50557
-6196.91226
-6195.91135
-6188.71280
-6185.17798
-6177.08283
-6183.86491
-6193.77890
-6204.58989
-6197.52049
-6187.23599
-6198.92828
-6200.25020
-6209.68595
-6206.11245
-6207.66133
-6209.35370
-6208.39355
-6215.24711
-6213.59834
-6205.73253
-6204.31472
-6212.43561
-6213.10668
-6212.78572
-6204.92798
-6208.62271
-6206.39460
-6214.64913
-6198.56002
-6208.75333
-6213.75898
-6208.47063
-6201.00782
-6208.32526
-6198.48071
-6200.48100
-6204.10762
-6197.77070
-6199.78744
-6196.23691
-6186.35643
-6195.27205
-6189.52098
-6194.23475
-6186.92981
-6198.78699
-6186.19191
-6195.05853
-6195.53265
-6190.63033
-6197.38798
-6193.68997
-6197.75183
-6196.87756
-6198.00159
-6206.99367
-6211.71384
-6201.83784
-6204.54584
-6196.85707
-6181.93964
-6173.65960
-6188.17276
-6189.79730
-6194.63302
-6188.04629
-6187.02899
-6193.10001
-6189.93213
-6195.39997
-6194.75281
-6192.37020
-6189.20111
-6189.14142
-6176.62650
-6184.72097
-6182.81828
-6190.56223
-6192.21595
-6183.06313
-6183.37112
-6167.73172
-6175.89485
-6173.23450
-6178.77734
-6175.36995
-6170.06777
-6173.16332
-6185.16206
-6196.22483
-6197.27250
-6189.81206
-6199.42621
-6190.95350
-6193.90885
-6202.79212
-6193.97855
-6194.97528
-6192.43683
-6200.77964
-6198.84823
-6192.39469
-6202.80370
-6207.51365
-6196.82573
-6189.43566
-6198.53340
-6203.73678
-6209.01626
-6208.39444
-6208.60023
-6202.20331
-6206.07911
-6205.80077
-6210.30037
-6203.73126
-6207.62053
-6216.71758
-6211.61083
-6222.72364
-6218.81293
-6223.08949
-6222.59555
-6220.88934
-6210.65507
-6216.80652
-6217.78770
-6214.99472
-6209.95687
-6215.07151
-6218.29610
-6229.12823
-6225.67613
-6209.03491
-6212.73721
-6210.33398
-6211.89801
-6221.76958
-6218.33869
-6213.29562
-6215.15826
-6223.61389
-6226.94149
-6224.69150
-6224.26027
-6218.41261
-6216.62179
-6223.51965
-6222.39252
-6231.27328
-6236.73198
-6224.29683
-6226.21405
-6230.28797
-6213.87355
-6214.56360
-6211.62240
-6220.73817
-6221.04861
-6211.90745
-6214.10531
-6207.86647
-6194.37149
-6198.86566
-6207.20621
-6213.44674
-6210.67271
-6209.40778
-6203.18299
-6207.69786
-6220.38846
-6217.52998
-6208.09391
-6222.16969
-6219.23366
-6210.08423
-6205.95435
-6208.96305
-6210.08000
-6211.16393
-6210.69619
-6211.40870
-6210.74971
-6213.23440
-6212.38184
-6206.54060
-6206.58638
-6204.61667
-6203.04483
-6206.97620
-6199.17476
-6201.87538
-6204.23413
-6223.00631
-6231.37328
-6234.41690
-6237.35993
-6231.67433
-6234.87216
-6228.13259
-6221.78629
-6223.57645
-6222.42271
-6226.46661
-6222.29448
-6217.07062
-6222.38988
-6219.61209
-6224.29539
-6222.66225
-6229.61495
-6230.37120
-6229.63561
-6233.72100
-6234.86157
-6226.54568
-6226.14661
-6217.19199
-6217.83364
-6225.63407
-6221.19794
-6221.28261
-6225.58732
-6226.09742
-6216.16760
-6219.34545
-6224.03717
-6223.65139
-6226.20180
-6221.14521
-6226.36557
-6222.17591
-6223.22684
-6218.17362
-6202.73614
-6216.97480
-6220.32545
-6219.97666
-6232.94069
-6217.99445
-6218.91091
-6210.21266
-6205.20953
-6207.15172
-6204.39191
-6204.23471
-6204.14369
-6204.08850
-6207.55648
-6196.41807
-6212.48257
-6207.03373
-6202.17874
-6204.61123
-6203.16987
-6209.46367
-6194.88485
-6187.81480
-6191.50874
-6180.31412
-6172.67189
-6180.10561
-6180.10337
-6197.95943
-6191.78591
-6179.63555
-6182.37962
-6190.73556
-6198.40095
-6189.73993
-6189.74912
-6185.03619
-6187.68078
-6191.73522
-6184.72250
-6178.99875
-6170.00739
-6171.42640
-6164.35436
-6169.35255
-6170.83028
-6172.08620
-6178.04851
-6174.31844
-6165.47520
-6172.79001
-6172.55413
-6163.21958
-6163.73685
-6167.19290
-6167.76448
-6171.69605
-6159.82397
-6162.73115
-6168.46317
-6167.00545
-6170.39667
-6171.94713
-6169.73039
-6181.64408
-6178.51361
-6170.69903
-6166.73866
-6164.69447
-6163.16361
-6163.30035
-6172.23579
-6166.38332
-6158.45178
-6153.87996
-6157.11118
-6169.50176
-6179.37962
-6165.57787
-6181.23512
-6173.39534
-6171.59272
-6154.06089
-6178.69524
-6170.94434
-6166.68530
-6174.36938
-6166.61173
-6178.47878
-6177.80812
-6175.36341
-6163.31324
-6149.89045
-6153.25752
-6161.04208
-6166.52337
-6161.85494
-6161.20706
-6161.60743
-6163.79255
-6158.93476
-6159.27212
-6161.28570
-6156.06075
-6157.23039
-6166.35349
-6175.57473
-6187.56067
-6189.31413
-6190.01270
-6192.08763
-6190.72595
-6191.16053
-6185.84855
-6183.55419
-6191.60686
-6188.50008
-6176.90702
-6184.70045
-6183.93211
-6180.39849
-6183.69084
-6191.33899
-6192.09957
-6209.19290
-6210.37484
-6200.00600
-6210.31706
-6201.14453
-6213.77141
-6203.32069
-6206.22911
-6194.23797
-6186.04760
-6188.91908
-6188.04422
-6192.90872
-6198.74538
-6193.16638
-6197.11714
-6212.18960
-6197.80732
-6188.65378
-6189.66411
-6176.84687
-6181.09108
-6187.52177
-6181.15861
-6179.51338
-6174.13243
-6179.79202
-6190.87286
-6205.56854
-6200.65418
-6197.16935
-6193.57364
-6200.53150
-6196.66434
-6199.97487
-6203.17581
-6193.97504
-6192.59944
-6181.17857
-6184.17110
-6187.66954
-6176.95531
-6174.77317
-6169.78855
-6164.38537
-6178.49717
-6170.61941
-6187.08587
-6176.88235
-6181.14903
-6183.00672
-6185.45935
-6160.73990
-6163.64911
-6162.44545
-6173.97369
-6172.81708
-6164.69665
-6151.17999
-6156.90915
-6159.06170
-6161.34522
-6153.32275
-6159.21804
-6168.26767
-6169.96799
-6164.99400
-6154.78613
-6153.15304
-6158.48148
-6150.02783
-6147.90279
-6141.93887
-6145.03442
-6144.54091
-6143.78744
-6136.18853
-6127.63075
-6133.75345
-6131.61698
-6115.37960
-6107.45797
-6114.61187
-6113.99243
-6120.97015
-6122.96911
-6125.11552
-6131.61095
-6128.08534
-6131.05995
-6129.69631
-6138.75012
-6146.70491
-6133.05742
-6144.82731
-6146.16183
-6157.92622
-6158.42449
-6158.47511
-6158.57900
-6159.60681
-6152.52804
-6168.74373
-6166.15077
-6167.42676
-6171.34643
-6168.45158
-6160.97314
-6158.62084
-6153.86515
-6143.85240
-6134.99044
-6142.01892
-6143.02450
-6140.88166
-6142.42043
-6137.93256
-6122.25578
-6134.18839
-6112.23848
-6114.92728
-6123.03524
-6121.12704
-6114.89142
-6115.35793
-6122.53998
-6122.37005
-6123.20024
-6116.45076
-6124.85171
-6142.74855
-6139.98789
-6133.59444
-6135.84766
-6144.80373
-6139.72350
-6145.43223
-6148.29080
-6135.85200
-6143.49854
-6137.68088
-6140.28418
-6141.17064
-6125.66082
-6130.01048
-6128.56694
-6134.88446
-6137.01582
-6137.19654
-6126.81687
-6136.04883
-6134.83502
-6138.18981
-6125.29545
-6128.44410
-6113.59280
-6122.56793
-6125.15813
-6118.40757
-6125.57716
-6129.11403
-6123.84048
-6117.20066
-6118.74858
-6117.03458
-6112.02276
-6121.26223
-6114.86782
-6110.25180
-6106.80888
-6104.18543
-6112.61106
-6103.40248
-6103.09378
-6103.69453
-6113.35363
-6098.56653
-6108.47306
-6109.10955
-6104.54042
-6104.22360
-6112.30517
-6122.61036
-6120.88323
-6126.01245
-6118.63918
-6105.43992
-6115.86075
-6125.05976
-6127.17285
-6128.71926
-6121.97428
-6142.16163
-6136.37130
-6129.08721
-6128.48886
-6132.18987
-6127.83486
-6113.75547
-6124.05720
-6123.93926
-6119.59990
-6131.11864
-6130.07487
-6133.92895
-6140.32547
-6142.65904
-6122.44725
-6145.11676
-6139.36130
-6135.77810
-6143.30071
-6156.42860
-6138.81504
-6149.15686
-6155.10085
-6150.11753
-6144.94053
-6147.82517
-6135.08830
-6129.52384
-6128.94454
-6129.83976
-6124.19246
-6119.44006
-6111.60334
-6115.48888
-6120.64895
-6132.72359
-6133.92554
-6134.34644
-6141.29096
-6136.93313
-6130.84031
-6132.27555
-6136.58277
-6143.28546
-6144.50645
-6143.45265
-6155.24369
-6139.92619
-6148.41037
-6160.23342
-6157.24207
-6162.92588
-6140.61636
-6137.74998
-6151.05241
-6155.14348
-6147.83393
-6158.33007
-6153.31568
-6155.63882
-6149.64428
-6152.21377
-6148.01124
-6137.54620
-6138.29657
-6140.39192
-6130.32604
-6140.32051
-6158.60791
-6161.69432
-6151.37203
-6147.53915
-6148.93801
-6150.07195
-6147.72644
-6131.26286
-6141.85405
-6139.79904
-6131.19670
-6130.52393
-6127.85637
-6132.28451
-6107.95045
-6125.65026
-6135.27081
-6146.14682
-6143.72417
-6158.24799
-6158.00747
-6155.52873
-6157.65932
-6144.64902
-6136.88525
-6145.08278
-6150.96951
-6154.27445
-6145.99435
-6156.90895
-6162.66789
-6154.00232
-6156.00615
-6154.74223
-6161.18908
-6154.46975
-6141.98923
-6148.96007
-6157.98015
-6164.15184
-6149.15931
-6156.65004
-6157.18833
-6154.24807
-6153.51487
-6144.95074
-6140.62794
-6130.42593
-6149.71865
-6154.50792
-6159.04593
-6166.20119
-6162.31272
-6164.96935
-6162.16692
-6169.16864
-6169.96709
-6162.03524
-6160.52202
-6170.05463
-6160.93280
-6145.55486
-6157.08837
-6163.86085
-6148.97868
-6151.69483
-6143.03973
-6148.78667
-6137.72243
-6147.69503
-6137.04744
-6132.78268
-6137.00671
-6130.45146
-6154.42831
-6152.14317
-6153.33689
-6155.05360
-6164.60560
-6178.21455
-6174.08213
-6179.60886
-6171.72833
-6176.44452
-6185.16912
-6184.23277
-6186.04767
-6202.01603
-6182.46993
-6194.74500
-6198.57748
-6199.63255
-6207.91776
-6195.55521
-6189.94331
-6197.93532
-6182.34675
-6180.55262
-6180.31500
-6178.83390
-6181.56493
-6186.44097
-6166.78549
-6165.17294
-6165.10394
-6185.73773
-6185.85830
-6175.94921
-6176.24054
-6187.77480
-6186.72949
-6187.50030
-6199.68390
-6188.53518
-6188.82431
-6178.06131
-6190.71322
-6187.06509
-6190.23289
-6198.19624
-6194.94621
-6181.10883
-6188.68698
-6182.83762
-6191.14022
-6178.44307
-6167.48511
-6173.67861
-6185.67545
-6169.87609
-6186.93911
-6191.33700
-6204.42926
-6196.11207
-6201.02175
-6205.49153
-6207.09101
-6213.60653
-6211.90054
-6221.82399
-6218.38829
-6208.16778
-6220.32505
-6212.54685
-6210.78574
-6207.63949
-6207.43253
-6202.12938
-6200.22163
-6194.19376
-6206.05400
-6208.69313
-6194.93913
-6201.86045
-6202.74245
-6189.11396
-6181.97960
-6175.88985
-6184.43300
-6188.24379
-6178.60295
-6183.00775
-6195.01306
-6200.63028
-6177.24777
-6179.96299
-6192.76381
-6185.52255
-6202.60341
-6203.60069
-6198.37164
-6201.62480
-6206.78446
-6204.53491
-6203.74529
-6208.36837
-6195.28353
-6202.71954
-6209.32755
-6208.40049
-6205.51079
-6202.02691
-6199.77230
-6205.46121
-6200.25969
-6204.64977
-6195.15703
-6177.42116
-6193.79524
-6187.30360
-6192.31532
-6187.65292
-6191.32118
-6194.86468
-6195.31333
-6187.52324
-6191.63660
-6186.66384
-6179.00705
-6178.08571
-6177.66450
-6189.77367
-6193.80821
-6188.16493
-6184.94021
-6184.89358
-6189.46424
-6185.67411
-6199.72251
-6189.18659
-6181.48223
-6181.21089
-6182.71974
-6184.58827
-6187.87430
-6187.87010
-6179.33116
-6179.14567
-6175.95161
-6185.15836
-6187.42333
-6193.82367
-6191.12926
-6188.77633
-6196.86554
-6195.81801
-6188.22462
-6182.94359
-6191.66057
-6198.38752
-6199.86711
-6198.65524
-6190.81682
-6200.04494
-6192.84141
-6198.10081
-6202.66096
-6193.20674
-6195.64169
-6197.70355
-6194.51691
-6195.28361
-6198.08052
-6202.00515
-6196.71436
-6196.45893
-6211.25319
-6201.20230
-6203.92093
-6186.02969
-6182.44438
-6183.27826
-6184.24413
-6180.45418
-6169.17072
-6184.30376
-6179.22447
-6179.46961
-6195.06979
-6192.04754
-6187.12032
-6194.63715
-6196.97295
-6193.06319
-6188.39116
-6195.61216
-6203.26641
-6200.02521
-6201.56685
-6200.86185
-6204.10511
-6195.46730
-6192.80546
-6189.23927
-6191.02612
-6168.29259
-6164.48455
-6166.87002
-6174.85973
-6160.91342
-6167.09212
-6158.94190
-6178.31380
-6175.91470
-6183.41608
-6193.81449
-6193.46421
-6184.70751
-6193.69631
-6190.04382
-6192.41822
-6182.66298
-6175.60218
-6179.87866
-6168.26295
-6186.66774
-6196.67714
-6190.84522
-6194.20362
-6193.56978
-6191.10150
-6194.87086
-6195.63254
-6203.43416
-6212.20509
-6206.21749
-6204.06265
-6175.47234
-6179.44640
-6186.14392
-6173.83006
-6183.41209
-6199.73560
-6201.77438
-6193.83668
-6182.55066
-6185.78518
-6191.44340
-6183.88685
-6180.21041
-6185.30637
-6184.00465
-6187.21853
-6188.36911
-6190.11347
-6191.33389
-6180.31072
-6181.12789
-6184.57771
-6191.60035
-6191.01492
-6204.04007
-6205.49615
-6198.42530
-6185.02735
-6198.97623
-6200.06483
-6190.71825
-6190.31570
-6184.92996
-6189.03931
-6194.82754
-6182.40418
-6180.23165
-6188.30126
-6201.89180
-6194.70655
-6206.41515
-6194.84590
-6191.17097
-6203.14574
-6196.87944
-6203.91523
-6202.12093
-6191.53549
-6188.28993
-6182.35025
-6173.86085
-6184.52162
-6188.98266
-6188.85665
-6189.44847
-6185.86329
-6190.24361
-6197.41690
-6205.86537
-6210.88886
-6203.05252
-6206.52844
-6199.29927
-6199.20576
-6201.39056
-6199.84843
-6199.52772
-6179.33711
-6191.55723
-6200.56598
-6184.96180
-6197.76718
-6198.72245
-6195.61511
-6194.13805
-6188.05992
-6197.19625
-6204.97730
