-5594.82086
-5606.19911
-5610.04027
-5571.31245
-5576.49662
-5556.68021
-5589.72194
-5587.97616
-5594.66407
-5578.32374
-5548.77288
-5553.49009
-5549.08021
-5568.55362
-5554.62898
-5569.19273
-5561.74137
-5563.87944
-5552.29987
-5546.01782
-5563.12915
-5524.19491
-5533.53623
-5550.37413
-5555.02190
-5539.39702
-5548.71942
-5522.73184
-5553.34437
-5583.45099
-5597.00879
-5570.72931
-5603.46535
-5622.78141
-5577.96623
-5587.85025
-5569.69491
-5616.23694
-5583.53927
-5563.30691
-5607.80656
-5590.02395
-5569.66922
-5606.26878
-5595.69811
-5591.97873
-5589.72187
-5546.47365
-5516.58902
-5520.18159
-5535.58127
-5563.59654
-5563.50029
-5589.34681
-5586.95722
-5570.14436
-5574.65613
-5581.85915
-5565.97382
-5564.72102
-5607.61175
-5609.97569
-5602.47803
-5611.20228
-5594.87262
-5577.07900
-5609.01193
-5609.55638
-5620.43605
-5594.45846
-5606.74954
-5576.77626
-5581.18650
-5583.69282
-5602.50748
-5573.99567
-5589.10526
-5593.33323
-5578.73065
-5587.76266
-5575.47574
-5601.48999
-5607.75953
-5613.50823
-5607.64986
-5577.94630
-5595.65210
-5585.96278
-5565.89332
-5580.81233
-5569.47191
-5587.85630
-5592.19603
-5613.25873
-5585.06284
-5574.75353
-5562.03563
-5571.10260
-5544.73723
-5593.25575
-5569.70143
-5544.90914
-5572.04355
-5572.89926
-5542.68879
-5544.95696
-5555.94044
-5575.05243
-5576.88746
-5563.54641
-5567.28303
-5567.92769
-5577.04587
-5587.34892
-5594.87611
-5574.14126
-5578.87748
-5612.54298
-5558.17214
-5596.49198
-5568.51577
-5575.13289
-5588.99317
-5597.14362
-5611.37301
-5596.12135
-5627.61284
-5623.82047
-5582.23305
-5570.46622
-5572.04856
-5579.08475
-5524.93502
-5551.26035
-5556.21281
-5570.73770
-5570.07714
-5536.56563
-5570.16919
-5574.90896
-5568.39507
-5548.53022
-5572.70107
-5602.99712
-5574.21289
-5564.84458
-5566.71841
-5576.62922
-5533.69126
-5562.14914
-5556.14613
-5570.80387
-5557.84783
-5554.63593
-5586.04945
-5572.91355
-5538.94523
-5544.63346
-5561.34593
-5546.95898
-5586.38873
-5561.11916
-5553.79269
-5588.05404
-5579.09354
-5561.00343
-5556.66803
-5544.06233
-5543.82268
-5561.50801
-5557.91847
-5550.69575
-5547.34303
-5606.39167
-5565.31233
-5572.14605
-5571.61851
-5567.88214
-5591.71816
-5611.17247
-5566.49504
-5595.27717
-5574.03103
-5552.07327
-5550.41072
-5577.15319
-5539.79147
-5571.99352
-5592.85646
-5597.68703
-5606.18759
-5585.12154
-5580.37140
-5543.26652
-5558.22023
-5529.76399
-5555.54796
-5596.21820
-5572.82997
-5567.63647
-5590.38207
-5566.97638
-5550.29246
-5559.80102
-5549.94517
-5544.88208
-5600.07637
-5591.70397
-5584.07947
-5565.61885
-5571.89991
-5565.37257
-5551.65559
-5571.98276
-5617.42904
-5589.30583
-5619.64351
-5602.14838
-5591.47582
-5590.90685
-5575.66357
-5608.46075
-5592.49997
-5544.91326
-5543.22025
-5548.50903
-5561.30805
-5555.33327
-5585.44513
-5569.48766
-5562.43999
-5559.61616
-5543.03125
-5585.32750
-5602.18202
-5614.32543
-5582.06592
-5563.45791
-5538.77739
-5563.38530
-5542.38663
-5557.65446
-5555.52030
-5525.08120
-5535.57159
-5541.66300
-5574.02036
-5567.51276
-5587.32734
-5597.09462
-5610.05815
-5596.80793
-5584.21064
-5567.72842
-5564.62500
-5534.60983
-5561.22350
-5579.16749
-5568.61307
-5560.15381
-5539.89247
-5535.34510
-5520.25407
-5542.58167
-5557.91409
-5569.25473
-5572.00331
-5575.44369
-5594.67813
-5582.21487
-5550.59676
-5598.15145
-5576.23758
-5571.35756
-5575.87121
-5565.20329
-5582.08723
-5571.31141
-5535.07629
-5561.81345
-5586.90678
-5597.89220
-5592.37578
-5591.37913
-5584.22990
-5557.10297
-5541.09566
-5549.44264
-5570.78385
-5594.02767
-5579.12074
-5597.45971
-5568.80751
-5589.61355
-5602.51105
-5601.99233
-5594.43093
-5583.34676
-5582.58526
-5583.34109
-5559.25888
-5563.54622
-5555.77486
-5532.98641
-5545.59035
-5546.85271
-5547.89617
-5546.53203
-5551.96446
-5587.23573
-5582.20844
-5560.54859
-5566.87500
-5561.68800
-5569.79943
-5580.19252
-5584.42281
-5593.92163
-5621.63804
-5600.97749
-5586.01958
-5568.89426
-5571.48199
-5566.43254
-5565.02192
-5557.17520
-5559.24515
-5575.85078
-5575.24270
-5563.01103
-5537.27163
-5579.97838
-5565.91661
-5583.65012
-5602.21555
-5614.68547
-5597.07598
-5589.07911
-5587.18196
-5585.52819
-5600.14304
-5590.73703
-5567.19007
-5571.61583
-5559.14396
-5565.13961
-5531.55709
-5542.93106
-5550.07205
-5553.40967
-5554.12275
-5574.02696
-5562.00883
-5603.96265
-5572.46442
-5562.37468
-5591.95247
-5555.45040
-5558.01558
-5545.17311
-5555.56500
-5547.21175
-5546.31486
-5579.25630
-5584.01408
-5572.24066
-5567.94831
-5578.60283
-5562.07756
-5563.73031
-5581.16698
-5606.85580
-5590.95465
-5570.44678
-5558.59231
-5572.67829
-5589.22935
-5551.66205
-5534.28534
-5510.18602
-5539.79666
-5582.43539
-5598.89758
-5591.86050
-5550.05061
-5566.96195
-5571.57685
-5611.47687
-5606.64557
-5596.60420
-5563.58012
-5556.10124
-5577.84586
-5582.42830
-5577.37192
-5589.90508
-5543.61425
-5536.75014
-5538.27341
-5551.80906
-5560.50997
-5560.87771
-5584.57218
-5596.49346
-5590.04286
-5566.74314
-5560.25211
-5552.21075
-5586.48376
-5578.01669
-5572.43008
-5598.69386
-5593.75422
-5609.06090
-5610.14863
-5582.41586
-5552.48831
-5563.37732
-5561.61109
-5539.69350
-5580.34786
-5569.77208
-5582.39043
-5563.32688
-5549.54486
-5552.96683
-5564.16203
-5598.68226
-5586.05266
-5597.43499
-5612.22940
-5600.91750
-5596.26459
-5588.02699
-5605.49483
-5599.37449
-5605.30435
-5586.20642
-5571.72362
-5563.90526
-5547.81370
-5552.57739
-5590.79846
-5571.55852
-5572.76908
-5568.24195
-5577.91786
-5558.41246
-5593.62010
-5588.59401
-5612.09735
-5570.88974
-5575.69521
-5587.63072
-5584.65886
-5602.81094
-5597.60145
-5594.01929
-5601.36143
-5579.17676
-5562.63483
-5568.82678
-5576.33488
-5576.72091
-5582.81974
-5591.53626
-5598.48784
-5592.05462
-5614.10925
-5610.23967
-5628.47093
-5645.82654
-5647.60146
-5613.81769
-5587.92704
-5558.75189
-5550.79296
-5587.31655
-5602.58983
-5603.83130
-5597.92991
-5585.23060
-5570.19878
-5524.92939
-5523.65940
-5555.96776
-5575.08010
-5577.63154
-5536.38315
-5533.89009
-5545.53181
-5545.71715
-5541.46639
-5555.55552
-5542.65201
-5558.31140
-5585.67402
-5591.78976
-5617.03177
-5577.35122
-5553.22952
-5546.82564
-5590.57486
-5577.81404
-5557.50917
-5562.15539
-5566.09182
-5583.29368
-5587.16995
-5609.76235
-5586.84349
-5590.25962
-5585.75284
-5557.23751
-5560.85153
-5536.56942
-5520.83717
-5564.82991
-5555.59034
-5559.16935
-5587.05956
-5562.00600
-5555.77686
-5567.28313
-5565.94771
-5552.51312
-5556.76038
-5583.94545
-5585.48524
-5556.29974
-5560.82742
-5590.00114
-5574.78569
-5567.05091
-5603.95462
-5580.31516
-5538.09800
-5559.04512
-5573.45964
-5579.85325
-5541.49003
-5579.57453
-5572.47415
-5544.66700
-5571.35827
-5588.55509
-5598.62345
-5601.59880
-5593.43772
-5598.96359
-5612.08873
-5598.46610
-5593.67252
-5561.27881
-5586.96925
-5583.26013
-5597.79647
-5598.88166
-5571.05561
-5600.79594
-5562.40068
-5568.90010
-5562.66840
-5558.98702
-5541.70240
-5591.63140
-5565.61216
-5526.52484
-5509.35928
-5517.10190
-5551.23861
-5509.63125
-5507.95069
-5512.90760
-5535.98419
-5518.10718
-5535.69278
-5530.54703
-5523.51683
-5566.38288
-5564.24087
-5585.15285
-5565.22294
-5557.21245
-5575.86052
-5575.62922
-5582.85274
-5611.31285
-5615.59950
-5582.73882
-5579.47225
-5540.65790
-5561.11947
-5533.43113
-5531.53858
-5565.93393
-5599.33006
-5579.12751
-5596.11528
-5591.65501
-5522.28186
-5512.93851
-5516.38079
-5557.19537
-5574.70028
-5560.65304
-5579.59489
-5621.28720
-5617.82966
-5612.32604
-5594.90732
-5587.23629
-5604.73843
-5583.79976
-5575.09344
-5604.86525
-5579.96543
-5579.02489
-5591.39501
-5581.69754
-5561.01807
-5579.92061
-5562.55050
-5565.99968
-5559.54071
-5565.59396
-5583.86433
-5602.74612
-5615.15843
-5588.29502
-5562.60164
-5556.07614
-5550.18047
-5583.72623
-5592.41071
-5609.33679
-5611.93843
-5592.48132
-5616.77804
-5595.41627
-5581.22306
-5591.20153
-5551.12070
-5555.79753
-5550.26194
-5554.83022
-5559.85836
-5546.18810
-5525.19650
-5576.33385
-5559.56980
-5543.88776
-5521.05451
-5556.61878
-5571.43735
-5579.53426
-5603.46514
-5582.43716
-5578.75674
-5584.46821
-5612.87715
-5612.49879
-5610.25109
-5594.06018
-5596.59769
-5572.47123
-5548.92510
-5589.24800
-5591.97223
-5572.33961
-5552.66644
-5570.15639
-5558.43795
-5555.06755
-5579.89532
-5617.05395
-5596.91377
-5571.52615
-5577.71705
-5550.74711
-5565.45674
-5583.53805
-5574.96189
-5588.11014
-5596.79422
-5605.17923
-5608.01109
-5591.10656
-5556.55838
-5564.34871
-5570.92038
-5573.21189
-5580.73209
-5579.97789
-5597.12700
-5570.56612
-5579.02931
-5595.98138
-5603.00395
-5556.65555
-5566.71808
-5577.64060
-5578.08383
-5579.06570
-5543.33133
-5552.86765
-5537.43757
-5556.88975
-5545.20713
-5530.88651
-5543.46475
-5568.50377
-5582.69685
-5545.51406
-5526.54753
-5558.01183
-5532.90316
-5531.32487
-5540.61804
-5532.97022
-5554.05581
-5547.66840
-5543.00199
-5524.21441
-5530.81282
-5589.74676
-5613.05100
-5547.84640
-5560.58417
-5567.39098
-5576.99246
-5586.79433
-5613.24345
-5587.30287
-5585.11932
-5587.73953
-5578.65528
-5581.30001
-5568.03090
-5561.24799
-5563.68516
-5543.07035
-5532.88002
-5540.51007
-5559.12475
-5569.39648
-5557.74121
-5575.48087
-5578.50692
-5599.22962
-5560.50361
-5555.50454
-5543.18679
-5579.14643
-5563.74204
-5555.81179
-5543.07400
-5551.02606
-5560.08458
-5555.31634
-5557.72287
-5552.63898
-5569.78158
-5566.21503
-5580.10786
-5565.81872
-5563.52841
-5574.63983
-5567.70105
-5538.43256
-5542.15631
-5538.20382
-5578.67746
-5607.58583
-5568.02075
-5551.74045
-5577.48684
-5546.31315
-5537.50743
-5537.31272
-5566.99485
-5569.81912
-5561.62190
-5573.55261
-5592.87171
-5572.95326
-5585.34689
-5569.70863
-5567.52021
-5583.74728
-5600.38383
-5578.52633
-5552.86491
-5576.77076
-5539.81725
-5572.57645
-5567.27940
-5572.68205
-5547.52744
-5542.78516
-5556.96883
-5550.93104
-5608.99818
-5582.52199
-5596.65651
-5576.56260
-5591.79797
-5540.98716
-5557.60491
-5545.44101
-5567.29746
-5559.99809
-5528.32683
-5516.00901
-5534.98352
-5538.25540
-5584.96081
-5582.17297
-5580.67767
-5552.12524
-5548.46908
-5552.47892
-5561.53099
-5568.38582
-5612.32823
-5596.26587
-5570.96691
-5588.86167
-5598.09561
-5593.17499
-5601.71415
-5608.83857
-5574.59682
-5558.93200
-5556.10704
-5577.03251
-5565.02902
-5586.82824
-5585.79650
-5572.41193
-5558.98650
-5563.03911
-5577.15129
-5564.73477
-5547.55560
-5549.92475
-5587.23342
-5604.38832
-5615.40595
-5611.31969
-5571.07009
-5535.16694
-5547.02973
-5563.10637
-5587.94030
-5567.63410
-5585.54842
-5594.32894
-5555.35508
-5547.83838
-5552.34523
-5613.82464
-5601.87216
-5617.83207
-5631.37908
-5626.73405
-5625.42266
-5617.74767
-5593.98415
-5641.55556
-5639.98520
-5617.92207
-5576.51250
-5586.20253
-5576.64370
-5591.77345
-5594.24127
-5566.77655
-5549.94259
-5566.69597
-5572.80159
-5556.05650
-5598.80131
-5605.92555
-5575.44009
-5572.04092
-5564.89093
-5579.52278
-5557.73025
-5536.76417
-5555.21390
-5552.38092
-5537.95008
-5549.02457
-5557.73059
-5534.11749
-5553.60947
-5593.11495
-5565.33781
-5574.45104
-5586.83163
-5590.38293
-5576.05050
-5535.23057
-5550.71969
-5551.21602
-5577.77989
-5577.77327
-5542.08482
-5541.17822
-5546.26078
-5540.81653
-5554.46867
-5535.09382
-5546.33679
-5606.16264
-5579.22716
-5588.31688
-5573.71485
-5587.87895
-5612.64930
-5598.14046
-5600.06487
-5599.73544
-5594.93275
-5563.35782
-5578.73513
-5541.62104
-5544.45743
-5568.43796
-5612.64730
-5602.71794
-5588.09413
-5624.50375
-5570.60504
-5537.56254
-5556.38672
-5592.50351
-5555.08127
-5568.62681
-5594.59532
-5595.15778
-5601.18502
-5586.96263
-5569.32193
-5554.73122
-5592.23224
-5576.14498
-5596.98960
-5562.07413
-5585.69715
-5596.35916
-5616.40424
-5606.22214
-5583.62767
-5615.84021
-5565.91440
-5548.11874
-5608.02588
-5580.76000
-5547.16236
-5562.86094
-5558.91322
-5537.04910
-5558.33524
-5573.94727
-5566.79483
-5584.69403
-5600.90947
-5569.47137
-5608.79346
-5558.84510
-5588.18957
-5582.14494
-5589.50726
-5566.26790
-5593.09255
-5590.74824
-5589.84916
-5586.66390
-5592.19386
-5589.46476
-5576.05543
-5584.35273
-5608.73812
-5607.19214
-5620.02609
-5608.86811
-5595.41972
-5582.76538
-5602.86142
-5635.94067
-5610.22473
-5579.97573
-5589.33397
-5546.74872
-5552.19660
-5576.61988
-5566.62495
-5573.57867
-5613.67524
-5624.75636
-5623.34191
-5620.42431
-5588.79590
-5592.04490
-5606.32911
-5616.41366
-5570.87648
-5580.89539
-5580.35834
-5581.85090
-5524.77148
-5532.50073
-5551.86092
-5553.11070
-5596.80034
-5566.85805
-5555.59749
-5543.59019
-5516.05214
-5535.20786
-5521.00331
-5524.22248
-5523.28078
-5585.72140
-5595.44148
-5611.53558
-5595.97127
-5570.59102
-5596.59032
-5580.17064
-5582.63968
-5575.56027
-5595.57876
-5580.98161
-5597.68467
-5621.51245
-5601.66908
-5560.33512
-5554.82938
-5577.93928
-5596.17221
-5575.75771
-5549.99754
-5540.93560
-5555.00727
-5592.67884
-5596.70051
-5579.24822
-5615.57566
-5635.23962
-5657.09053
-5606.19857
-5605.92187
-5577.07988
-5566.92475
-5564.46299
-5572.41438
-5559.83573
-5565.87821
-5567.53194
-5577.68930
-5577.71743
-5555.06299
-5501.99825
-5526.58179
-5518.19193
-5562.41116
-5575.95476
-5585.80750
-5611.16736
-5577.15042
-5575.06939
-5579.25690
-5550.27288
-5557.03778
-5572.99978
-5582.59820
-5576.46490
-5585.22604
-5614.44293
-5623.48850
-5599.05037
-5584.20438
-5612.70721
-5597.74134
-5563.43177
-5579.84068
-5603.59300
-5592.15730
-5575.63817
-5574.60476
-5572.55081
-5557.95941
-5558.09168
-5570.99995
-5593.11195
-5573.13930
-5552.40112
-5569.34808
-5576.65964
-5566.23751
-5565.72362
-5558.12977
-5552.46249
-5579.50908
-5549.42046
-5578.75235
-5585.40949
-5556.68626
-5593.93981
-5596.74690
-5574.85420
-5522.50511
-5489.77541
-5545.05723
-5566.30423
-5565.58148
-5555.90715
-5578.97311
-5587.02977
-5588.00098
-5581.40825
-5608.97539
-5595.11095
-5559.50598
-5553.64964
-5593.02081
-5576.78336
-5585.55895
-5615.50397
-5604.74089
-5615.12264
-5610.24659
-5578.51192
-5543.31983
-5569.52523
-5561.32902
-5602.52993
-5604.32693
-5576.59049
-5570.40071
-5578.66040
-5554.45002
-5539.45695
-5543.50322
-5546.51646
-5576.93151
-5578.07271
-5576.76873
-5559.24638
-5572.27261
-5554.48435
-5549.97057
-5519.69680
-5531.60380
-5569.51372
-5582.35864
-5569.24676
-5573.91608
-5600.17377
-5579.49944
-5543.66157
-5568.58958
-5566.36548
-5555.48186
-5575.09960
-5586.95931
-5564.84622
-5574.16596
-5569.82105
-5544.47726
-5508.84043
-5536.61008
-5545.28635
-5552.36095
-5568.08591
-5550.52287
-5533.90303
-5554.62137
-5575.44452
-5553.55949
-5543.67500
-5587.16561
-5550.32644
-5559.88965
-5601.72126
-5552.36642
-5557.72883
-5565.31019
-5577.40825
-5580.05294
-5584.26428
-5585.20226
-5539.92320
-5573.89243
-5563.69894
-5544.97812
-5564.10297
-5585.63469
-5595.64258
-5577.57315
-5560.55630
-5550.06839
-5569.64806
-5564.97062
-5589.33615
-5582.36076
-5594.16337
-5584.81917
-5566.41374
-5539.43919
-5607.69463
-5612.39603
-5593.40945
-5598.12761
-5558.59227
-5576.35400
-5585.58084
-5576.90397
-5578.01821
-5552.34793
-5550.38655
-5558.66273
-5528.16983
-5571.42076
-5547.36850
-5549.98601
-5574.69470
-5566.72955
-5611.28040
-5574.37757
-5520.82086
-5534.51895
-5572.75487
-5563.81042
-5565.16384
-5543.53256
-5527.26860
-5549.53851
-5562.11363
-5551.16716
-5584.69087
-5564.01032
-5584.64755
-5575.23445
-5596.14372
-5590.08714
-5618.33574
-5580.79014
-5584.06643
-5581.44395
-5593.03210
-5550.21692
-5548.60099
-5549.65712
-5560.19707
-5550.59629
-5572.58815
-5592.85107
-5556.55610
-5545.32266
-5593.67541
-5564.44230
-5567.30945
-5584.74474
-5558.76862
-5530.90804
-5582.24510
-5568.27746
-5585.83712
-5627.06411
-5617.51824
-5578.83745
-5571.97120
-5614.13588
-5573.69088
-5591.63943
-5594.02210
-5534.62662
-5518.51138
-5561.65729
-5584.02952
-5566.96255
-5547.97208
-5575.06788
-5571.82958
-5541.51751
-5567.96676
-5560.18253
-5558.48580
-5574.92487
-5597.13308
-5582.02269
-5586.63695
-5602.31051
-5619.02660
-5618.57033
-5593.90049
-5594.60004
-5615.29131
-5593.09071
-5624.78187
-5592.75607
-5613.94951
-5572.10285
-5545.13086
-5551.37855
-5604.98763
-5604.02445
-5556.20351
-5570.22336
-5622.96220
-5599.04135
-5615.24897
-5617.82054
-5576.36470
-5581.81373
-5618.94056
-5596.39540
-5594.00698
-5562.25140
-5566.02562
-5560.30080
-5543.17434
-5563.34953
-5555.90021
-5559.36758
-5576.03357
-5572.79622
-5590.75900
-5591.31110
-5583.03450
-5550.70936
-5567.38174
-5567.80879
-5578.14415
-5593.65290
-5588.44853
-5630.42418
-5627.64389
-5603.52682
-5586.96365
-5600.73827
-5571.15099
-5558.35172
-5558.26867
-5579.03409
-5574.45088
-5581.61149
-5573.45153
-5571.04411
-5589.62080
-5578.29388
-5583.22570
-5567.27344
-5567.78666
-5594.13023
-5589.55145
-5578.91335
-5529.10661
-5564.42987
-5563.38098
-5564.79066
-5575.06226
-5584.54769
-5596.04654
-5592.59214
-5583.74007
-5569.74908
-5550.34624
-5573.73868
-5574.36379
-5557.53459
-5540.19156
-5571.17133
-5563.16835
-5585.13411
-5597.94992
-5591.45971
-5608.72548
-5560.06928
-5563.19735
-5577.06161
-5592.69780
-5623.28246
-5625.37570
-5612.23644
-5598.28373
-5571.12622
-5587.52599
-5549.70446
-5577.51572
-5594.01622
-5620.95562
-5601.91244
-5586.29837
-5589.31492
-5586.21237
-5573.90121
-5583.09140
-5572.14750
-5546.24204
-5556.78051
-5544.89421
-5546.18418
-5563.11572
-5539.64457
-5549.07509
-5550.93418
-5570.44874
-5578.83539
-5580.17197
-5578.01206
-5536.98133
-5558.72093
-5548.41044
-5555.41688
-5563.81410
-5579.48138
-5566.05676
-5552.53308
-5520.71704
-5587.26265
-5603.02187
-5555.95218
-5549.61053
-5550.62527
-5582.32611
-5576.02910
-5568.46498
-5585.39737
-5558.96816
-5563.76942
-5550.87376
-5559.00012
-5590.98101
-5603.72313
-5565.35236
-5550.94683
-5560.60153
-5589.72763
-5598.79241
-5603.39771
-5579.89365
-5583.29494
-5567.60804
-5570.70926
-5585.88064
-5577.03401
-5598.22433
-5583.41677
-5579.83202
-5578.89934
-5548.98678
-5552.16792
-5522.71057
-5560.59190
-5561.47294
-5547.94736
-5573.75480
-5577.34413
-5613.68838
-5641.85666
-5604.79049
-5596.53075
-5619.05753
-5602.52006
-5580.90725
-5602.67042
-5612.27568
-5559.63860
-5567.04006
-5570.47097
-5566.86327
-5564.19642
-5558.02790
-5563.55830
-5561.13712
-5574.67368
-5599.90249
-5580.29682
-5604.64943
-5593.21085
-5606.64350
-5613.42569
-5623.19733
-5581.14364
-5572.54380
-5578.83229
-5560.34126
-5545.12935
-5528.05492
-5553.11079
-5569.80549
-5581.59711
-5549.40348
-5559.42360
-5539.88914
-5580.26301
-5592.52958
-5569.51184
-5586.92946
-5570.31475
-5530.93123
-5557.12537
-5551.25774
-5551.56286
-5555.74247
-5552.04439
-5549.12480
-5564.17042
-5571.71560
-5536.90062
-5528.45304
-5525.13088
-5535.23839
-5524.22660
-5539.75046
-5574.72494
-5580.52363
-5609.01330
-5633.79356
-5634.78862
-5609.21656
-5635.79915
-5604.95172
-5579.59796
-5591.01117
-5548.90627
-5573.40501
-5556.48377
-5581.86147
-5594.49367
-5560.55603
-5551.29621
-5575.66911
-5560.17205
-5578.22896
-5561.84970
-5566.39499
-5565.80077
-5573.29863
-5570.65520
-5605.55551
-5598.75639
-5584.81582
-5577.05042
-5558.18049
-5544.87029
-5562.36776
-5570.42496
-5582.65264
-5583.45164
-5565.66648
-5561.28111
-5587.01670
-5573.44284
-5578.65839
-5578.37873
-5560.68946
-5553.45223
-5578.40134
-5571.82328
-5601.67284
-5596.71106
-5580.05198
-5585.71228
-5621.82045
-5607.93810
-5593.55497
-5573.62925
-5584.93626
-5619.92956
-5592.47437
-5561.93828
-5563.49888
-5577.95392
-5557.45263
-5561.64875
-5559.45725
-5573.66565
-5570.31351
-5542.60356
-5579.75857
-5579.30027
-5570.44452
-5567.62228
-5552.06494
-5576.85912
-5587.68321
-5586.98734
-5570.24888
-5601.24536
-5582.85706
-5573.65537
-5595.61998
-5587.71425
-5576.29659
-5584.67375
-5578.71508
-5555.30093
-5620.36203
-5585.76907
-5580.53451
-5578.84940
-5582.45254
-5582.64550
-5582.54076
-5582.03372
-5586.32860
-5583.55631
-5587.17883
-5562.79011
-5563.56759
-5544.96519
-5580.86946
-5583.20342
-5564.59334
-5575.53134
-5593.00957
-5555.54112
-5590.39882
-5561.06267
-5569.64302
-5563.14514
-5576.04773
-5565.08873
-5566.87152
-5568.73476
-5563.94252
-5565.44826
-5577.44757
-5587.50355
-5613.10402
-5592.39879
-5593.79970
-5598.42465
-5608.33444
-5579.56389
-5527.08127
-5550.37171
-5550.90102
-5550.64487
-5534.91580
-5540.76295
-5545.02835
-5592.28517
-5569.08263
-5559.54856
-5570.61692
-5567.28220
-5579.14519
-5574.95891
-5608.90227
-5605.69674
-5579.56511
-5566.04020
-5571.79155
-5547.34371
-5541.41622
-5575.85293
-5583.79467
-5578.91458
-5599.54590
-5568.30737
-5563.33011
-5573.41403
-5591.59239
-5581.82611
-5601.21153
-5579.78119
-5579.62839
-5568.16395
-5604.38958
-5545.98699
-5510.68872
-5549.40627
-5575.57459
-5578.47076
-5552.03762
-5539.48256
-5554.71048
-5582.96261
-5566.56304
-5586.92891
-5553.12945
-5548.34305
-5570.07756
-5577.70548
-5589.78381
-5608.96672
-5576.01884
-5591.23059
-5575.30079
-5558.93225
-5548.52492
-5570.67315
-5570.11272
-5566.56778
-5562.66740
-5567.98396
-5547.90319
-5539.99126
-5541.03039
-5549.10461
-5545.40825
-5545.96427
-5599.35614
-5586.09771
-5571.27185
-5586.85344
-5564.04578
-5574.94912
-5546.82572
-5581.42023
-5547.44916
-5549.52348
-5537.84851
-5557.22911
-5590.73479
-5611.72663
-5585.60681
-5573.14865
-5535.18044
-5567.77046
-5568.56163
-5582.23586
-5571.62540
-5554.15175
-5570.62317
-5577.49999
-5567.08079
-5569.71443
-5541.42372
-5536.21692
-5547.96684
-5522.99467
-5524.29333
-5529.85087
-5543.23228
-5556.66890
-5566.08465
-5567.53007
-5581.40000
-5564.12331
-5566.82787
-5575.67513
-5590.32236
-5598.16654
-5604.58959
-5565.17328
-5551.28398
-5532.66342
-5530.55082
-5550.34054
-5572.37036
-5557.22453
-5571.86334
-5566.54295
-5583.42684
-5605.93644
-5605.80260
-5573.15928
-5585.68778
-5607.51218
-5557.49895
-5577.21419
-5578.97048
-5550.56848
-5569.65606
-5527.04810
-5560.16608
-5541.14831
-5564.67288
-5557.80155
-5538.38641
-5529.26208
-5575.24843
-5575.58201
-5592.15480
-5599.57595
-5572.55978
-5562.24807
-5563.10789
-5563.46810
-5554.55573
-5570.07830
-5618.72478
-5615.57870
-5581.86004
-5550.34658
-5545.34397
-5562.61415
-5513.70632
-5531.40400
-5523.23370
-5548.52663
-5564.16087
-5576.06622
-5568.80095
-5565.37017
-5566.05180
-5552.69806
-5576.10178
-5564.78560
-5548.15731
-5551.66996
-5504.39560
-5535.25206
-5533.48171
-5526.50303
-5532.18610
-5556.91059
-5550.75127
-5575.20595
-5567.07328
-5577.04484
-5543.50126
-5548.04849
-5522.51593
-5547.49390
-5548.03120
-5556.97617
-5593.08966
-5567.47875
-5567.30868
-5531.21401
-5536.10598
-5549.32133
-5587.24421
-5580.06157
-5566.35243
-5573.74591
-5589.47869
-5600.14053
-5580.04045
-5538.63968
-5577.01446
-5600.91226
-5593.00816
-5593.45806
-5594.81219
-5617.76770
-5587.55948
-5592.57477
-5608.92596
-5601.65085
-5589.22368
-5584.94172
-5573.31391
-5572.94245
-5582.93012
-5587.40807
-5600.06387
-5581.72373
-5584.62516
-5585.85435
-5576.61550
-5562.40143
-5604.06835
-5639.68824
-5633.09529
-5636.82258
-5603.81008
-5581.95838
-5556.55739
-5553.44283
-5539.42339
-5573.99407
-5550.91244
-5553.71054
-5590.43367
-5587.07272
-5564.37039
-5542.46507
-5579.78171
-5594.04768
-5614.30713
-5609.58225
-5606.78746
-5572.35584
-5578.15587
-5567.57817
-5576.76931
-5585.31794
-5582.31341
-5603.30541
-5571.06250
-5557.87044
-5572.94240
-5544.70293
-5554.67386
-5583.60325
-5591.05736
-5580.25402
-5578.77544
-5549.83697
-5557.96535
-5564.42453
-5568.17360
-5541.69629
-5516.93695
-5569.75967
-5573.97641
-5561.48495
-5583.21298
-5590.72457
-5599.75986
-5585.94006
-5589.45667
-5590.19371
-5589.50507
-5568.23430
-5569.19548
-5538.68694
-5560.45723
-5586.11896
-5581.26702
-5548.52835
-5546.04198
-5536.46788
-5550.21648
-5551.06563
-5582.56938
-5558.93056
-5561.26386
-5559.83557
-5583.03719
-5557.83962
-5568.59381
-5557.75131
-5577.75593
-5576.10645
-5558.91988
-5580.70122
-5592.71507
-5606.49965
-5598.08642
-5561.44300
-5557.21476
-5576.90591
-5567.96152
-5549.93185
-5566.43511
-5574.13425
-5554.67289
-5552.77321
-5552.69853
-5574.88865
-5543.95270
-5563.78400
-5569.00665
-5546.07046
-5561.48401
-5596.51709
-5584.40900
-5576.37751
-5568.58160
-5576.22843
-5570.32263
-5555.53125
-5540.20682
-5582.06507
-5557.71643
-5576.88801
-5595.12587
-5578.74225
-5575.59006
-5599.17098
-5562.33112
-5597.57796
-5599.40023
-5601.72906
-5607.60981
-5581.87553
-5565.30381
-5564.59850
-5582.58299
-5580.84318
-5612.65641
-5584.53263
-5585.57651
-5545.83775
-5516.60334
-5556.56657
-5560.96357
-5524.45153
-5540.86611
-5547.22570
-5566.81203
-5574.41923
-5555.94866
-5566.78215
-5555.40937
-5553.21184
-5555.54266
-5606.40647
-5621.80870
-5600.69018
-5596.05433
-5574.64538
-5556.39419
-5546.09680
-5528.94285
-5551.70616
-5560.22002
-5562.40844
-5555.45574
-5573.25784
-5577.15524
-5574.23756
-5574.43720
-5526.69301
-5528.89120
-5518.82924
-5512.94214
-5574.23282
-5554.78310
-5536.19878
-5516.53138
-5588.67316
-5599.34091
-5567.03357
-5543.27280
-5548.38868
-5535.92197
-5541.81321
-5569.78685
-5561.52735
-5580.98323
-5580.20653
-5602.10021
-5576.06507
-5570.94458
-5585.86332
-5562.99860
-5553.75016
-5572.19805
-5567.39001
-5579.00897
-5570.70955
-5577.29206
-5575.99059
-5577.99113
-5591.15544
-5588.64943
-5622.53280
-5594.48619
-5589.94650
-5565.39767
-5560.08426
-5558.37561
-5577.06044
-5586.46697
-5591.94855
-5592.49517
-5606.57008
-5585.82143
-5577.33194
-5536.96813
-5500.26640
-5526.06240
-5541.53587
-5531.21357
-5520.86283
-5546.10244
-5502.23480
-5535.70195
-5545.09892
-5535.56731
-5570.25253
-5530.97743
-5541.73714
-5569.60956
-5558.38906
-5539.46824
-5554.03332
-5547.35066
-5568.37318
-5567.62851
-5544.32738
-5550.14165
-5557.09149
-5575.46386
-5580.99913
-5567.82499
-5525.90686
-5527.71369
-5551.04308
-5569.71733
-5583.05009
-5612.81785
-5614.94008
-5613.71384
-5606.92250
-5575.95207
-5543.67030
-5545.73811
-5567.71297
-5579.63480
-5573.87287
-5549.65922
-5592.61753
-5578.68935
-5570.10865
-5569.43943
-5558.18933
-5562.81170
-5553.94931
-5520.49782
-5543.86508
-5544.47763
-5544.99735
-5547.41851
-5558.83875
-5539.88206
-5570.12062
-5562.64892
-5565.38061
-5560.63265
-5575.53107
-5616.22142
-5604.17310
-5587.03782
-5605.37894
-5630.31685
-5591.55450
-5598.32553
-5574.87357
-5586.12024
-5569.74516
-5592.82525
-5582.77581
-5591.94361
-5560.70622
-5518.86299
-5500.34426
-5554.43401
-5541.96260
-5566.55244
-5612.37695
-5588.17729
-5610.38386
-5546.17797
-5550.72182
-5578.56352
-5572.63607
-5589.65131
-5602.40657
-5615.04145
-5589.31817
-5573.84938
-5567.24466
-5543.75637
-5572.89049
-5570.14408
-5599.29737
-5596.00604
-5604.70485
-5576.55949
-5584.50697
-5576.75141
-5580.47280
-5605.65372
-5602.97945
-5589.46846
-5565.99282
-5581.54573
-5591.49059
-5584.87781
-5613.40234
-5629.14253
-5576.97902
-5587.77479
-5602.02718
-5603.21794
-5594.05948
-5581.20857
-5570.06725
-5568.56876
-5565.09292
-5574.72930
-5547.88948
-5532.63889
-5582.24170
-5538.08864
-5537.48081
-5538.25161
-5533.00359
-5541.32550
-5527.39197
-5560.87272
-5581.00716
-5564.09601
-5562.37177
-5574.40589
-5566.77203
-5580.92027
-5566.05786
-5563.15127
-5566.66828
-5570.71287
-5550.68998
-5539.66353
-5546.97312
-5553.37727
-5547.31081
-5556.82301
-5558.78036
-5570.91790
-5552.34456
-5557.40235
-5545.00309
-5532.59691
-5524.57009
-5508.27053
-5540.08468
-5550.63698
-5566.13613
-5548.44128
-5558.65670
-5555.97981
-5550.09587
-5531.31679
-5580.86808
-5567.18939
-5546.15360
-5582.49639
-5580.09524
-5539.29170
-5557.34925
-5541.13212
-5575.31307
-5576.68696
-5572.26027
-5602.83234
-5581.90494
-5581.37566
-5578.73565
-5557.97112
-5561.18994
-5559.22003
-5556.70379
-5598.56451
-5550.70702
-5587.13087
-5580.23516
-5605.44457
-5587.96604
-5589.56276
-5605.63643
-5600.49021
-5545.10492
-5558.19534
-5556.69303
-5578.52699
-5585.72698
-5578.77625
-5610.95656
-5610.30461
-5598.65791
-5556.61905
-5520.17679
-5556.33954
-5543.70182
-5536.86683
-5522.92588
-5526.44251
-5535.54305
-5561.82500
-5574.76952
-5559.24425
-5541.30388
-5559.46585
-5556.54925
-5547.17460
-5578.40762
-5592.23844
-5587.06440
-5584.90137
-5602.62342
-5577.35141
-5571.48902
-5528.65971
-5535.56123
-5553.83153
-5562.85287
-5590.36441
-5589.50229
-5608.90548
-5584.79512
-5602.85601
-5609.12630
-5621.41420
-5607.48402
-5610.61402
-5572.76292
-5550.36330
-5547.89148
-5538.18217
-5572.04724
-5587.13401
-5574.89653
-5601.92060
-5626.65046
-5597.52906
-5587.70479
-5576.19018
-5619.81720
-5611.13840
-5618.00784
-5605.09258
-5590.85503
-5576.81049
-5562.88795
-5566.51934
-5540.92591
-5568.13208
-5567.52376
-5533.54655
-5540.58848
-5550.75792
-5582.19649
-5573.00108
-5599.92472
-5593.69240
-5609.77016
-5568.37196
-5568.36864
-5602.47567
-5553.82488
-5576.29573
-5592.03146
-5576.45087
-5575.80835
-5539.99613
-5571.22566
-5573.47110
-5554.66030
-5544.51042
-5566.02428
-5571.38953
-5596.86459
-5592.24344
-5571.55978
-5541.08761
-5594.44090
-5582.21285
-5569.78013
-5601.48298
-5584.32865
-5596.78547
-5575.75216
-5573.41731
-5605.29623
-5588.11274
-5624.75497
-5613.74576
-5582.90302
-5562.41893
-5545.99930
-5532.50967
-5543.43142
-5558.51189
-5546.75900
-5538.84766
-5560.52890
-5545.97191
-5593.33441
-5574.18370
-5573.99113
-5560.54805
-5573.27315
-5576.37132
-5597.93646
-5572.97000
-5561.23003
-5568.88562
-5542.46782
-5566.75944
-5582.42523
-5562.50345
-5572.73038
-5554.06705
-5565.76869
-5560.04578
-5577.40741
-5551.71085
-5584.28855
-5597.26810
-5570.04192
-5566.58458
-5568.61615
-5560.12620
-5577.51216
-5557.67902
-5565.34234
-5568.86444
-5572.39220
-5609.32516
-5599.58333
-5566.26587
-5575.00822
-5557.46166
-5563.08915
-5562.82529
-5575.65926
-5610.12621
-5590.44217
-5609.40396
-5604.09196
-5573.24795
-5554.11469
-5526.24844
-5544.52913
-5603.47815
-5621.24263
-5591.86237
-5592.97617
-5586.38235
-5578.05321
-5565.32820
-5560.40956
-5554.11059
-5565.48212
-5580.98122
-5591.98662
-5591.21062
-5604.27423
-5620.26017
-5583.14631
-5597.34921
-5624.73357
-5588.06903
-5603.34416
-5581.54060
-5567.62954
-5619.87586
-5579.40194
-5615.58523
-5594.96744
-5584.22622
-5588.27597
-5587.80372
-5583.90864
-5618.14689
-5585.02088
-5543.65065
-5580.73852
-5580.88604
-5598.29760
-5596.39053
-5615.25585
-5577.51660
-5605.01949
-5598.00596
-5622.58596
-5585.11732
-5599.79566
-5603.60418
-5612.83950
-5587.14276
-5573.76625
-5562.93470
-5573.29820
-5548.61963
-5552.09452
-5598.08719
-5587.69519
-5595.06571
-5600.01478
-5572.70283
-5564.43734
-5574.53932
-5581.61729
-5587.31513
-5574.81687
-5583.74496
-5579.56990
-5590.56956
-5574.78183
-5561.63409
-5574.30984
-5537.83353
-5527.22606
-5542.54887
-5527.43991
-5556.28812
-5559.42656
-5594.99059
-5579.66666
-5586.23385
-5573.69007
-5564.64765
-5559.90773
-5586.39404
-5573.40976
-5586.75223
-5600.83594
-5563.19948
-5563.60967
-5545.92418
-5556.71976
-5544.93047
-5573.95777
-5571.32421
-5579.54488
-5589.43225
-5591.53608
-5561.26006
-5525.15473
-5557.71258
-5569.05831
-5550.16772
-5563.17689
-5555.90381
-5534.70061
-5536.44362
-5544.16909
-5538.89608
-5538.72460
-5531.15566
-5559.11954
-5560.54164
-5539.56579
-5544.29591
-5554.54235
-5570.99017
-5546.46894
-5544.38712
-5522.01320
-5531.68628
-5572.51626
-5566.21669
-5586.57595
-5591.14085
-5607.81164
-5585.32116
-5616.77348
-5589.02570
-5581.82444
-5583.18113
-5551.37378
-5567.50426
-5593.24490
-5603.34902
-5603.66452
-5588.45803
-5584.33395
-5586.23583
-5556.77596
-5538.75275
-5532.99803
-5545.78470
-5543.42477
-5522.04976
-5557.81283
-5598.93410
-5590.08649
-5572.92121
-5587.01368
-5579.61799
-5550.06452
-5547.02799
-5574.13849
-5580.56031
-5583.51340
-5594.74134
-5573.93632
-5575.13763
-5555.66694
-5544.52576
-5577.23772
-5530.86606
-5562.87827
-5528.27777
-5548.74124
-5537.46754
-5571.29265
-5530.60581
-5547.44107
-5563.73986
-5567.43540
-5579.30885
-5556.38582
-5556.27057
-5585.30136
-5617.02721
-5577.15821
-5588.94669
-5558.93323
-5552.63611
-5578.27823
-5630.48817
-5618.40032
-5607.41122
-5587.18430
-5602.31332
-5568.34485
-5586.66506
-5588.11376
-5569.87803
-5565.77680
-5548.76433
-5617.59615
-5590.98085
-5551.10012
-5512.66710
-5505.33648
-5556.68381
-5554.52143
-5592.09798
-5552.40891
-5543.70355
-5573.17522
-5583.42992
-5590.58747
-5582.90006
-5571.24047
-5581.36743
-5568.76765
-5560.82511
-5573.28663
-5555.02822
-5612.89605
-5587.40759
-5614.51118
-5613.77281
-5645.12579
-5634.41791
-5606.61107
-5587.46475
-5577.04619
-5575.32571
-5593.58991
-5571.88199
-5579.88499
-5574.31735
-5583.18588
-5570.64789
-5563.93920
-5563.27529
-5540.63337
-5562.98267
-5567.76635
-5580.99965
-5606.83237
-5588.24311
-5579.47814
-5565.77788
-5572.66349
-5534.69881
-5540.99198
-5575.94459
-5581.12544
-5545.18538
-5528.51237
-5590.43864
-5592.66886
-5587.35657
-5557.26532
-5578.97008
-5560.29988
-5594.28027
-5593.73875
-5581.60999
-5558.73785
-5592.19991
-5577.32388
-5607.00053
-5606.26923
-5578.18060
-5595.81913
-5581.93073
-5590.68636
-5573.56428
-5601.37274
-5572.09370
-5578.33428
-5541.63993
-5574.78059
-5583.48874
-5592.40331
-5576.08931
-5557.27159
-5575.93801
-5581.85560
-5561.77514
-5599.79439
-5612.22309
-5582.02179
-5576.82806
-5560.13515
-5570.38807
-5561.44870
-5558.11379
-5563.97663
-5594.46499
-5550.09253
-5540.35032
-5506.46978
-5566.09670
-5581.55689
-5575.31428
-5578.08060
-5568.52015
-5582.13259
-5570.42161
-5582.30576
-5571.61439
-5578.93806
-5553.19304
-5555.04546
-5557.59385
-5541.88677
-5557.98302
-5550.92424
-5576.38068
-5576.41231
-5568.91945
-5585.77954
-5572.93299
-5590.42002
-5595.91319
-5584.87761
-5566.95425
-5554.26847
-5557.23668
-5562.98585
-5558.52269
-5589.63417
-5591.49730
-5594.85630
-5538.81687
-5555.38851
-5568.19479
-5567.83623
-5551.52812
-5565.00477
-5565.12968
-5523.54698
-5544.06802
-5586.44798
-5568.88401
-5589.76939
-5581.71402
-5575.06841
-5599.63990
-5596.94398
-5579.08555
-5569.15472
-5565.94821
-5549.17232
-5558.39953
-5568.96128
-5583.17832
-5605.22839
-5587.98167
-5617.61256
-5628.17721
-5597.65193
-5571.73420
-5561.64165
-5571.62824
-5573.55769
-5559.24848
-5568.52491
-5583.38875
-5554.56696
-5556.42800
-5550.70960
-5565.59337
-5550.95129
-5545.72521
-5554.16525
-5572.39630
-5589.38943
-5585.52449
-5565.26887
-5572.72451
-5575.31016
-5579.01221
-5598.42369
-5586.69075
-5563.53589
-5585.51520
-5583.63379
-5543.66892
-5543.04149
-5554.91308
-5563.58937
-5558.56641
-5551.83938
-5581.88504
-5573.11170
-5557.17144
-5572.00648
-5563.68301
-5575.47895
-5582.54752
-5584.23876
-5573.00551
-5547.50310
-5544.34878
-5563.59010
-5592.52284
-5551.96219
-5565.81568
-5557.18725
-5575.97159
-5567.14225
-5590.38267
-5615.18742
-5606.07923
-5594.09444
-5577.20492
-5603.25318
-5587.37493
-5601.09087
-5610.62071
-5611.47236
-5610.67395
-5617.46964
-5606.33935
-5594.10156
-5574.50964
-5592.85603
-5616.67107
-5568.38029
-5569.00180
-5605.73426
-5588.27923
-5559.92491
-5594.95954
-5580.39227
-5572.11849
-5591.06873
-5598.30364
-5556.42208
-5560.58834
-5565.33543
-5552.67133
-5528.13351
-5514.28962
-5545.07230
-5562.91026
-5558.06607
-5554.65459
-5549.89962
-5586.91765
-5580.31946
-5608.29542
-5585.52586
-5588.73422
-5579.73727
-5575.49490
-5532.47757
-5539.93685
-5547.92288
-5584.27922
-5591.32678
-5580.32338
-5597.03158
-5602.17453
-5585.18549
-5596.25946
-5582.22098
-5589.40917
-5593.33577
-5611.50461
-5582.54077
-5574.46391
-5583.74073
-5596.15760
-5592.03856
-5595.85291
-5601.68446
-5634.55319
-5627.58711
-5593.22318
-5584.39883
-5587.57758
-5589.25986
-5581.75390
-5584.31470
-5589.67713
-5566.78226
-5567.70451
-5566.55757
-5526.53010
-5550.98686
-5543.80969
-5552.13845
-5540.95844
-5577.29821
-5589.36877
-5552.32308
-5562.78563
-5563.35728
-5576.28038
-5562.80858
-5554.20439
-5561.27366
-5536.17103
-5544.02126
-5547.25313
-5527.49934
-5555.52202
-5551.56808
-5564.76567
-5560.59690
-5578.94501
-5579.05766
-5572.54758
-5584.36427
-5583.36137
-5607.37298
-5589.72064
-5577.67764
-5605.61445
-5596.21907
-5602.59417
-5571.37821
-5574.74958
-5562.00433
-5557.07524
-5552.46832
-5590.73837
-5585.23315
-5582.79001
-5532.99712
-5547.07787
-5589.46442
-5601.66216
-5584.07614
-5602.47236
-5580.34590
-5553.52934
-5574.79923
-5565.28519
-5552.98613
-5545.24406
-5607.51520
-5603.65855
-5603.95133
-5605.55113
-5581.03962
-5555.76068
-5565.85452
-5591.35997
-5557.09666
-5558.27995
-5558.42911
-5575.05386
-5572.53510
-5586.40467
-5562.05682
-5566.35137
-5548.20615
-5507.58785
-5562.74131
-5550.31916
-5540.23168
-5528.96991
-5542.12772
-5555.26025
-5554.85861
-5592.38055
-5568.46983
-5552.60004
-5588.36765
-5575.53630
-5556.60405
-5565.09839
-5584.96654
-5587.46312
-5576.79862
-5571.15853
-5577.35614
-5545.75638
-5527.73311
-5525.82322
-5558.10404
-5591.02153
-5590.87808
-5577.17429
-5575.67780
-5538.55249
-5559.85902
-5566.96392
-5571.49471
-5575.55110
-5619.60808
-5604.75789
-5608.42632
-5628.29007
-5608.78352
-5602.94293
-5612.12751
-5603.90639
-5605.50233
-5589.69068
-5586.71713
-5583.72865
-5579.00168
-5544.29942
-5562.25612
-5576.88655
-5567.72472
-5589.20321
-5599.27380
-5620.84049
-5621.90186
-5609.06111
-5604.52236
-5590.83433
-5584.03219
-5567.59187
-5582.84210
-5544.09892
-5559.96218
-5538.78985
-5563.97804
-5566.74008
-5559.26698
-5580.86937
-5592.39748
-5577.30606
-5603.09928
-5603.03927
-5603.78974
-5601.17057
-5606.65329
-5580.10771
-5583.55987
-5573.50516
-5552.49827
-5537.52982
-5548.12537
-5577.84541
-5533.60121
-5530.19420
-5533.29643
-5525.43057
-5546.22620
-5550.58191
-5578.58489
-5570.25965
-5550.15036
-5560.63999
-5575.95312
-5585.38128
-5572.03874
-5563.19267
-5565.29458
-5570.35295
-5578.03609
-5612.89336
-5560.69013
-5561.41729
-5552.98566
-5584.61129
-5604.92671
-5617.67206
-5583.14573
-5573.02536
-5583.36460
-5593.75649
-5574.09638
-5564.72439
-5555.92034
-5534.78563
-5556.06156
-5549.30384
-5577.95921
-5521.34277
-5522.65126
-5504.17909
-5539.66792
-5580.29623
-5574.50317
-5558.61364
-5573.54093
-5570.08120
-5555.58410
-5578.28323
-5563.76011
-5582.48233
-5578.71028
-5587.25799
-5551.29428
-5572.64374
-5572.31920
-5611.64344
-5585.32121
-5560.30375
-5574.27935
-5570.98066
-5584.09626
-5587.05627
-5599.64808
-5591.74084
-5576.01780
-5602.09618
-5575.38674
-5608.59212
-5595.11127
-5603.31235
-5574.17690
-5555.06109
-5570.53449
-5563.45632
-5601.12275
-5612.34268
-5620.67171
-5582.41582
-5570.41135
-5581.22098
-5566.96540
-5589.38641
-5606.19277
-5590.20476
-5550.99930
-5588.44058
-5588.27610
-5607.63018
-5613.35391
-5595.55960
-5587.20586
-5571.19029
-5575.34642
-5577.75116
-5571.89595
-5556.29239
-5547.06352
-5558.67402
-5545.77622
-5563.09334
-5551.30721
-5536.64036
-5555.17667
-5559.85193
-5545.29357
-5570.77725
-5579.15021
-5607.69359
-5604.23247
-5610.95535
-5591.44060
-5594.90176
-5603.45807
-5588.38646
-5613.44636
-5559.97379
-5568.57906
-5563.80839
-5555.90491
-5563.82779
-5547.59098
-5543.46698
-5549.36466
-5560.79076
-5533.08660
-5550.99549
-5545.37000
-5543.49049
-5562.69675
-5539.06513
-5538.80645
-5577.63535
-5560.93879
-5541.25535
-5541.65509
-5537.42089
-5528.32772
-5584.46955
-5558.55110
-5595.13349
-5560.84238
-5567.62903
-5582.39813
-5562.35186
-5597.91488
-5597.47352
-5577.14555
-5571.13829
-5556.88786
-5582.77326
-5574.56841
-5582.84741
-5574.58441
-5586.17330
-5580.47736
-5588.87036
-5618.57760
-5602.24816
-5581.49212
-5571.92355
-5559.04448
-5542.90334
-5574.52139
-5565.27173
-5574.15128
-5597.01562
-5581.83047
-5613.48414
-5600.55157
-5570.92264
-5584.22243
-5566.87537
-5560.94051
-5568.20805
-5564.97913
-5581.01663
-5616.51007
-5594.56662
-5581.81291
-5571.10035
-5572.61427
-5566.10890
-5577.50930
-5577.61172
-5574.32362
-5588.08542
-5584.18667
-5544.88021
-5582.21362
-5573.16218
-5566.99879
-5550.39197
-5587.48885
-5592.39517
-5580.70007
-5549.04800
-5568.36152
-5543.03994
-5552.24703
-5563.26532
-5573.37933
-5608.77783
-5610.42381
-5577.25033
-5549.97305
-5561.66172
-5582.79085
-5543.01650
-5595.10085
-5562.00080
-5579.90382
-5580.03366
-5604.75195
-5572.45516
-5601.34373
-5593.46934
-5581.76308
-5606.08815
-5573.75927
-5575.51127
-5538.72925
-5560.20522
-5574.75785
-5589.16738
-5610.34606
-5593.30413
-5584.92395
-5603.05843
-5598.09830
-5571.51074
-5572.41021
-5552.73056
-5594.99553
-5612.74196
-5597.86646
-5594.04016
-5585.22889
-5577.93925
-5558.04065
-5569.58303
-5566.94005
-5607.93446
-5577.11851
-5588.59365
-5591.11154
-5583.74114
-5557.00291
-5569.01094
-5577.81052
-5584.91520
-5598.06936
-5593.99556
-5616.40203
-5617.07296
-5604.08565
-5580.16703
-5584.23658
-5571.68176
-5591.14728
-5597.03304
-5592.26475
-5590.87112
-5574.90134
-5559.59514
-5558.56314
-5563.70375
-5560.53048
-5604.47809
-5651.76135
-5619.11332
-5601.52565
-5604.16030
-5565.23165
-5580.87589
-5588.67349
-5574.99633
-5552.96204
-5576.29174
-5580.95547
-5556.63023
-5537.79048
-5541.38313
-5556.46235
-5571.44979
-5556.61577
-5571.61392
-5570.51637
-5597.17231
-5609.59511
-5589.05628
-5595.52861
-5589.12314
-5584.49484
-5566.43283
-5594.61760
-5582.31138
-5597.18542
-5601.74768
-5595.34382
-5549.20516
-5594.78758
-5602.77702
-5589.52093
-5563.80414
-5571.99113
-5576.75915
-5608.69565
-5597.27030
-5612.04459
-5640.30232
-5623.89676
-5579.77182
-5559.95039
-5607.02588
-5573.49654
-5597.94840
-5593.66292
-5564.86641
-5532.17274
-5556.06091
-5575.48669
-5603.50792
-5614.90317
-5629.23650
-5614.70917
-5590.11613
-5598.36519
-5601.83185
-5628.20486
-5603.37540
-5589.81296
-5595.77886
-5601.90307
-5567.83305
-5586.95604
-5610.24862
-5602.68699
-5606.93320
-5586.37779
-5556.31411
-5549.31154
-5563.60074
-5555.04677
-5595.34161
-5590.97928
-5583.79366
-5561.41063
-5575.85519
-5559.90957
-5552.78958
-5569.10831
-5542.97384
-5605.27032
-5611.26418
-5603.15269
-5585.25814
-5589.98206
-5540.21860
-5539.61439
-5525.99270
-5534.07446
-5554.25441
-5592.34526
-5589.40261
-5562.33741
-5571.89269
-5595.38122
-5595.33318
-5580.44231
-5577.16719
-5571.72427
-5571.10582
-5545.78477
-5531.86580
-5522.84035
-5524.91452
-5559.64393
-5568.03128
-5579.74187
-5576.61220
-5606.69660
-5583.68411
-5578.88364
-5598.77191
-5596.96875
-5619.87982
-5619.96415
-5609.33646
-5603.13620
-5607.39138
-5560.95619
-5545.09058
-5581.29457
-5594.66486
-5577.96439
-5597.81506
-5559.77104
-5574.79430
-5530.43356
-5562.24823
-5577.55369
-5565.88197
-5561.48551
-5548.31886
-5550.75002
-5523.85120
-5541.46559
-5564.20145
-5573.70711
-5588.79101
-5568.15227
-5578.34342
-5543.28423
-5529.59398
-5534.69994
-5570.34217
-5611.31571
-5595.57388
-5572.22949
-5543.42132
-5540.97759
-5570.26726
-5571.52872
-5550.05931
-5539.71525
-5543.23079
-5569.04112
-5557.14058
-5538.49138
-5531.94380
-5541.95450
-5542.95192
-5557.71646
-5588.54446
-5591.41374
-5563.41742
-5589.63994
-5582.78780
-5607.06058
-5602.94142
-5599.40843
-5599.79348
-5579.57057
-5595.50365
-5612.30733
-5568.70384
-5561.49194
-5570.19554
-5572.75332
-5587.49372
-5597.37647
-5603.93117
-5583.36762
-5596.18418
-5591.58800
-5573.11919
-5576.48450
-5596.96299
-5530.43237
-5559.07314
-5562.36027
-5554.13219
-5549.96424
-5564.49611
-5565.87118
-5566.50060
-5580.30977
-5562.65385
-5570.10805
-5582.15241
-5565.75523
-5555.52402
-5536.95816
-5525.50248
-5569.11042
-5595.61327
-5567.06084
-5581.30367
-5577.71898
-5566.98235
-5544.67095
-5584.51170
-5568.92427
-5527.27317
-5534.94399
-5564.19260
-5562.23170
-5558.61487
-5569.55565
-5584.31493
-5568.02919
-5538.72353
-5559.70270
-5578.02746
-5587.20400
-5596.30023
-5552.47572
-5562.57008
-5566.53948
-5580.65911
-5584.99702
-5576.61798
-5548.49017
-5536.78146
-5535.59062
-5527.68047
-5546.03119
-5545.63029
-5559.89925
-5567.56175
-5545.84226
-5581.28957
-5558.47582
-5538.20286
-5537.30466
-5543.51423
-5566.80015
-5574.79944
-5542.53608
-5568.86186
-5583.49662
-5560.92358
-5578.48306
-5557.58693
-5578.46227
-5578.58440
-5569.74911
-5538.84461
-5552.77591
-5532.20874
-5545.82975
-5538.81091
-5539.59996
-5560.26798
-5561.45845
-5557.56586
-5554.00104
-5586.94737
-5623.43845
-5596.36973
-5614.47997
-5610.45700
-5588.18050
-5574.56163
-5589.67516
-5580.83732
-5587.99744
-5608.28440
-5586.35220
-5579.54944
-5555.96427
-5545.85620
-5531.13298
-5540.86275
-5554.33749
-5562.38432
-5560.66507
-5557.12447
-5571.84183
-5597.17922
-5561.59245
-5520.45021
-5541.46408
-5561.30983
-5551.42215
-5544.19942
-5568.79207
-5563.67010
-5587.94872
-5571.51092
-5589.39559
-5565.58828
-5575.80209
-5593.26526
-5569.65510
-5559.26222
-5573.75388
-5538.09425
-5595.18342
-5605.66147
-5604.61037
-5571.29930
-5539.05430
-5552.79713
-5587.73498
-5555.00256
-5562.16153
-5575.11669
-5580.80673
-5594.15959
-5564.93961
-5578.07393
-5555.56480
-5546.77781
-5566.49333
-5568.68938
-5556.03743
-5553.04746
-5566.08266
-5541.43964
-5549.53481
-5502.88487
-5523.50357
-5539.74780
-5513.56985
-5539.52758
-5569.22689
-5539.49662
-5548.39488
-5559.45581
-5604.76382
-5596.34058
-5619.70823
-5575.94251
-5590.83419
-5556.10925
-5513.38447
-5497.41334
-5565.70402
-5549.99532
-5563.64746
-5585.85710
-5569.66522
-5574.25780
-5555.06655
-5564.26584
-5555.46594
-5567.72986
-5584.26810
-5580.35208
-5585.05416
-5616.73617
-5610.14305
-5577.72913
-5578.87491
-5552.22176
-5544.17934
-5555.97512
-5562.66392
-5551.79681
-5567.88836
-5578.08362
-5609.84487
-5605.91645
-5639.37377
-5614.18013
-5614.40894
-5619.08246
-5593.33897
-5596.74443
-5580.02172
-5593.68227
-5593.96436
-5530.03709
-5577.43457
-5564.41808
-5564.87554
-5528.45579
-5535.78256
-5575.06673
-5593.27565
-5576.83013
-5575.09045
-5583.42828
-5595.65342
-5590.13158
-5560.22685
-5594.68827
-5616.08434
-5597.13852
-5551.21533
-5574.59640
-5562.87119
-5526.54945
-5529.77284
-5520.65682
-5523.46441
-5550.25306
-5571.77444
-5603.95013
-5568.34297
-5571.70121
-5564.13276
-5574.47459
-5560.49684
-5549.00497
-5535.07050
-5518.49452
-5508.22078
-5558.30758
-5580.87744
-5574.96515
-5567.28014
-5541.42619
-5555.94436
-5591.49192
-5593.72640
-5580.60960
-5555.25816
-5552.24969
-5557.98871
-5553.07377
-5566.02807
-5562.88769
-5567.00130
-5544.38469
-5542.59773
-5570.86527
-5560.86631
-5577.73217
-5596.84532
-5604.57920
-5566.57210
-5554.78565
-5553.65910
-5574.42496
-5573.60348
-5602.25005
-5591.71881
-5579.39624
-5586.22229
-5583.67431
-5572.05649
-5555.11586
-5523.45267
-5531.61699
-5528.13289
-5535.48043
-5530.76947
-5526.64289
-5560.41053
-5569.56414
-5583.85585
-5603.60122
-5606.43512
-5573.44893
-5533.11029
-5551.75673
-5567.94515
-5566.18138
-5577.45899
-5586.74899
-5576.23506
-5553.57055
-5546.94958
-5552.11912
-5553.04828
-5513.60669
-5518.39352
-5564.58533
-5576.09412
-5566.09004
-5556.02850
-5571.73164
-5582.23741
-5577.50606
-5575.95737
-5569.75550
-5569.28474
-5587.17699
