-5757.95960
-5748.20501
-5761.21954
-5748.54890
-5753.73014
-5771.95294
-5766.08809
-5748.35548
-5736.97801
-5728.10031
-5747.56752
-5749.26433
-5744.23268
-5730.92654
-5761.02641
-5770.51091
-5752.09669
-5734.75728
-5733.27658
-5715.56930
-5733.65060
-5723.82467
-5732.95841
-5718.64614
-5731.52643
-5715.76983
-5726.43245
-5730.68867
-5740.39036
-5729.13734
-5730.52048
-5740.59287
-5738.87199
-5744.65821
-5739.34397
-5774.77460
-5744.81241
-5726.77367
-5727.02105
-5726.83024
-5725.60617
-5733.98327
-5734.61805
-5731.17303
-5736.55641
-5754.71053
-5771.32558
-5773.18180
-5766.16986
-5753.52807
-5741.50774
-5730.03257
-5722.02336
-5736.15358
-5713.80269
-5732.05502
-5752.00127
-5742.09800
-5729.32813
-5710.64777
-5696.60398
-5699.85054
-5703.94055
-5708.12501
-5722.18147
-5720.11077
-5721.25355
-5720.37798
-5736.95834
-5725.08646
-5710.01373
-5707.65942
-5732.65241
-5718.46972
-5709.21138
-5734.81915
-5751.46190
-5702.50928
-5715.69187
-5719.97253
-5709.56526
-5748.15105
-5752.63760
-5749.22222
-5727.57645
-5738.45144
-5747.45251
-5737.55930
-5744.80338
-5737.95027
-5754.20140
-5737.79672
-5760.02131
-5770.78457
-5751.75223
-5767.55354
-5757.83246
-5756.76893
-5709.73611
-5719.27085
-5766.13182
-5779.43694
-5742.37476
-5736.67079
-5722.68689
-5724.88836
-5716.70787
-5708.01163
-5744.68916
-5723.42926
-5699.31835
-5750.62935
-5731.50611
-5716.76152
-5712.31748
-5693.70526
-5694.31799
-5703.45723
-5694.52545
-5701.94800
-5688.86500
-5680.17473
-5666.66455
-5696.36208
-5715.61404
-5702.26934
-5703.12657
-5706.61327
-5747.65071
-5768.64589
-5778.46932
-5773.60032
-5761.02874
-5739.34964
-5733.02262
-5710.16049
-5713.49928
-5740.66358
-5755.96840
-5785.07050
-5778.49845
-5763.09815
-5761.78111
-5761.97029
-5753.43412
-5764.85847
-5765.10623
-5782.34839
-5745.18786
-5721.40509
-5750.39064
-5756.87401
-5758.93636
-5755.30062
-5745.66846
-5749.76815
-5784.81073
-5766.94649
-5733.52091
-5754.80261
-5756.38480
-5750.55284
-5752.02133
-5750.09622
-5760.16095
-5756.66034
-5768.01961
-5750.41195
-5736.42995
-5766.53374
-5757.48369
-5733.14156
-5736.70625
-5711.64292
-5725.22383
-5703.90445
-5685.41597
-5730.33924
-5725.44171
-5753.05834
-5747.61315
-5734.71881
-5719.51725
-5733.85028
-5735.57392
-5717.25006
-5734.43656
-5753.24102
-5724.91356
-5744.41296
-5736.01311
-5751.07943
-5740.63928
-5725.15132
-5754.17589
-5746.27227
-5766.05328
-5754.30813
-5749.18130
-5745.25409
-5749.55407
-5758.54890
-5781.03682
-5753.71202
-5791.72740
-5759.68003
-5753.18224
-5735.61551
-5737.42250
-5710.81954
-5728.52096
-5715.55523
-5700.48547
-5714.65389
-5718.60212
-5715.06917
-5720.30590
-5713.71063
-5733.51827
-5719.85248
-5702.85769
-5725.88696
-5723.09839
-5736.21077
-5729.08468
-5753.67894
-5742.38096
-5768.12449
-5769.42716
-5766.41936
-5770.74621
-5766.42364
-5775.34473
-5793.76314
-5796.03127
-5788.68104
-5787.17454
-5781.12722
-5773.63980
-5787.65013
-5762.21617
-5776.74945
-5743.09001
-5768.25069
-5770.02565
-5778.39583
-5759.22558
-5768.93410
-5781.58304
-5775.85291
-5775.24763
-5756.18526
-5751.27586
-5740.58858
-5732.21253
-5751.34948
-5752.70702
-5764.44085
-5770.54602
-5768.29731
-5732.97559
-5744.03865
-5733.19669
-5701.41026
-5707.76940
-5718.99559
-5744.82890
-5753.00005
-5744.50075
-5770.91659
-5782.30881
-5780.21427
-5759.99349
-5767.26454
-5747.88173
-5735.36965
-5740.04148
-5733.47746
-5716.27232
-5722.88718
-5742.06938
-5747.60456
-5766.65976
-5775.20857
-5782.90502
-5756.74001
-5759.76614
-5747.59159
-5750.05023
-5741.29615
-5739.31810
-5717.97282
-5721.95190
-5738.58554
-5748.66606
-5720.73023
-5739.45101
-5723.73624
-5712.08665
-5741.75345
-5734.27154
-5715.94667
-5726.88379
-5704.22950
-5725.04382
-5746.87050
-5727.15933
-5743.48426
-5743.07874
-5756.50041
-5754.20042
-5739.31170
-5704.98726
-5709.35084
-5711.40686
-5747.33146
-5749.67668
-5744.27232
-5751.67767
-5749.00234
-5751.12731
-5737.20216
-5737.59942
-5740.80910
-5758.72879
-5763.83125
-5732.71193
-5738.21537
-5701.00472
-5679.69629
-5689.05733
-5686.38374
-5703.86669
-5698.14186
-5711.91534
-5713.66629
-5691.91909
-5707.93655
-5712.38917
-5698.21461
-5694.54663
-5716.21068
-5709.30105
-5716.56711
-5703.07519
-5727.41663
-5750.39344
-5753.89998
-5730.20252
-5721.17441
-5737.39125
-5729.04736
-5739.28275
-5739.15033
-5724.51688
-5749.11906
-5727.66055
-5746.82807
-5759.64286
-5735.45339
-5723.89784
-5724.99186
-5705.65333
-5707.52240
-5720.70888
-5709.26115
-5728.40061
-5733.13836
-5719.44354
-5742.95672
-5756.14115
-5763.20841
-5755.70970
-5734.84946
-5754.22682
-5731.45789
-5727.16351
-5720.18792
-5734.15448
-5752.00157
-5747.08708
-5756.63558
-5755.42536
-5738.24101
-5723.08080
-5732.43127
-5739.29707
-5756.87365
-5733.75630
-5748.60304
-5734.63477
-5750.04768
-5745.57731
-5734.79371
-5713.79157
-5733.63215
-5720.31325
-5752.48307
-5748.86190
-5732.71354
-5748.64873
-5742.20312
-5756.28165
-5781.53008
-5796.77298
-5778.76904
-5757.01448
-5759.86301
-5754.17822
-5742.75015
-5753.83204
-5747.57436
-5724.82811
-5723.23622
-5741.86829
-5750.64420
-5778.71576
-5779.48310
-5736.05766
-5740.45425
-5720.86639
-5722.81084
-5715.65795
-5670.01935
-5682.36576
-5684.96238
-5676.49661
-5659.85777
-5662.79264
-5711.32533
-5701.89373
-5728.42330
-5683.22688
-5676.25711
-5701.45145
-5740.23897
-5766.85445
-5750.53172
-5736.96014
-5723.82336
-5708.33998
-5714.88954
-5726.11675
-5737.85403
-5696.30309
-5703.90047
-5751.52585
-5718.33575
-5724.18392
-5735.50028
-5729.63523
-5743.51213
-5749.74062
-5718.96466
-5719.99390
-5711.23413
-5746.53575
-5730.15269
-5731.73208
-5747.43467
-5711.61175
-5744.65691
-5751.71339
-5756.94267
-5739.13438
-5730.52669
-5725.72311
-5717.91353
-5747.24600
-5748.63659
-5760.44068
-5717.10040
-5728.04816
-5722.33236
-5715.11795
-5748.93708
-5730.02748
-5704.76292
-5699.53870
-5688.74578
-5714.22415
-5717.48982
-5718.91832
-5704.92436
-5703.88857
-5696.60380
-5695.57266
-5715.47995
-5697.76578
-5681.98983
-5706.41726
-5717.26254
-5735.33733
-5753.79978
-5760.21675
-5769.86947
-5774.80679
-5774.20260
-5756.71913
-5735.48321
-5755.76831
-5732.64200
-5747.26856
-5750.50298
-5720.88970
-5725.56302
-5741.87882
-5728.36177
-5725.25324
-5740.44083
-5725.87945
-5737.30527
-5747.62456
-5753.28505
-5761.17364
-5758.98998
-5747.62633
-5750.77621
-5757.42971
-5753.18848
-5774.22461
-5752.66698
-5767.42503
-5773.58680
-5754.01736
-5738.30661
-5722.79470
-5731.89018
-5747.33310
-5743.34794
-5714.59214
-5744.83278
-5740.89243
-5758.55883
-5782.08723
-5753.05953
-5741.85645
-5736.70902
-5718.16384
-5735.51642
-5734.12390
-5755.92219
-5731.89530
-5716.74498
-5717.72917
-5719.29049
-5763.83594
-5739.78461
-5729.84075
-5775.23442
-5751.06922
-5739.52436
-5741.28276
-5730.14520
-5751.50070
-5769.16129
-5785.94064
-5796.78718
-5777.34637
-5749.83130
-5769.82811
-5741.90577
-5735.21670
-5761.70111
-5748.00820
-5767.74635
-5754.45907
-5739.58124
-5752.64764
-5765.94370
-5787.42646
-5743.33417
-5762.73028
-5755.25197
-5771.29319
-5766.74355
-5768.34197
-5737.97243
-5751.34023
-5732.33928
-5725.84100
-5737.86721
-5735.86605
-5742.36332
-5733.17227
-5744.95785
-5744.42074
-5739.41309
-5735.62832
-5752.25463
-5768.16498
-5768.61204
-5775.51763
-5772.26574
-5782.35347
-5757.47252
-5755.85821
-5731.22003
-5760.40059
-5755.38365
-5736.38957
-5740.02983
-5727.51497
-5743.08027
-5742.73656
-5761.96823
-5739.91559
-5725.04581
-5723.10789
-5717.09017
-5706.63190
-5728.13658
-5745.31282
-5738.82445
-5724.84670
-5717.16669
-5733.45463
-5731.46663
-5745.31311
-5744.96501
-5761.24323
-5749.19498
-5738.41392
-5734.85069
-5718.96538
-5718.14441
-5727.45021
-5759.09002
-5774.14613
-5756.36135
-5744.04103
-5748.68590
-5747.14053
-5741.71312
-5736.13831
-5716.46985
-5714.62980
-5702.40653
-5720.01118
-5718.04256
-5721.30629
-5710.51758
-5705.75284
-5694.67530
-5709.54228
-5683.50054
-5712.21993
-5710.12615
-5687.06024
-5708.44121
-5732.44118
-5744.29609
-5773.09990
-5750.19409
-5733.14305
-5727.78527
-5742.11256
-5746.14650
-5750.28065
-5730.20587
-5751.83586
-5766.03157
-5753.93273
-5738.24498
-5731.01939
-5718.79899
-5727.89458
-5742.87924
-5747.05837
-5748.65835
-5759.04086
-5778.21773
-5755.12690
-5786.35183
-5777.06445
-5767.49031
-5780.35872
-5777.42423
-5773.97042
-5761.35209
-5771.97340
-5714.25594
-5721.91872
-5739.12020
-5728.13948
-5744.80989
-5735.00068
-5723.89987
-5737.53625
-5775.60850
-5777.03161
-5759.16421
-5737.06488
-5738.90705
-5767.37082
-5741.97854
-5739.03694
-5757.74303
-5751.18654
-5741.62614
-5730.55442
-5744.97969
-5756.47785
-5742.83385
-5727.41406
-5741.72969
-5729.73444
-5733.66362
-5739.21061
-5739.21760
-5731.79233
-5749.22280
-5729.89232
-5722.56267
-5726.64562
-5743.66252
-5739.58508
-5715.84470
-5699.00390
-5739.62187
-5734.94578
-5710.61635
-5728.70635
-5715.30639
-5709.77131
-5740.73458
-5759.07467
-5745.53160
-5735.52935
-5712.84426
-5733.94968
-5737.93184
-5758.36583
-5736.42366
-5732.29883
-5742.23700
-5734.95659
-5738.46228
-5715.48043
-5720.45813
-5718.14621
-5729.25100
-5719.10983
-5733.40552
-5711.46702
-5692.63900
-5676.43825
-5702.75523
-5720.26993
-5739.45474
-5734.86889
-5729.96610
-5728.31664
-5724.59388
-5706.76006
-5689.09193
-5693.69638
-5671.33915
-5703.79185
-5710.08649
-5719.76466
-5746.57049
-5725.57743
-5755.30653
-5764.02970
-5785.88960
-5765.83571
-5765.13452
-5747.35956
-5759.57775
-5709.97813
-5685.75229
-5708.66748
-5720.13810
-5711.52300
-5716.76012
-5708.42919
-5721.13036
-5735.70624
-5738.42222
-5739.50978
-5753.26579
-5731.86945
-5760.82282
-5757.50005
-5733.98213
-5754.77246
-5737.63598
-5754.05603
-5751.25680
-5756.69416
-5735.81737
-5742.59826
-5741.22527
-5720.19209
-5747.14377
-5744.67333
-5740.06306
-5750.38528
-5744.17297
-5727.94861
-5716.47036
-5731.22090
-5729.21682
-5747.61689
-5764.81245
-5756.30416
-5752.25327
-5725.49567
-5737.61751
-5729.84260
-5700.31237
-5706.44814
-5735.80161
-5744.04893
-5729.43489
-5728.61512
-5720.84695
-5713.11551
-5684.02647
-5686.40716
-5695.41928
-5721.37178
-5703.15596
-5706.46694
-5731.20782
-5707.17274
-5724.20253
-5718.45349
-5730.75337
-5734.25001
-5738.52549
-5732.31241
-5749.11711
-5748.70316
-5732.48658
-5727.45766
-5721.96364
-5732.42842
-5742.04404
-5724.11577
-5725.27633
-5727.00232
-5740.15522
-5747.91448
-5733.42670
-5725.26643
-5731.34773
-5715.38978
-5705.64362
-5725.02646
-5714.93591
-5733.15318
-5730.71590
-5707.77292
-5716.41578
-5733.94854
-5739.54516
-5748.84997
-5754.06967
-5781.42701
-5743.46500
-5718.22963
-5745.54850
-5751.32207
-5760.01809
-5730.44075
-5740.86244
-5742.69154
-5689.00762
-5727.76445
-5718.60168
-5716.89538
-5688.04326
-5696.37201
-5697.62056
-5699.84273
-5747.34328
-5777.41845
-5756.49684
-5753.96668
-5746.24190
-5702.96356
-5733.77284
-5724.26654
-5734.27779
-5737.89665
-5731.84217
-5735.30350
-5743.54154
-5748.17019
-5741.13966
-5743.63208
-5755.73440
-5755.10430
-5748.68010
-5740.77691
-5764.72094
-5771.92610
-5744.76705
-5731.66138
-5730.73821
-5707.59570
-5718.39753
-5722.66713
-5734.49667
-5746.95004
-5738.29408
-5753.79097
-5759.33412
-5748.02927
-5767.21685
-5769.42579
-5754.49889
-5745.21063
-5718.68304
-5717.68829
-5722.43690
-5730.84063
-5737.39815
-5752.01871
-5728.14262
-5730.58549
-5731.44787
-5723.14187
-5731.36538
-5732.67779
-5746.82022
-5721.13653
-5703.41294
-5705.64257
-5725.80194
-5723.02207
-5728.63455
-5709.17889
-5719.52413
-5717.47427
-5731.77344
-5714.63931
-5733.19900
-5724.06944
-5721.92886
-5717.68122
-5730.19903
-5729.48009
-5709.81951
-5758.60737
-5771.28274
-5769.51202
-5773.63907
-5773.73397
-5729.62886
-5693.92753
-5707.20255
-5707.61913
-5721.51534
-5714.67951
-5715.40642
-5704.95009
-5690.78791
-5713.74352
-5707.06830
-5703.03722
-5701.51305
-5698.17078
-5704.48424
-5681.10677
-5660.96501
-5684.06173
-5698.19383
-5700.82053
-5701.78006
-5706.47504
-5706.45369
-5714.78158
-5748.08456
-5756.47900
-5754.56555
-5743.93471
-5727.73298
-5734.13492
-5719.63329
-5739.23488
-5766.70000
-5756.46264
-5739.58641
-5745.45946
-5730.93407
-5744.74426
-5755.75286
-5742.15973
-5749.22310
-5729.10213
-5727.05321
-5744.60673
-5743.45187
-5735.73869
-5730.56036
-5720.20226
-5737.18817
-5700.37624
-5663.06371
-5691.13187
-5684.92418
-5714.64579
-5714.38741
-5717.56958
-5721.91255
-5711.87911
-5705.45495
-5713.64289
-5714.35518
-5722.61911
-5730.45732
-5719.21026
-5696.12525
-5704.06859
-5704.99488
-5688.16904
-5693.49156
-5719.02564
-5730.13185
-5736.36838
-5743.96202
-5737.51050
-5737.63305
-5736.23474
-5778.79426
-5771.67488
-5776.95626
-5745.78239
-5732.56926
-5718.06369
-5725.69608
-5730.78028
-5744.37713
-5742.64417
-5728.04548
-5751.76404
-5728.16456
-5724.57782
-5701.53104
-5708.78868
-5717.00531
-5710.09561
-5718.42597
-5749.47183
-5686.30250
-5717.60972
-5720.20082
-5744.52697
-5750.50699
-5720.81412
-5743.06403
-5762.94366
-5774.06321
-5770.27000
-5766.51548
-5788.08586
-5760.47173
-5753.16235
-5766.40746
-5737.67698
-5747.14277
-5732.66299
-5725.40124
-5735.90767
-5723.06389
-5733.73490
-5758.35176
-5749.32834
-5732.89552
-5739.99172
-5748.32399
-5748.51874
-5749.03960
-5757.80844
-5738.45237
-5719.23607
-5770.80835
-5752.16401
-5736.79884
-5727.95294
-5745.38141
-5713.27539
-5735.53396
-5748.21995
-5736.97073
-5749.64415
-5733.39149
-5747.23068
-5735.11345
-5731.69952
-5740.09299
-5749.88040
-5763.37420
-5744.29558
-5759.76691
-5742.53293
-5751.80682
-5739.51288
-5718.68189
-5710.42616
-5694.14528
-5712.72821
-5716.21922
-5738.04829
-5714.69595
-5727.02989
-5692.50348
-5693.76277
-5704.16279
-5741.56948
-5764.38988
-5774.73448
-5767.73133
-5791.33636
-5766.78885
-5770.92670
-5754.52026
-5764.22873
-5767.35957
-5762.54846
-5756.26192
-5745.42968
-5744.92065
-5767.08121
-5745.29339
-5743.27402
-5763.62063
-5792.87586
-5795.79200
-5783.82886
-5785.67562
-5785.42784
-5788.54211
-5796.92710
-5781.25573
-5800.98331
-5770.97137
-5801.84037
-5766.86126
-5762.69754
-5779.81573
-5753.73709
-5741.33934
-5743.41965
-5741.59171
-5754.06126
-5740.92495
-5717.42322
-5754.96488
-5739.64049
-5734.48541
-5751.88374
-5752.35967
-5738.17217
-5732.52750
-5747.64369
-5768.77154
-5740.82341
-5753.48897
-5726.04379
-5736.67042
-5701.47516
-5730.72358
-5722.80492
-5720.52082
-5745.08606
-5753.65569
-5731.17813
-5746.62218
-5744.58653
-5744.91494
-5743.79222
-5739.30059
-5714.01418
-5717.51801
-5708.09566
-5693.01588
-5688.07774
-5697.31598
-5711.03404
-5714.30676
-5723.16549
-5739.66881
-5769.69809
-5720.83770
-5698.30832
-5713.33842
-5733.73946
-5715.68623
-5714.82424
-5699.12599
-5700.48492
-5704.14948
-5707.73496
-5725.36674
-5723.92755
-5743.27534
-5721.64644
-5710.86485
-5723.71257
-5731.07114
-5717.63667
-5748.03688
-5760.07330
-5755.93524
-5767.43224
-5770.37420
-5756.60120
-5725.44904
-5732.80830
-5765.65896
-5743.57514
-5718.15423
-5773.42132
-5753.21191
-5726.97978
-5745.62556
-5739.48810
-5736.45520
-5752.48667
-5773.47508
-5757.70092
-5729.86846
-5715.12719
-5733.58576
-5765.16920
-5776.10622
-5777.82334
-5771.64384
-5775.36305
-5755.15189
-5760.45969
-5734.83326
-5730.07297
-5727.65322
-5728.48583
-5748.74037
-5756.35993
-5746.23934
-5724.85596
-5733.35330
-5737.10799
-5724.06328
-5735.70190
-5728.48413
-5727.34869
-5733.36207
-5752.87386
-5760.08189
-5745.93752
-5760.94207
-5755.13825
-5761.63399
-5747.52922
-5744.41256
-5722.80724
-5727.38962
-5723.39294
-5692.96172
-5692.76358
-5704.72087
-5740.52540
-5765.79202
-5780.61473
-5739.92219
-5727.44763
-5713.21367
-5712.32169
-5722.06226
-5736.64893
-5727.57367
-5717.21965
-5727.31451
-5731.51127
-5756.56935
-5743.92262
-5723.37661
-5739.06042
-5741.32971
-5783.01912
-5761.33920
-5764.45788
-5777.09987
-5763.78927
-5765.28876
-5788.69712
-5795.64810
-5803.65323
-5768.90518
-5769.33548
-5772.39491
-5763.83408
-5755.99762
-5731.69776
-5750.07396
-5756.86522
-5765.96582
-5730.03899
-5750.02596
-5740.05762
-5744.91856
-5735.13560
-5762.41541
-5779.23390
-5785.22647
-5774.04808
-5774.22839
-5724.24568
-5734.67155
-5733.23044
-5741.43506
-5734.38185
-5726.44034
-5725.12758
-5724.50185
-5746.24948
-5747.05477
-5723.96538
-5723.54019
-5730.17952
-5737.44838
-5744.48551
-5729.29003
-5705.94769
-5722.83251
-5723.53737
-5727.17138
-5737.02257
-5729.58599
-5719.39737
-5735.57040
-5747.59341
-5744.40696
-5721.79328
-5720.90879
-5752.28789
-5745.77783
-5759.42730
-5762.65738
-5758.08754
-5731.00913
-5740.37315
-5767.13029
-5776.06945
-5765.50888
-5737.47733
-5749.34507
-5742.34014
-5736.22247
-5753.51142
-5762.20021
-5760.75093
-5719.35143
-5763.80449
-5771.58403
-5766.90212
-5782.84069
-5756.09803
-5757.84087
-5762.48635
-5768.53794
-5744.37273
-5749.72023
-5753.75758
-5765.19619
-5780.86559
-5763.29753
-5732.21423
-5748.08422
-5760.80012
-5779.11994
-5781.50547
-5777.48443
-5778.58749
-5780.03845
-5777.68061
-5772.31731
-5757.03261
-5762.05756
-5778.92185
-5732.97291
-5756.85657
-5757.46748
-5748.66592
-5739.00274
-5739.19278
-5732.82556
-5748.53676
-5753.46243
-5736.47951
-5720.23584
-5711.35034
-5716.16017
-5724.78759
-5729.91286
-5717.94262
-5725.48642
-5766.52962
-5733.49341
-5729.31584
-5723.31308
-5713.18873
-5739.33869
-5737.74097
-5732.15230
-5718.91639
-5710.22635
-5720.52976
-5731.49672
-5732.19446
-5716.39275
-5697.84028
-5705.43650
-5711.49028
-5729.87087
-5740.10708
-5749.89021
-5752.23896
-5761.84638
-5739.13470
-5725.39467
-5758.12020
-5754.44210
-5746.92713
-5735.56367
-5729.50451
-5746.37346
-5752.98134
-5772.03736
-5761.84747
-5767.86621
-5772.83561
-5795.85821
-5777.81684
-5725.13449
-5736.74901
-5729.81410
-5723.34178
-5725.75426
-5759.44664
-5752.80521
-5743.95609
-5747.78600
-5745.14830
-5709.38196
-5712.04422
-5700.72203
-5698.23232
-5723.62264
-5715.65215
-5725.70890
-5690.47792
-5716.74309
-5712.15456
-5733.16172
-5715.77772
-5736.32825
-5724.18396
-5749.34682
-5764.22090
-5751.26337
-5761.06723
-5737.16470
-5744.64948
-5728.98931
-5720.99322
-5766.12751
-5732.81899
-5763.63850
-5762.42816
-5764.70602
-5764.48333
-5758.45668
-5759.44358
-5748.45085
-5753.65674
-5769.00093
-5764.70377
-5755.62559
-5715.87025
-5732.18173
-5721.93148
-5732.66968
-5714.37449
-5743.35330
-5746.43260
-5751.38253
-5770.21006
-5763.37353
-5756.02489
-5742.37294
-5744.96594
-5724.62533
-5721.18083
-5732.43688
-5694.62648
-5707.54038
-5700.68589
-5710.23071
-5718.76912
-5734.75653
-5772.41181
-5762.73141
-5741.24505
-5769.29083
-5794.27990
-5771.96972
-5757.89483
-5734.70554
-5742.01705
-5748.94746
-5772.31698
-5749.99973
-5710.89308
-5698.28807
-5712.61502
-5723.12994
-5746.98299
-5725.01335
-5736.30386
-5732.07154
-5732.03355
-5756.21795
-5749.32382
-5747.81460
-5774.61324
-5768.74825
-5782.30642
-5804.74044
-5797.71502
-5783.03084
-5775.97154
-5784.03375
-5758.72450
-5765.45321
-5757.35185
-5750.71275
-5732.57402
-5723.57541
-5736.87969
-5738.02016
-5731.40083
-5749.83763
-5738.75677
-5760.73870
-5755.68896
-5727.57350
-5748.23554
-5748.27396
-5758.81496
-5746.25069
-5761.11506
-5750.91458
-5730.78836
-5728.83573
-5746.67489
-5749.36266
-5708.74265
-5708.34407
-5711.32109
-5715.30583
-5705.50520
-5696.36728
-5721.48706
-5725.72494
-5708.73390
-5760.95566
-5783.78357
-5778.36831
-5755.85921
-5735.94416
-5732.82388
-5705.31740
-5675.52497
-5664.63692
-5695.84396
-5723.65851
-5715.75405
-5714.89918
-5718.50151
-5718.31403
-5724.19441
-5773.87534
-5749.56628
-5731.71344
-5740.47353
-5735.30094
-5698.57876
-5723.55303
-5710.98848
-5743.87711
-5725.12503
-5714.38949
-5709.84313
-5694.39031
-5735.53313
-5730.18188
-5717.61484
-5746.33030
-5760.90226
-5766.92388
-5791.92336
-5774.51487
-5780.07150
-5760.61019
-5748.02500
-5752.84364
-5767.70262
-5742.05090
-5737.27215
-5698.66515
-5731.85084
-5728.57839
-5748.19599
-5742.30028
-5758.39521
-5782.28897
-5773.11514
-5769.99398
-5744.44517
-5746.41060
-5743.45700
-5751.44643
-5750.86725
-5742.60898
-5754.47041
-5735.70530
-5734.02162
-5749.40424
-5719.99007
-5729.98587
-5710.67154
-5726.36501
-5752.15695
-5745.52245
-5734.50702
-5735.40734
-5760.38583
-5757.03743
-5768.22329
-5756.28793
-5756.38109
-5754.50950
-5764.54908
-5755.79956
-5774.00866
-5774.61213
-5753.01619
-5736.97291
-5740.41036
-5720.08228
-5718.78873
-5723.37906
-5702.20932
-5710.49048
-5733.26208
-5742.54048
-5746.58664
-5764.68966
-5767.46114
-5777.04330
-5769.43763
-5765.04886
-5751.62327
-5749.50789
-5728.26774
-5728.68177
-5756.68544
-5765.04582
-5763.55122
-5752.97183
-5743.52551
-5733.67610
-5755.39666
-5732.91251
-5747.74671
-5755.69582
-5758.09617
-5748.50444
-5756.57439
-5743.61672
-5723.11040
-5724.91245
-5726.45925
-5695.10147
-5707.46320
-5735.18304
-5723.19373
-5733.69021
-5743.89805
-5730.20511
-5749.79540
-5763.44325
-5775.57678
-5752.56807
-5719.69367
-5762.55416
-5751.39684
-5740.58463
-5718.90404
-5697.51802
-5739.83022
-5740.27716
-5751.80402
-5761.17452
-5759.49364
-5773.46095
-5762.74889
-5775.31467
-5767.54189
-5752.20237
-5773.91429
-5763.41065
-5771.31082
-5722.48733
-5724.92702
-5731.58135
-5739.20577
-5751.95812
-5762.10884
-5759.74887
-5723.70180
-5729.41515
-5749.80470
-5773.14131
-5766.36969
-5745.11303
-5748.42016
-5768.09452
-5742.21747
-5734.87329
-5742.89339
-5768.35071
-5763.61321
-5731.54943
-5751.28512
-5761.73847
-5760.15682
-5765.44361
-5795.80371
-5776.24287
-5774.52947
-5754.75924
-5754.31615
-5760.57686
-5742.26320
-5749.56301
-5748.62360
-5758.56535
-5776.93132
-5771.57048
-5769.45808
-5748.96445
-5758.63542
-5743.75222
-5749.35903
-5729.31179
-5736.13440
-5723.03630
-5731.07972
-5694.17901
-5688.35754
-5719.78819
-5729.95468
-5737.34036
-5731.35813
-5738.62680
-5721.40970
-5745.54681
-5757.24994
-5756.39531
-5699.24131
-5686.60580
-5720.21382
-5728.08513
-5734.40147
-5755.76104
-5731.77988
-5720.84686
-5744.16779
-5726.87057
-5723.36292
-5712.70394
-5722.27224
-5749.49232
-5749.98294
-5752.36477
-5733.59733
-5738.58054
-5743.50104
-5762.64241
-5762.31424
-5761.77128
-5755.82451
-5741.44282
-5769.34442
-5745.34538
-5768.29227
-5772.27469
-5740.16110
-5737.96128
-5719.84115
-5725.92203
-5760.59636
-5761.81757
-5748.09625
-5743.66335
-5743.30315
-5724.01932
-5747.99379
-5774.77932
-5766.80892
-5757.09921
-5728.17485
-5748.56594
-5762.89739
-5775.29083
-5755.10901
-5753.16255
-5729.57042
-5744.69470
-5740.73767
-5763.96404
-5717.87971
-5725.79037
-5726.34134
-5754.59739
-5734.03696
-5733.71693
-5722.58101
-5732.15257
-5737.05758
-5742.74398
-5770.08037
-5757.70418
-5742.33708
-5709.26592
-5719.71004
-5729.75663
-5752.34587
-5773.01492
-5771.37857
-5759.59303
-5771.48791
-5734.01108
-5721.18329
-5740.54989
-5728.26295
-5731.65227
-5727.03247
-5700.95668
-5717.51147
-5735.92818
-5759.87939
-5744.25428
-5703.58485
-5714.55595
-5701.93938
-5717.29787
-5726.38748
-5707.57325
-5671.08744
-5672.86906
-5716.92200
-5724.38420
-5701.77891
-5704.02961
-5679.35647
-5684.61694
-5689.63387
-5672.13796
-5697.56697
-5721.12193
-5729.70732
-5743.32363
-5738.71178
-5749.45327
-5736.82302
-5724.68619
-5709.95008
-5735.64659
-5747.90114
-5734.84338
-5742.77150
-5747.16717
-5734.50955
-5758.97878
-5755.26264
-5788.54895
-5774.98439
-5766.67773
-5763.26693
-5776.06947
-5757.38331
-5731.94733
-5756.78713
-5777.61003
-5755.83939
-5738.99416
-5761.07538
-5788.59719
-5776.59474
-5748.97704
-5756.60886
-5753.57164
-5738.29013
-5736.32535
-5738.11232
-5725.64545
-5739.19137
-5771.80736
-5777.25179
-5770.10576
-5749.24667
-5720.28635
-5736.37509
-5727.05119
-5733.60083
-5731.06364
-5729.04348
-5769.59641
-5752.51266
-5764.26542
-5776.77512
-5785.83621
-5767.27524
-5780.43781
-5765.04084
-5767.91267
-5771.59445
-5749.51490
-5709.76011
-5719.55064
-5716.27368
-5680.47789
-5710.92130
-5716.04036
-5730.63306
-5724.77297
-5729.06801
-5727.40484
-5714.82514
-5747.20170
-5718.80998
-5730.05165
-5729.97041
-5722.81300
-5730.45781
-5743.54319
-5734.30548
-5687.75790
-5715.02223
-5733.90877
-5748.96699
-5752.26190
-5743.74131
-5742.51623
-5717.02916
-5752.28413
-5744.80969
-5738.47250
-5714.05575
-5717.80145
-5740.60155
-5734.43212
-5729.55156
-5743.44632
-5745.55614
-5745.56972
-5739.15958
-5715.49191
-5692.64131
-5736.40744
-5698.77339
-5696.88375
-5715.10490
-5696.79371
-5709.55831
-5722.56156
-5721.79762
-5739.51821
-5750.91071
-5768.57870
-5752.43912
-5753.90485
-5746.07731
-5751.96126
-5733.88097
-5738.63089
-5738.75243
-5724.55233
-5744.07853
-5721.96373
-5714.20180
-5728.26170
-5693.66206
-5702.73072
-5723.75735
-5735.23073
-5721.56947
-5736.92438
-5728.98327
-5713.22175
-5764.37473
-5747.30448
-5757.65331
-5768.71089
-5739.17066
-5724.30163
-5697.11649
-5702.70261
-5712.40616
-5739.74535
-5722.35457
-5714.45566
-5716.58035
-5732.49857
-5715.85800
-5721.61524
-5736.60938
-5732.49025
-5737.61950
-5717.96265
-5723.24303
-5715.71918
-5718.94280
-5692.07794
-5710.98634
-5711.27566
-5679.66553
-5676.63464
-5666.59132
-5689.68340
-5712.13256
-5706.87022
-5732.04824
-5755.85724
-5758.99464
-5728.38171
-5733.63161
-5739.54535
-5739.44317
-5755.99439
-5732.69854
-5734.19813
-5743.41165
-5765.72676
-5757.24967
-5743.88037
-5725.99312
-5735.52432
-5743.83450
-5728.68777
-5730.48924
-5751.93284
-5754.88560
-5774.17384
-5780.23743
-5785.68724
-5790.36579
-5809.90376
-5764.71609
-5775.26400
-5777.38376
-5770.93653
-5756.78453
-5743.55753
-5741.29348
-5759.26118
-5738.46834
-5746.65234
-5724.45772
-5713.82983
-5745.00043
-5742.50579
-5730.46984
-5733.57467
-5748.17571
-5747.16321
-5753.21418
-5765.17583
-5783.82885
-5762.41458
-5743.69357
-5743.88914
-5765.79193
-5737.09688
-5740.83714
-5758.94776
-5744.34754
-5744.03194
-5732.93025
-5753.48122
-5734.86618
-5756.33013
-5734.67556
-5755.56078
-5731.89627
-5755.58531
-5737.36246
-5747.43740
-5732.92047
-5724.73543
-5748.19523
-5726.56320
-5730.93794
-5728.55211
-5716.75296
-5760.06553
-5775.51568
-5732.25045
-5739.36652
-5736.48014
-5748.29134
-5713.21067
-5731.10718
-5696.53973
-5711.85007
-5697.34213
-5729.82358
-5741.30008
-5701.19019
-5707.31150
-5736.95343
-5723.95126
-5738.15676
-5737.36714
-5745.63584
-5753.03535
-5739.36044
-5732.17040
-5722.26780
-5724.54397
-5721.62785
-5708.42684
-5711.00496
-5723.49713
-5731.31001
-5730.67082
-5720.49741
-5712.96547
-5724.33088
-5723.07152
-5716.32136
-5691.76904
-5705.33532
-5693.56453
-5700.18065
-5713.64244
-5751.99959
-5760.89107
-5759.06844
-5717.16883
-5738.29652
-5723.63092
-5724.82294
-5713.01508
-5728.33604
-5718.83752
-5749.97109
-5731.07963
-5741.65016
-5741.61569
-5700.83905
-5725.73199
-5701.56068
-5686.16318
-5692.76767
-5745.56658
-5716.82960
-5715.22437
-5697.12579
-5697.77116
-5710.58432
-5721.09256
-5743.75869
-5706.28623
-5735.98517
-5735.49847
-5707.71025
-5698.74932
-5729.30258
-5761.08828
-5789.46042
-5793.04706
-5777.07183
-5750.32968
-5731.65025
-5755.60030
-5748.84709
-5750.53356
-5740.48859
-5721.23810
-5723.55915
-5725.24647
-5738.82725
-5728.27340
-5752.51457
-5707.79741
-5738.90909
-5751.03565
-5752.56030
-5739.24561
-5760.72825
-5785.91984
-5760.98158
-5738.17691
-5741.88227
-5744.31614
-5736.39553
-5732.13788
-5755.48580
-5755.58619
-5751.17821
-5751.97345
-5756.61084
-5746.06363
-5732.10987
-5735.97470
-5741.65665
-5734.23986
-5701.21818
-5693.17081
-5727.48862
-5735.21139
-5740.89407
-5731.24466
-5717.48436
-5738.59724
-5734.17444
-5721.64605
-5738.45691
-5717.39646
-5751.36159
-5737.99446
-5740.30967
-5750.79422
-5728.47164
-5742.85646
-5726.86657
-5736.18641
-5763.23787
-5750.47691
-5736.66270
-5742.80745
-5718.54603
-5719.44050
-5726.96256
-5713.42019
-5724.07838
-5728.91093
-5725.49215
-5749.97555
-5769.40200
-5771.33052
-5761.26016
-5750.32874
-5750.13144
-5756.95007
-5767.76312
-5780.61675
-5765.88155
-5771.58681
-5774.61167
-5752.79761
-5736.18354
-5756.46816
-5758.04769
-5792.94408
-5791.90028
-5767.38872
-5772.65221
-5771.64838
-5775.19650
-5755.05892
-5733.24548
-5752.73836
-5737.10224
-5738.19666
-5729.33825
-5731.03200
-5751.55052
-5760.16877
-5759.14860
-5764.01414
-5769.48369
-5764.84042
-5758.80345
-5742.92455
-5759.72098
-5762.11760
-5752.64249
-5764.38925
-5767.71912
-5787.93128
-5785.27029
-5758.69710
-5746.86446
-5734.65020
-5736.16440
-5759.84707
-5765.62560
-5722.47064
-5728.27290
-5732.77788
-5729.96338
-5734.16460
-5752.47287
-5774.53792
-5770.78802
-5745.06758
-5738.86785
-5729.80178
-5728.46609
-5737.95293
-5722.20956
-5704.79412
-5729.08327
-5744.80689
-5745.98384
-5768.34576
-5756.60009
-5760.19461
-5769.10110
-5757.95808
-5778.91753
-5766.60051
-5744.89084
-5773.48897
-5738.81407
-5742.27635
-5748.70752
-5716.71626
-5709.84215
-5746.29908
-5713.64717
-5694.91624
-5703.29422
-5722.96974
-5723.47487
-5766.06851
-5733.13956
-5720.36728
-5722.44167
-5713.41154
-5749.21613
-5739.45587
-5757.38985
-5757.06109
-5741.09986
-5730.76143
-5719.33252
-5710.17191
-5696.93315
-5695.96136
-5694.54034
-5689.07448
-5687.53410
-5693.91731
-5703.00264
-5680.52320
-5717.19642
-5723.64647
-5727.26091
-5718.08197
-5744.48738
-5747.08093
-5741.42272
-5743.68393
-5734.20537
-5754.87230
-5740.16960
-5767.60283
-5745.93933
-5758.19104
-5736.35081
-5702.09472
-5717.84454
-5707.78876
-5707.75193
-5726.95356
-5722.61122
-5729.88354
-5706.89192
-5678.02548
-5692.77339
-5723.18360
-5731.00241
-5717.20735
-5704.96895
-5705.79254
-5749.88337
-5727.69253
-5758.78087
-5730.16170
-5724.01846
-5688.24788
-5707.12975
-5710.90545
-5725.62820
-5746.32128
-5722.99127
-5737.67912
-5728.56065
-5740.82183
-5741.38155
-5739.17112
-5737.19685
-5778.44575
-5768.04048
-5735.92236
-5720.84614
-5751.82488
-5776.16528
-5753.95748
-5749.63868
-5743.08648
-5739.10080
-5737.12531
-5717.13367
-5709.77564
-5719.61504
-5716.89798
-5720.86064
-5746.33535
-5737.34645
-5732.98992
-5730.06917
-5752.03973
-5738.65028
-5773.19784
-5736.05678
-5736.17621
-5717.99683
-5721.49459
-5712.09213
-5694.96294
-5689.18021
-5685.13507
-5703.08626
-5736.99797
-5747.00065
-5742.29281
-5759.85497
-5746.83699
-5743.79017
-5760.41274
-5742.99829
-5773.42864
-5782.72488
-5783.64149
-5780.31993
-5771.31594
-5779.60472
-5760.11198
-5746.47923
-5717.42493
-5720.40414
-5746.65202
-5739.78428
-5756.55696
-5737.96173
-5745.73269
-5709.72000
-5719.17002
-5747.86270
-5735.00536
-5745.25287
-5753.94531
-5750.85695
-5736.87385
-5755.82612
-5749.86249
-5758.42525
-5758.70362
-5765.98757
-5781.03656
-5762.50255
-5754.67274
-5726.56921
-5694.91051
-5703.45132
-5692.12130
-5719.48701
-5753.43253
-5745.52628
-5757.60683
-5774.29684
-5744.06453
-5749.88132
-5750.56652
-5751.61173
-5760.91201
-5732.40977
-5748.90750
-5766.04966
-5749.67245
-5760.91801
-5740.54600
-5752.58269
-5757.93365
-5736.51727
-5720.45622
-5743.44338
-5758.24616
-5745.85380
-5750.94316
-5761.93023
-5745.93292
-5751.58405
-5784.70038
-5775.14647
-5815.29138
-5819.46246
-5787.45454
-5765.22314
-5763.82285
-5760.41514
-5769.31071
-5766.31599
-5761.50593
-5747.72561
-5731.09863
-5736.98952
-5745.62818
-5738.08634
-5718.71462
-5777.56392
-5787.28283
-5758.86312
-5751.02299
-5772.03494
-5771.96619
-5751.96027
-5793.14283
-5772.04683
-5763.49312
-5760.92186
-5799.97057
-5776.61861
-5756.31552
-5754.19087
-5758.98363
-5753.73044
-5750.11987
-5729.22397
-5759.00408
-5757.05215
-5733.12102
-5726.78673
-5721.49149
-5720.24228
-5733.99209
-5712.10161
-5725.83924
-5735.47183
-5720.16425
-5721.77069
-5700.96543
-5711.14751
-5722.60362
-5711.24749
-5682.27567
-5668.81808
-5681.31954
-5690.61121
-5710.44259
-5681.76249
-5684.83165
-5692.74491
-5694.56918
-5684.07188
-5741.69055
-5723.13568
-5707.71818
-5716.92480
-5732.28071
-5745.89261
-5746.03703
-5751.91518
-5732.80279
-5727.57506
-5738.21688
-5753.26170
-5745.66460
-5738.66514
-5744.17711
-5738.26120
-5757.12382
-5753.29184
-5734.99807
-5720.27129
-5727.90056
-5736.92486
-5716.44715
-5728.45300
-5686.82500
-5676.91291
-5695.74474
-5694.26331
-5700.55997
-5705.14054
-5695.93397
-5701.35499
-5697.48972
-5722.64334
-5719.98858
-5696.17399
-5698.88182
-5695.67241
-5696.96933
-5686.38345
-5689.23516
-5692.38441
-5712.93564
-5715.29155
-5689.24164
-5644.55597
-5682.94513
-5677.15132
-5719.98475
-5706.79654
-5699.34009
-5689.13535
-5700.15319
-5706.98708
-5753.99226
-5744.71388
-5763.08758
-5749.19581
-5755.89892
-5735.78533
-5739.27016
-5722.94301
-5721.57848
-5695.04789
-5691.22193
-5697.56991
-5708.28512
-5706.24413
-5721.85705
-5714.39076
-5744.28465
-5745.24561
-5734.98671
-5723.50187
-5740.17378
-5710.43083
-5702.07198
-5726.57127
-5733.51889
-5739.73154
-5721.13637
-5725.80612
-5725.99556
-5752.19713
-5736.19796
-5733.26608
-5723.45029
-5751.41718
-5752.20321
-5742.31387
-5745.06191
-5713.70923
-5724.21066
-5726.17392
-5731.84524
-5725.67466
-5731.49041
-5715.09118
-5752.04427
-5758.88995
-5752.51281
-5741.15950
-5755.31731
-5736.25998
-5762.15920
-5769.52240
-5754.25699
-5748.96973
-5732.53312
-5750.84792
-5733.34718
-5735.45795
-5730.50197
-5733.87113
-5729.43726
-5710.80065
-5739.58474
-5719.33107
-5715.58576
-5748.25094
-5728.00485
-5734.20713
-5743.03831
-5734.11400
-5734.50758
-5761.55230
-5741.71343
-5735.15187
-5741.23065
-5732.91608
-5713.73119
-5717.73687
-5715.00058
-5715.55174
-5733.87278
-5740.60319
-5744.21697
-5722.02613
-5720.19249
-5722.42527
-5727.13321
-5719.07711
-5725.36134
-5722.79912
-5740.64167
-5752.34725
-5735.85691
-5743.26434
-5739.75405
-5732.75197
-5751.24628
-5772.76767
-5752.32934
-5733.46376
-5734.59621
-5757.95021
-5734.32627
-5755.21733
-5748.34173
-5770.08368
-5754.42616
-5726.63089
-5736.91905
-5753.88049
-5743.36329
-5754.76904
-5753.65417
-5741.26561
-5742.88476
-5744.28000
-5725.39167
-5736.09306
-5752.22307
-5741.82376
-5713.51872
-5728.02252
-5725.69385
-5737.83911
-5722.49667
-5742.31669
-5752.61110
-5768.95191
-5764.09243
-5751.46832
-5760.24060
-5735.32372
-5729.92854
-5730.30077
-5713.59952
-5741.94195
-5752.29520
-5735.31916
-5756.63703
-5749.80652
-5760.94427
-5758.18923
-5760.68686
-5741.80818
-5755.53198
-5744.36474
-5745.03340
-5743.31332
-5735.96807
-5727.86716
-5720.78524
-5710.15923
-5716.04507
-5720.55097
-5745.73221
-5732.10538
-5718.29040
-5729.59834
-5731.40177
-5727.20637
-5718.47504
-5722.77868
-5729.34217
-5744.57443
-5745.44013
-5768.69863
-5750.91139
-5761.97077
-5771.85082
-5773.77256
-5762.67242
-5787.78562
-5771.86610
-5802.20296
-5775.98178
-5754.39401
-5741.40524
-5703.85761
-5698.77141
-5709.50975
-5714.85125
-5730.51920
-5713.76160
-5703.81915
-5721.42070
-5700.17134
-5739.21319
-5744.14677
-5744.60588
-5738.27884
-5728.00725
-5725.85850
-5736.20692
-5724.96760
-5754.77955
-5754.87164
-5740.44643
-5744.42635
-5782.74831
-5757.95345
-5758.32942
-5756.88850
-5754.38692
-5757.73105
-5754.74952
-5742.16091
-5748.58134
-5740.17479
-5722.80912
-5723.84529
-5729.83504
-5711.52987
-5717.52674
-5759.53679
-5759.63979
-5750.79078
-5711.64739
-5734.14609
-5750.55492
-5728.45788
-5754.56051
-5750.56962
-5738.48325
-5755.59558
-5751.08814
-5751.40089
-5760.10177
-5748.60958
-5756.28309
-5714.06333
-5735.26145
-5727.88180
-5729.64563
-5745.15545
-5734.43453
-5728.68235
-5724.60286
-5756.39575
-5744.85830
-5734.20923
-5766.03867
-5753.96687
-5760.83590
-5776.79840
-5752.37895
-5739.85688
-5753.51252
-5754.22210
-5741.33359
-5731.90196
-5710.76860
-5728.46520
-5700.13275
-5719.02565
-5730.59275
-5742.02372
-5751.93965
-5766.52396
-5761.22893
-5739.08378
-5714.27228
-5726.07365
-5715.97430
-5716.44764
-5746.29770
-5751.50171
-5766.41043
-5734.28426
-5719.25238
-5741.98715
-5718.01791
-5699.92023
-5721.90538
-5731.58897
-5734.81481
-5711.67186
-5697.23112
-5703.68365
-5711.98980
-5726.31690
-5744.55465
-5755.76652
-5728.31747
-5760.79833
-5722.54845
-5720.30757
-5721.56197
-5750.69111
-5753.15613
-5774.20142
-5780.70859
-5767.69522
-5744.19676
-5717.54672
-5724.09184
-5744.89218
-5796.15761
-5757.31220
-5732.95000
-5717.97604
-5744.57289
-5784.53965
-5757.23112
-5755.29752
-5765.90427
-5751.07451
-5750.32705
-5760.61746
-5759.22075
-5728.41885
-5701.65302
-5727.51063
-5714.85969
-5744.91157
-5760.75134
-5761.55106
-5737.59512
-5765.27412
-5774.87542
-5763.06978
-5774.37638
-5762.21194
-5764.03400
-5786.27687
-5770.79290
-5749.46685
-5749.23404
-5743.78970
-5746.18087
-5762.86885
-5749.25121
-5778.20152
-5777.36356
-5757.29862
-5767.87329
-5750.63494
-5763.53738
-5763.69606
-5771.87836
-5778.78746
-5732.31216
-5760.67833
-5758.44535
-5768.23309
-5790.26131
-5766.89703
-5757.09439
-5751.15040
-5762.66745
-5765.57015
-5764.17235
-5736.64394
-5769.69233
-5748.23527
-5744.79989
-5732.39568
-5719.20750
-5733.89671
-5742.30207
-5733.20255
-5759.77024
-5761.77229
-5741.42946
-5749.61466
-5724.48576
-5745.96596
-5728.88169
-5722.12105
-5736.13319
-5733.15709
-5755.35763
-5739.50096
-5781.98801
-5762.85285
-5775.34555
-5773.97592
-5777.94823
-5751.06876
-5731.67553
-5738.67989
-5724.28246
-5741.51954
-5732.26828
-5749.98942
-5724.70760
-5751.01311
-5745.08866
-5747.36858
-5734.66263
-5720.58636
-5734.71479
-5755.47127
-5752.72759
-5767.07504
-5777.28926
-5796.09797
-5792.27741
-5792.62872
-5779.01958
-5761.66482
-5757.85130
-5736.33618
-5762.74746
-5761.46216
-5764.90021
-5742.53845
-5758.39073
-5763.59624
-5757.53362
-5741.93132
-5738.82103
-5740.71071
-5736.06544
-5729.19714
-5740.84374
-5748.87659
-5750.77566
-5706.87764
-5693.46428
-5709.08094
-5740.69264
-5746.76428
-5745.54557
-5740.22400
-5755.43605
-5709.78581
-5693.25222
-5718.83023
-5711.76983
-5716.83265
-5722.31646
-5694.17138
-5710.63315
-5721.82584
-5746.38599
-5740.54626
-5741.31765
-5736.23392
-5710.48765
-5718.06222
-5738.39325
-5741.75632
-5717.78747
-5751.96551
-5731.75560
-5729.00818
-5703.43752
-5711.47060
-5725.79590
-5740.97187
-5772.67826
-5777.51783
-5759.28111
-5727.91933
-5707.75854
-5722.26617
-5750.80780
-5748.57796
-5761.21788
-5776.97489
-5750.81145
-5738.72925
-5761.82068
-5719.29720
-5703.18668
-5718.57655
-5683.23445
-5693.12300
-5733.20814
-5755.33181
-5702.35005
-5742.54929
-5732.19596
-5715.25064
-5726.31221
-5733.06989
-5738.74244
-5747.73784
-5758.35406
-5723.08099
-5704.43279
-5726.29881
-5741.54743
-5733.92212
-5739.36436
-5717.67748
-5749.65529
-5712.97851
-5714.13421
-5739.05979
-5745.38030
-5732.60179
-5752.26546
-5767.55782
-5769.15969
-5745.75688
-5744.87205
-5734.76922
-5730.11683
-5724.66851
-5734.38643
-5738.60140
-5741.13551
-5735.05551
-5722.55089
-5746.39974
-5748.29631
-5774.61706
-5753.36913
-5781.07928
-5775.64055
-5762.81059
-5749.00830
-5756.67587
-5761.87099
-5764.78639
-5754.07906
-5727.94943
-5761.70969
-5757.02595
-5725.09218
-5733.10155
-5718.28599
-5697.32823
-5739.23858
-5735.87285
-5763.79471
-5722.53096
-5717.32762
-5689.75884
-5690.84777
-5707.72481
-5693.35878
-5669.30410
-5710.53324
-5702.37113
-5710.39474
-5749.14206
-5746.94159
-5731.34377
-5708.12304
-5737.25636
-5752.47497
-5748.95836
-5770.17449
-5785.62890
-5778.55420
-5777.27271
-5733.64204
-5717.24962
-5718.70881
-5728.02124
-5740.59184
-5742.17859
-5731.55174
-5722.68823
-5715.59104
-5717.36202
-5709.05573
-5706.38796
-5718.92287
-5735.30820
-5752.77297
-5732.79198
-5738.68821
-5725.49538
-5746.90430
-5739.18648
-5753.58961
-5736.93124
-5727.79390
-5702.35892
-5735.04825
-5732.00745
-5733.58480
-5771.99733
-5782.14361
-5802.94302
-5796.59112
-5769.45989
-5751.80772
-5747.75373
-5736.23947
-5747.50008
-5743.05442
-5741.89495
-5741.31765
-5700.38307
-5728.35488
-5711.04686
-5737.47269
-5747.29367
-5750.22327
-5760.62131
-5744.19297
-5748.52905
-5785.99728
-5785.69499
-5765.01097
-5723.01046
-5703.96597
-5697.64970
-5691.29658
-5712.13747
-5730.06735
-5725.68621
-5746.80199
-5756.01356
-5751.44398
-5744.62880
-5725.25111
-5699.49035
-5693.53096
-5714.41243
-5738.69625
-5740.21779
-5723.68076
-5723.88164
-5741.99359
-5736.09217
-5728.72227
-5744.37115
-5751.16634
-5747.88422
-5743.04480
-5725.31407
-5742.89213
-5748.10037
-5740.74026
-5741.83479
-5718.92254
-5694.63195
-5680.19902
-5736.00980
-5741.19664
-5711.17905
-5705.53079
-5740.75845
-5753.95078
-5743.98079
-5778.78650
-5766.11499
-5763.81227
-5733.72046
-5743.97617
-5722.42469
-5735.07012
-5736.08169
-5719.11284
-5712.22880
-5692.84582
-5731.85963
-5759.04199
-5740.66657
-5746.81571
-5727.59473
-5749.05765
-5738.40408
-5728.78293
-5746.64317
-5740.31725
-5763.37073
-5785.62128
-5765.49112
-5783.94464
-5787.15469
-5756.75468
-5738.29928
-5732.69121
-5739.59952
-5759.35104
-5754.89006
-5766.42250
-5761.93169
-5763.96282
-5754.37156
-5764.45287
-5761.46022
-5745.90206
-5768.74646
-5751.89533
-5766.30749
-5777.90065
-5759.77446
-5748.78989
-5735.23862
-5746.75649
-5717.66315
-5712.76012
-5742.54073
-5723.32314
-5727.03883
-5732.49491
-5730.02156
-5732.37362
-5744.83421
-5747.96455
-5765.72696
-5715.53003
-5702.06255
-5715.48469
-5732.78737
-5742.21342
-5732.59914
-5714.60580
-5669.26204
-5687.98051
-5680.41284
-5731.25409
-5710.31750
-5706.21594
-5709.22224
-5705.86727
-5662.74323
-5695.19098
-5700.44684
-5704.75104
-5729.29560
-5746.20312
-5742.70522
-5740.71306
-5747.24996
-5755.79914
-5750.67387
-5758.82585
-5749.89512
-5715.07538
-5724.88840
-5705.04210
-5688.57571
-5712.44355
-5708.35308
-5714.45182
-5734.18922
-5723.42474
-5743.04856
-5746.68926
-5729.38562
-5713.72663
-5744.42862
-5731.43455
-5713.34338
-5706.92265
-5746.06391
-5749.22456
-5728.01653
-5758.08974
-5751.56138
-5762.29715
-5735.34586
-5733.09575
-5733.02397
-5747.48868
-5767.82420
-5773.28718
-5748.24207
-5723.25851
-5733.03799
-5739.19779
-5722.84820
-5739.83653
-5748.32866
-5760.27188
-5789.77965
-5758.11796
-5759.26273
-5752.15076
-5777.38646
-5747.24414
-5706.33766
-5725.29028
-5718.24911
-5723.37740
-5756.08246
-5741.18853
-5751.19073
-5754.07369
-5762.95388
-5777.29048
-5780.54185
-5757.97587
-5772.04170
-5768.19277
-5748.86182
-5715.17945
-5717.54598
-5717.25030
-5717.22458
-5730.11519
-5718.97599
-5735.15118
-5719.51016
-5689.94761
-5699.01743
-5688.88578
-5688.91760
-5723.22262
-5744.46827
-5723.60065
-5762.96400
-5779.46467
-5758.89480
-5735.85201
-5741.29974
-5738.92390
-5750.70533
-5759.02416
-5730.84094
-5741.30243
-5727.71795
-5712.39976
-5720.87222
-5715.91926
-5732.94514
-5722.01253
-5743.17262
-5769.99922
-5720.06326
-5695.16257
-5655.50897
-5676.11769
-5710.89735
-5740.10884
-5752.83167
-5759.23639
-5757.37242
-5731.72626
-5730.53242
-5726.50538
-5713.54330
-5698.06266
-5711.00886
-5709.42563
-5712.35111
-5695.59395
-5706.46570
-5714.60165
-5747.88210
-5749.86910
-5738.01506
-5767.29135
-5781.39170
-5781.94154
-5754.48347
-5745.60408
-5753.86603
-5725.27432
-5742.99539
-5740.64051
-5731.26747
-5737.32013
-5733.73181
-5753.83934
-5733.23162
-5754.70581
-5747.54198
-5723.51924
-5719.08176
-5742.77649
-5735.74687
-5721.55992
-5720.09627
-5719.25615
-5714.17571
-5712.17907
-5748.35453
-5741.61565
-5762.74631
-5766.21061
-5780.32427
-5771.84189
-5743.78753
-5744.11254
-5761.51000
-5761.49443
-5779.32962
-5754.89891
-5761.68454
-5797.94130
-5758.25749
-5770.04544
-5751.95587
-5753.93071
-5771.92135
-5744.25985
-5742.74402
-5736.55417
-5728.64899
-5713.30946
-5689.90118
-5723.05905
-5707.07747
-5705.09772
-5734.31052
-5748.74555
-5770.83506
-5771.02797
-5768.95033
-5762.08932
-5767.51116
-5780.09834
-5748.04760
-5739.15871
-5771.79480
-5759.39747
-5751.90533
-5754.28278
-5732.07773
-5705.15278
-5689.92560
-5730.19195
-5751.42608
-5739.45789
-5755.70276
-5760.08373
-5747.82003
-5737.94250
-5764.47645
-5744.98695
-5729.60659
-5756.23904
-5730.73108
-5718.03297
-5720.42461
-5702.61961
-5684.68033
-5722.10751
-5729.98065
-5708.51196
-5713.56326
-5722.32923
-5716.77995
-5718.63635
-5714.47825
-5712.51065
-5744.92433
-5750.78479
-5729.96950
-5714.20148
-5721.02447
-5726.86511
-5699.26804
-5740.59540
-5714.36382
-5681.66382
-5745.17817
-5756.42888
-5747.65349
-5745.93323
-5756.30987
-5769.31352
-5739.59970
-5740.00225
-5721.18076
-5730.42008
-5749.44587
-5746.50672
-5740.36705
-5747.62041
-5728.38056
-5725.05017
-5737.79253
-5745.19282
-5736.36724
-5725.01792
-5711.01152
-5683.33788
-5689.75971
-5714.11015
-5693.20080
-5698.15546
-5694.00171
-5709.09618
-5684.63366
-5704.93363
-5711.90709
-5717.39928
-5722.79451
-5733.75277
-5740.47461
-5730.97478
-5746.67278
-5727.76670
-5744.92038
-5733.49299
-5736.29102
-5742.48517
-5763.36965
-5782.90083
-5801.13471
-5782.34557
-5788.32404
-5785.41140
-5750.12018
-5749.93211
-5777.24056
-5772.20284
-5754.68210
-5724.24961
-5736.50580
-5745.64673
-5772.18787
-5754.35780
-5734.72948
-5744.69106
-5732.04723
-5723.70997
-5706.60438
-5706.67552
-5699.07188
-5734.35526
-5722.79109
-5734.48011
-5762.16641
-5760.60375
-5744.41247
-5744.94259
-5732.56869
-5690.31927
-5694.95533
-5728.65662
-5712.22222
-5724.98399
-5755.90739
-5727.24968
-5727.89721
-5733.90568
-5702.28642
-5697.12077
-5712.59466
-5710.06794
-5718.68973
-5737.76116
-5736.16423
-5741.07688
-5733.95326
-5741.89110
-5742.96686
-5726.63091
-5687.85974
-5701.98182
-5740.45869
-5764.86350
-5754.82811
-5754.70293
-5743.13078
-5754.88220
-5767.37381
-5765.15334
-5748.02753
-5739.65008
-5735.71877
-5766.41535
-5779.48438
-5763.55273
-5759.00296
-5774.60796
-5750.54745
-5756.82833
-5741.50691
-5727.10149
-5738.97902
-5730.58044
-5734.87241
-5697.80234
-5701.34574
-5723.04276
-5725.38554
-5734.42769
-5723.07640
-5727.75786
-5723.75414
-5728.70324
-5721.41411
-5736.44864
-5731.33377
-5747.14343
-5763.38465
-5762.87852
-5791.97358
-5787.90757
-5783.56505
-5736.09636
-5753.39394
-5741.14364
-5735.63937
-5743.16400
-5735.08100
-5737.55202
-5705.89644
-5702.11693
-5717.03488
-5708.25233
-5703.10431
-5707.15291
-5735.34881
-5747.91497
-5753.98589
-5778.71591
-5791.21362
-5766.47187
-5778.05844
-5791.84060
-5796.15398
-5765.08705
-5747.08837
-5730.26223
-5729.07823
-5757.12753
-5754.50276
-5776.96600
-5790.18053
-5784.77765
-5762.15845
-5764.34099
-5772.33908
-5784.38323
-5774.65211
-5760.28494
-5727.63598
-5753.59690
-5728.77350
-5745.83718
-5751.91996
-5757.54989
-5760.96511
-5727.36023
-5720.19996
-5723.87547
-5728.27689
-5712.86699
-5683.31439
-5717.17758
-5735.75070
-5706.04334
-5724.58623
-5744.63958
-5735.30927
-5723.83331
-5721.75786
-5707.82213
-5722.81904
-5748.19427
-5750.23972
-5750.10114
-5761.29629
-5762.96254
-5749.86297
-5767.38801
-5734.03877
-5738.44966
-5732.36316
-5733.59840
-5727.90664
-5707.69173
-5703.88651
-5690.84000
-5710.79336
-5727.84379
-5722.61028
-5755.87960
-5723.30161
-5726.27273
-5744.42981
-5747.84111
-5742.20143
-5767.97604
-5781.66780
-5762.87090
-5775.17566
-5773.27843
