-5813.21128
-5791.56560
-5814.45267
-5800.72839
-5829.71318
-5815.53352
-5828.48175
-5811.67082
-5791.78543
-5781.87441
-5772.69867
-5799.28998
-5811.40712
-5816.54697
-5832.79944
-5835.48414
-5832.55188
-5821.27433
-5846.47838
-5842.85297
-5842.87344
-5840.44887
-5812.02819
-5815.20992
-5799.49066
-5786.30041
-5791.45182
-5812.77913
-5827.89615
-5830.55088
-5839.30287
-5839.02733
-5828.29697
-5820.04364
-5818.88953
-5817.01584
-5831.74823
-5817.70961
-5839.65977
-5836.14510
-5838.38367
-5838.95101
-5834.63494
-5857.46460
-5875.07819
-5874.41769
-5876.24434
-5853.06520
-5840.38964
-5853.07073
-5822.40108
-5850.33477
-5846.04203
-5833.38367
-5821.10587
-5800.05745
-5797.12711
-5800.61942
-5785.29338
-5778.50175
-5771.14770
-5784.06955
-5806.32177
-5806.26375
-5784.17388
-5785.53546
-5804.58357
-5795.02480
-5818.15767
-5841.04356
-5837.44078
-5828.47337
-5847.25909
-5830.59759
-5804.54922
-5823.98965
-5819.97031
-5816.39090
-5815.36537
-5828.17273
-5814.80976
-5804.31766
-5823.79749
-5818.76096
-5836.62792
-5818.30231
-5830.95803
-5803.16709
-5816.68371
-5819.19820
-5846.40152
-5858.90109
-5842.59081
-5833.19414
-5856.45536
-5839.17551
-5846.27864
-5836.82530
-5836.33446
-5814.54636
-5817.16808
-5828.65361
-5844.90462
-5827.95775
-5835.43866
-5811.15424
-5819.55393
-5826.16390
-5834.71998
-5835.54609
-5829.50014
-5840.88826
-5833.77226
-5827.92915
-5822.43729
-5820.76097
-5832.80281
-5824.50892
-5816.07744
-5804.67710
-5809.10049
-5822.84593
-5813.24033
-5814.25958
-5820.23867
-5836.50248
-5843.49665
-5823.50834
-5805.71564
-5819.14742
-5809.31006
-5822.81965
-5826.85354
-5835.40450
-5818.78393
-5819.80583
-5811.92483
-5804.20211
-5812.94860
-5809.25442
-5815.55620
-5814.00596
-5783.93530
-5798.47370
-5796.11783
-5814.72431
-5834.95182
-5821.37336
-5823.11791
-5809.84057
-5825.85321
-5816.40558
-5826.60546
-5807.56167
-5808.21399
-5821.31196
-5822.15881
-5824.84934
-5789.42893
-5785.73379
-5800.13152
-5813.62238
-5839.12640
-5830.85364
-5827.07603
-5797.33364
-5780.80374
-5778.26946
-5755.77071
-5762.42641
-5786.10580
-5795.25862
-5774.54749
-5763.72591
-5785.45866
-5784.57052
-5813.62726
-5804.95504
-5792.93450
-5824.91623
-5833.74108
-5858.56740
-5829.72374
-5815.41151
-5807.31591
-5798.18699
-5804.53772
-5815.79138
-5830.53696
-5861.60044
-5848.27363
-5836.13939
-5839.09406
-5834.33627
-5819.66164
-5826.56973
-5822.01075
-5815.79122
-5829.69636
-5825.63311
-5812.00609
-5795.96920
-5810.75316
-5807.78550
-5801.50507
-5809.42735
-5815.15665
-5826.94513
-5790.36988
-5776.28808
-5757.37725
-5798.90324
-5829.46562
-5854.70282
-5842.39224
-5841.12951
-5844.98757
-5852.92164
-5858.12436
-5841.52954
-5846.60601
-5830.54110
-5835.45050
-5839.54168
-5838.11024
-5846.06467
-5819.95835
-5826.87160
-5808.28433
-5798.20954
-5819.94347
-5826.63514
-5832.83557
-5834.28313
-5815.13250
-5792.67122
-5798.92770
-5798.52063
-5801.90258
-5812.85110
-5801.44273
-5805.96074
-5804.69266
-5802.19453
-5819.01002
-5819.38765
-5818.21316
-5781.86557
-5805.55768
-5804.74107
-5807.37713
-5779.41177
-5796.38177
-5780.57380
-5805.00052
-5817.25698
-5811.72320
-5832.25945
-5827.11466
-5797.12927
-5797.97803
-5794.34239
-5809.52395
-5808.02910
-5806.24642
-5814.38518
-5832.70166
-5822.93492
-5795.01327
-5797.98491
-5776.84199
-5785.68927
-5792.10920
-5812.34055
-5825.18305
-5819.43782
-5790.75247
-5791.02979
-5791.99794
-5761.25383
-5776.89757
-5814.03225
-5824.03457
-5820.33835
-5823.59293
-5847.73498
-5819.48679
-5825.65518
-5799.42554
-5800.61973
-5820.19511
-5808.94530
-5818.16516
-5801.91389
-5786.81515
-5797.25890
-5794.81012
-5809.15442
-5793.67071
-5804.32148
-5805.41718
-5812.50081
-5811.37374
-5813.67455
-5850.94000
-5848.77842
-5844.59743
-5858.73106
-5859.22640
-5853.64181
-5831.91530
-5840.92923
-5852.15789
-5861.52613
-5866.96751
-5856.18337
-5861.72558
-5847.68892
-5845.01157
-5850.33533
-5833.58607
-5845.02349
-5851.58961
-5816.75694
-5806.63954
-5830.89545
-5838.42055
-5863.68574
-5868.28289
-5848.99023
-5842.66386
-5824.42531
-5816.60141
-5799.30023
-5812.13075
-5813.03998
-5795.42336
-5810.35430
-5805.98159
-5828.03185
-5829.50328
-5845.10074
-5860.95970
-5836.06791
-5825.91898
-5811.46526
-5844.75529
-5842.24454
-5842.74438
-5838.76073
-5855.79632
-5849.34720
-5849.27956
-5858.57221
-5836.38180
-5845.66238
-5846.34811
-5850.79309
-5829.12590
-5847.24378
-5854.82408
-5851.14932
-5838.05968
-5822.03733
-5836.70611
-5810.17634
-5817.14116
-5791.42435
-5807.71981
-5803.73856
-5795.16373
-5823.50972
-5813.38774
-5810.07528
-5825.77941
-5827.26807
-5816.08983
-5828.17971
-5823.76384
-5818.22493
-5819.75046
-5838.30972
-5792.85809
-5799.26456
-5792.58801
-5820.30285
-5817.43097
-5816.36136
-5831.90352
-5817.60420
-5823.62617
-5811.11608
-5827.58697
-5821.30773
-5822.18549
-5828.47291
-5813.86184
-5823.33851
-5817.59395
-5811.49522
-5787.64837
-5805.77547
-5814.45941
-5801.98851
-5791.36089
-5786.00370
-5778.53601
-5791.57677
-5802.15141
-5804.61032
-5801.44614
-5789.32720
-5824.98806
-5817.14617
-5822.39655
-5814.00896
-5817.23236
-5839.75383
-5823.81958
-5800.79198
-5807.65914
-5788.40888
-5815.32360
-5830.05610
-5842.31413
-5850.60985
-5840.58680
-5835.01668
-5822.58784
-5822.30432
-5814.12055
-5801.54146
-5794.76006
-5791.32595
-5817.63805
-5802.90730
-5811.76157
-5821.64336
-5840.92606
-5843.98207
-5850.75905
-5845.35765
-5860.31685
-5827.09579
-5822.62805
-5834.49883
-5842.25287
-5830.30887
-5798.97718
-5812.40570
-5817.19824
-5835.73017
-5827.23724
-5818.26399
-5802.12603
-5800.88216
-5823.68551
-5808.14928
-5785.95169
-5787.75390
-5792.65620
-5800.66149
-5801.84760
-5795.84495
-5797.58155
-5812.52069
-5788.42439
-5751.62034
-5787.54793
-5791.36900
-5813.18033
-5793.00654
-5806.32424
-5829.03580
-5832.24166
-5848.82833
-5858.22868
-5843.64323
-5820.53397
-5834.78413
-5814.03749
-5846.10267
-5823.79816
-5842.48706
-5821.82605
-5833.78999
-5829.97216
-5815.70864
-5804.58726
-5788.17072
-5793.81369
-5830.26903
-5820.72931
-5821.56498
-5820.22839
-5803.59083
-5815.13685
-5814.39309
-5814.22536
-5815.05022
-5830.23148
-5816.61983
-5829.31065
-5796.26544
-5774.96852
-5766.63788
-5802.54154
-5782.88479
-5811.04076
-5795.80632
-5823.26938
-5831.86735
-5843.86175
-5827.84671
-5821.17084
-5848.86733
-5845.21565
-5848.94960
-5848.87848
-5842.91469
-5846.08238
-5806.63444
-5805.80583
-5824.84858
-5846.17703
-5841.19960
-5819.01201
-5837.89448
-5850.22244
-5854.86864
-5839.55313
-5843.43907
-5829.65206
-5824.62871
-5846.60773
-5839.45089
-5853.57156
-5847.25538
-5850.88048
-5851.43186
-5840.58282
-5835.88458
-5857.94606
-5849.25692
-5815.03112
-5822.14654
-5818.00202
-5811.82431
-5835.15146
-5844.51695
-5832.78530
-5841.36885
-5837.76082
-5829.11864
-5837.46713
-5836.00098
-5845.80895
-5852.07490
-5834.80649
-5847.40007
-5849.19812
-5859.31420
-5825.50067
-5807.29950
-5773.39240
-5811.89703
-5799.02215
-5781.41726
-5796.17632
-5793.35981
-5782.51248
-5807.44553
-5788.38304
-5817.19582
-5818.84693
-5797.84040
-5794.95125
-5802.20400
-5810.37290
-5824.42886
-5802.22774
-5805.34814
-5799.75577
-5813.62636
-5787.71011
-5800.49588
-5808.02654
-5826.73551
-5839.33776
-5830.65975
-5811.35785
-5812.70991
-5813.01877
-5824.37860
-5811.67279
-5818.71171
-5823.15830
-5828.22747
-5838.13503
-5830.28265
-5835.47949
-5827.59304
-5821.63036
-5846.22060
-5828.36216
-5805.95215
-5789.39281
-5792.79593
-5810.45687
-5825.48497
-5826.96040
-5833.29338
-5857.44148
-5836.99588
-5841.50362
-5858.12361
-5852.82950
-5854.48118
-5858.60975
-5836.96770
-5848.61394
-5859.33985
-5837.61316
-5827.50409
-5839.80894
-5841.60233
-5851.20261
-5840.79545
-5832.42133
-5802.83326
-5798.75881
-5822.01464
-5811.83349
-5813.46968
-5805.89841
-5832.19213
-5834.35327
-5830.02118
-5818.63218
-5811.23065
-5821.53419
-5821.29350
-5825.96419
-5821.64619
-5798.73551
-5815.64585
-5810.57881
-5799.78062
-5801.03216
-5798.82082
-5813.20966
-5778.73179
-5788.66262
-5811.04183
-5813.28956
-5799.16892
-5787.83047
-5815.95364
-5831.91792
-5816.11325
-5812.82916
-5835.46008
-5835.13542
-5835.62802
-5856.77328
-5857.26836
-5829.78989
-5829.11838
-5825.78524
-5827.76783
-5816.69676
-5808.86016
-5820.63534
-5827.51193
-5796.47689
-5787.33928
-5829.36405
-5838.68260
-5835.19613
-5852.20449
-5826.03946
-5834.05465
-5834.91835
-5834.83788
-5835.33020
-5851.57330
-5860.96429
-5857.72126
-5867.50755
-5863.91860
-5851.20343
-5858.98674
-5872.16362
-5862.09910
-5846.38539
-5838.22155
-5843.89574
-5850.52937
-5845.53906
-5845.59717
-5853.20073
-5854.27084
-5843.30069
-5829.74611
-5818.23782
-5839.53261
-5821.46802
-5822.08977
-5834.66834
-5861.35204
-5856.62971
-5840.57855
-5862.15111
-5859.99605
-5859.96102
-5853.56475
-5851.79389
-5838.02031
-5850.87792
-5851.67450
-5870.64608
-5827.85435
-5844.16631
-5851.47049
-5843.92522
-5835.78876
-5835.47016
-5814.27988
-5818.22670
-5829.41429
-5851.67342
-5855.32779
-5858.93392
-5868.36136
-5861.18069
-5866.75354
-5856.90349
-5825.46324
-5852.87230
-5836.97014
-5832.13181
-5830.29119
-5816.30629
-5813.04222
-5791.38709
-5800.74430
-5785.05735
-5797.91073
-5814.04747
-5826.44131
-5809.94751
-5797.82736
-5800.09311
-5819.88392
-5811.96737
-5816.86171
-5802.38762
-5800.79449
-5812.73694
-5776.61090
-5783.08137
-5803.57024
-5791.40069
-5814.16245
-5814.35632
-5790.84070
-5810.74595
-5811.93574
-5812.61426
-5809.58926
-5812.56663
-5837.02762
-5843.50639
-5826.62554
-5819.11766
-5819.70800
-5816.44782
-5805.22835
-5793.16381
-5790.66492
-5779.83569
-5819.17743
-5790.50841
-5780.22554
-5788.09716
-5782.96378
-5769.30626
-5783.32446
-5790.09447
-5792.26384
-5767.10520
-5793.45313
-5770.03128
-5796.01390
-5813.44539
-5817.56822
-5802.57072
-5814.87541
-5824.05046
-5798.85734
-5803.70897
-5816.92156
-5808.91983
-5788.22747
-5772.32898
-5786.41016
-5810.83158
-5795.53108
-5765.26388
-5763.14750
-5759.31759
-5790.29855
-5767.06225
-5799.15750
-5791.35754
-5787.15663
-5797.84062
-5824.39118
-5819.97791
-5822.28183
-5841.61899
-5842.68848
-5845.91045
-5821.35519
-5810.82085
-5809.16143
-5799.37635
-5796.59007
-5803.34367
-5818.68108
-5814.23703
-5818.46891
-5820.07588
-5836.80333
-5840.17756
-5819.02439
-5824.53880
-5796.16759
-5803.79849
-5822.81375
-5823.05412
-5809.28799
-5828.67166
-5824.98180
-5810.33736
-5803.66335
-5796.02688
-5790.29862
-5795.07090
-5808.72691
-5790.73093
-5786.46285
-5811.35030
-5824.59194
-5824.72756
-5823.39961
-5825.12911
-5799.15234
-5814.10921
-5833.25567
-5817.60472
-5810.22138
-5789.09527
-5812.75668
-5818.37176
-5832.44751
-5828.54878
-5826.91096
-5806.99686
-5823.75651
-5822.32643
-5804.01419
-5805.88766
-5815.77985
-5805.50443
-5781.94565
-5806.64051
-5820.67265
-5812.34495
-5817.10181
-5816.36720
-5814.27855
-5804.81268
-5772.46289
-5771.53212
-5792.25570
-5768.36781
-5793.75364
-5792.82447
-5797.92629
-5810.33316
-5819.69871
-5819.31651
-5836.57332
-5842.75741
-5847.23501
-5850.20003
-5849.16211
-5837.63305
-5834.57197
-5830.50597
-5828.11988
-5822.52889
-5829.52004
-5801.87302
-5784.76223
-5758.23216
-5801.11965
-5817.23130
-5826.89685
-5807.44999
-5822.27325
-5818.90534
-5831.44144
-5805.46730
-5814.59193
-5811.54088
-5824.59044
-5831.09626
-5823.31300
-5826.14644
-5824.30640
-5833.13060
-5827.10594
-5789.69171
-5793.33330
-5783.32838
-5804.54968
-5795.10477
-5810.75714
-5809.06480
-5811.18918
-5809.93165
-5814.72703
-5817.78073
-5825.41217
-5825.42440
-5794.73457
-5803.23302
-5807.21681
-5814.53933
-5794.68333
-5791.90585
-5804.40012
-5804.65991
-5797.80393
-5799.94490
-5800.05308
-5818.44438
-5818.75020
-5808.50688
-5816.27925
-5832.74595
-5825.47795
-5839.19597
-5850.93524
-5835.31147
-5829.51395
-5802.62847
-5830.73259
-5822.23689
-5835.40479
-5834.53713
-5833.25401
-5843.12872
-5845.17876
-5841.53239
-5840.20965
-5848.90804
-5848.27389
-5860.51566
-5862.83438
-5847.44167
-5845.81792
-5849.61495
-5858.69186
-5852.98617
-5826.43515
-5859.92371
-5853.76221
-5846.41407
-5846.15832
-5860.31530
-5856.70526
-5857.80215
-5839.22254
-5858.81748
-5860.59346
-5847.64697
-5867.18890
-5877.12068
-5875.75207
-5863.60285
-5835.83971
-5835.26399
-5816.94965
-5805.76836
-5814.96235
-5834.57239
-5823.71535
-5830.41820
-5813.45835
-5839.93518
-5826.24138
-5813.30507
-5801.69659
-5789.23294
-5811.35430
-5828.04762
-5842.67609
-5851.13389
-5851.04736
-5844.91536
-5849.00803
-5851.65266
-5842.53473
-5832.80997
-5820.81924
-5813.01523
-5804.58423
-5820.82940
-5817.53415
-5842.30790
-5826.81358
-5840.74852
-5799.25306
-5820.15302
-5811.65118
-5810.31036
-5814.27430
-5810.94200
-5832.08298
-5816.89656
-5784.65830
-5810.85095
-5793.68787
-5813.09443
-5809.64789
-5799.48688
-5806.16383
-5812.16482
-5805.93700
-5805.37179
-5809.15341
-5779.36364
-5783.34852
-5804.47931
-5796.46176
-5824.31768
-5811.85299
-5821.83152
-5825.17438
-5797.49105
-5776.55039
-5806.16147
-5810.55281
-5812.65579
-5812.02187
-5810.30942
-5837.87374
-5814.55977
-5810.57673
-5827.48939
-5824.78506
-5827.61297
-5846.90330
-5816.19669
-5832.20380
-5804.83726
-5810.44317
-5812.73429
-5826.20281
-5801.19081
-5800.01108
-5818.21542
-5833.66691
-5846.59733
-5825.77009
-5813.62218
-5841.72419
-5841.13940
-5856.84935
-5864.95472
-5876.17863
-5869.55709
-5837.51970
-5854.27150
-5852.60776
-5855.41355
-5824.68234
-5825.25956
-5834.29495
-5842.36599
-5824.29362
-5849.48395
-5856.28590
-5844.71455
-5846.31734
-5861.56491
-5848.51474
-5840.92803
-5812.55465
-5835.16692
-5845.91049
-5813.03227
-5812.54699
-5794.48568
-5824.48853
-5821.17869
-5803.18024
-5807.36318
-5822.91354
-5821.67741
-5847.87617
-5827.82215
-5827.54339
-5798.55051
-5778.01129
-5766.33086
-5776.56748
-5783.98629
-5781.72465
-5788.04895
-5761.28630
-5789.96941
-5767.50824
-5793.71402
-5798.38718
-5801.64471
-5820.15532
-5814.22073
-5828.32395
-5818.73309
-5840.22948
-5844.67131
-5821.50941
-5828.62479
-5838.67267
-5874.81742
-5869.32105
-5864.52857
-5856.23964
-5837.34680
-5847.14693
-5827.94016
-5840.14775
-5827.92948
-5827.87918
-5834.02716
-5834.06846
-5823.73011
-5837.50978
-5802.83225
-5806.40961
-5788.47334
-5808.95904
-5810.40374
-5794.51910
-5788.52910
-5800.83262
-5789.19137
-5816.46472
-5825.95518
-5820.23502
-5810.54414
-5796.09586
-5786.15871
-5815.45535
-5806.53505
-5793.41648
-5796.72416
-5790.92680
-5799.01592
-5802.97515
-5816.81460
-5825.01635
-5811.03095
-5797.06379
-5828.27492
-5815.03569
-5805.95878
-5823.33250
-5804.32616
-5790.90276
-5814.65622
-5805.45677
-5813.77571
-5811.67300
-5825.25326
-5818.78758
-5814.38237
-5809.12985
-5824.79455
-5823.36648
-5822.88834
-5833.57853
-5823.45538
-5841.45615
-5828.11438
-5828.01152
-5824.47407
-5785.73296
-5800.62688
-5806.09417
-5802.73594
-5809.58389
-5800.38033
-5815.87638
-5827.36702
-5847.40907
-5829.42540
-5817.97226
-5804.62332
-5811.87324
-5791.32840
-5800.68858
-5819.10144
-5839.09682
-5845.78610
-5864.39568
-5833.70200
-5837.34199
-5829.03232
-5847.83078
-5866.94314
-5859.42692
-5854.28763
-5839.82467
-5866.00500
-5890.25946
-5897.76124
-5875.71514
-5865.14238
-5846.53221
-5848.21050
-5848.45074
-5862.13908
-5831.64707
-5827.20242
-5855.35041
-5857.13106
-5862.01044
-5876.31283
-5877.83764
-5886.65973
-5881.11688
-5872.40270
-5861.94614
-5842.90947
-5826.93647
-5838.70211
-5817.28073
-5840.19800
-5832.86731
-5841.32473
-5833.56059
-5844.86967
-5821.11093
-5827.07575
-5803.24419
-5815.67718
-5825.52405
-5795.84263
-5782.69261
-5789.12974
-5800.04456
-5806.30085
-5822.82518
-5828.09657
-5832.97644
-5822.10403
-5816.13630
-5829.50679
-5828.18288
-5822.23940
-5845.15649
-5848.68451
-5848.08964
-5842.59242
-5845.57499
-5847.23675
-5854.05901
-5827.37335
-5838.48878
-5842.95319
-5838.58206
-5841.12977
-5841.12743
-5857.46869
-5851.96230
-5844.24152
-5838.80813
-5841.30855
-5846.26069
-5855.63820
-5829.00383
-5842.57304
-5832.18710
-5833.21852
-5821.53653
-5857.22304
-5860.09925
-5856.97102
-5879.69516
-5877.58526
-5866.84131
-5858.69887
-5846.86605
-5853.60272
-5862.44239
-5837.52481
-5858.53368
-5868.26161
-5854.69982
-5860.20464
-5831.58122
-5842.08060
-5852.99081
-5840.50828
-5841.38991
-5834.58439
-5865.99709
-5865.88486
-5888.66434
-5889.25272
-5881.11936
-5885.88799
-5872.62943
-5855.82188
-5841.99815
-5824.59759
-5820.64965
-5820.58432
-5836.28728
-5855.29327
-5868.01193
-5865.52483
-5868.67925
-5849.08461
-5848.69633
-5830.92419
-5852.81749
-5854.69680
-5853.29881
-5842.92210
-5841.37306
-5815.04707
-5820.74238
-5851.28436
-5845.32039
-5844.77540
-5843.48445
-5819.34426
-5840.89931
-5848.12164
-5853.74183
-5841.94620
-5857.47657
-5859.02323
-5847.51733
-5826.48146
-5828.48415
-5830.07985
-5832.51921
-5819.16188
-5834.00518
-5809.27750
-5818.94179
-5829.61830
-5825.65233
-5857.88660
-5860.34756
-5848.42726
-5849.07657
-5836.43668
-5789.87389
-5777.50728
-5779.76821
-5785.34805
-5792.26109
-5811.81987
-5828.78876
-5811.35422
-5809.09899
-5807.19578
-5810.94289
-5811.95948
-5828.57194
-5801.92388
-5809.37080
-5817.58727
-5830.67304
-5813.56183
-5813.10808
-5794.30887
-5835.29101
-5809.00793
-5808.99513
-5778.17938
-5810.14098
-5816.62647
-5822.09492
-5798.02078
-5778.13579
-5791.14437
-5796.96708
-5801.82564
-5821.82212
-5826.64155
-5851.05454
-5831.24530
-5819.72529
-5815.47090
-5812.38172
-5838.06311
-5847.67689
-5838.79755
-5842.71207
-5828.52810
-5846.67586
-5842.03705
-5848.79458
-5853.65907
-5838.80314
-5827.53051
-5838.56950
-5828.69503
-5833.57913
-5838.42870
-5857.59404
-5838.23534
-5827.36404
-5838.47874
-5848.83393
-5837.62255
-5840.16658
-5840.76910
-5827.24068
-5805.44592
-5823.58624
-5821.30002
-5816.52434
-5835.55502
-5836.80626
-5822.57046
-5814.97382
-5818.87548
-5831.03375
-5843.03475
-5842.07571
-5812.48775
-5793.21742
-5820.76197
-5842.80659
-5818.53611
-5833.98937
-5828.34854
-5839.52727
-5856.25915
-5829.17807
-5831.46977
-5855.07131
-5850.62085
-5865.23846
-5861.25764
-5833.88863
-5792.67137
-5797.76516
-5800.82891
-5780.66875
-5781.03878
-5807.40288
-5812.80807
-5817.01397
-5825.61104
-5825.52713
-5848.10916
-5800.87740
-5789.44679
-5807.24480
-5784.79882
-5818.59427
-5822.96638
-5825.76583
-5814.12554
-5798.52258
-5787.09760
-5777.46367
-5771.54120
-5790.44523
-5802.22845
-5815.83285
-5795.40857
-5798.60878
-5821.12793
-5799.35626
-5801.28986
-5823.40592
-5834.97304
-5795.50923
-5809.10509
-5789.17209
-5806.49630
-5807.02080
-5767.84957
-5779.93601
-5771.66484
-5807.27447
-5789.19209
-5798.88176
-5804.20513
-5798.11159
-5793.38035
-5770.46277
-5786.85847
-5807.64625
-5814.14457
-5824.32541
-5795.70117
-5803.56286
-5821.42164
-5797.80687
-5790.61430
-5780.61191
-5807.17970
-5810.98957
-5818.60251
-5808.12279
-5810.70500
-5811.64110
-5826.44406
-5801.87326
-5820.85495
-5819.64748
-5824.61513
-5825.43351
-5853.57665
-5835.50120
-5845.00673
-5844.13869
-5824.75897
-5821.76897
-5813.35732
-5793.10041
-5823.10141
-5812.45860
-5824.39486
-5825.77270
-5833.88475
-5808.81953
-5816.51075
-5800.67504
-5789.04492
-5790.54657
-5819.46106
-5815.53920
-5814.18268
-5810.44149
-5812.80628
-5792.62381
-5808.66641
-5826.14203
-5849.89885
-5842.09467
-5852.85566
-5841.30790
-5842.23172
-5849.95383
-5830.07660
-5850.36699
-5868.55502
-5872.41657
-5847.01761
-5852.33505
-5829.29575
-5826.95202
-5822.67916
-5807.70826
-5831.43419
-5835.99306
-5859.66469
-5836.02330
-5823.44976
-5836.38317
-5820.14702
-5802.84507
-5809.79217
-5795.67645
-5789.70654
-5827.69579
-5819.74385
-5823.25605
-5833.74880
-5832.25201
-5816.64181
-5833.30277
-5841.15274
-5857.42676
-5864.45275
-5857.54890
-5841.27589
-5824.93098
-5840.01715
-5836.84835
-5862.38091
-5857.84378
-5865.97068
-5869.16731
-5861.62499
-5848.17030
-5860.78085
-5837.61273
-5850.85295
-5823.95849
-5844.62719
-5829.07593
-5811.35015
-5838.48383
-5836.44816
-5830.13137
-5821.34756
-5835.29318
-5839.82996
-5823.82119
-5807.31508
-5788.72377
-5787.79380
-5816.90418
-5827.59630
-5806.02535
-5829.42354
-5815.23128
-5799.75142
-5802.27467
-5817.74976
-5811.23376
-5803.80415
-5807.41554
-5795.77601
-5814.69881
-5829.96757
-5834.19802
-5817.00273
-5818.97095
-5814.84769
-5830.66965
-5816.18009
-5812.52800
-5818.25743
-5832.56565
-5835.58389
-5848.03022
-5852.88998
-5839.55611
-5824.25876
-5822.87161
-5830.19977
-5835.16186
-5837.35676
-5846.41883
-5815.63381
-5831.68134
-5858.96242
-5860.20525
-5835.03881
-5852.98597
-5855.46589
-5851.17992
-5847.91193
-5833.55736
-5811.35974
-5803.73192
-5797.34854
-5818.78627
-5818.05436
-5818.60575
-5829.68403
-5833.19193
-5840.84408
-5848.80144
-5823.30354
-5837.39133
-5845.84694
-5843.07750
-5826.00449
-5813.71680
-5814.84313
-5799.81759
-5805.22927
-5797.77046
-5816.12026
-5828.37619
-5816.91041
-5815.22803
-5826.50675
-5828.13293
-5839.94905
-5854.30507
-5876.50555
-5895.81338
-5886.50948
-5865.84047
-5849.57272
-5804.65109
-5795.43178
-5828.39994
-5820.47495
-5819.17995
-5813.19138
-5815.89164
-5817.28581
-5848.57649
-5845.64597
-5858.54776
-5858.67034
-5865.23333
-5857.72869
-5856.38746
-5834.10589
-5861.83170
-5852.70781
-5843.25295
-5847.66493
-5833.01287
-5824.90051
-5823.97643
-5836.31593
-5822.61944
-5830.60688
-5839.52630
-5842.39190
-5842.90641
-5844.71151
-5834.95636
-5801.90181
-5814.08829
-5807.16855
-5818.53733
-5811.74795
-5810.75401
-5792.45794
-5821.92108
-5824.54631
-5856.04748
-5865.21948
-5852.59193
-5878.27534
-5865.62880
-5871.05739
-5845.99140
-5838.44136
-5864.53623
-5859.81093
-5865.50390
-5865.04573
-5855.56485
-5864.86032
-5860.27226
-5865.29349
-5858.59734
-5859.95710
-5823.80736
-5847.32592
-5838.60854
-5851.79037
-5837.44758
-5828.90439
-5862.18648
-5855.52218
-5871.36137
-5873.28219
-5862.06387
-5862.27003
-5853.27700
-5859.01095
-5854.70047
-5832.74362
-5822.43876
-5809.15389
-5813.18758
-5824.00252
-5831.89196
-5821.77582
-5818.57622
-5838.70161
-5828.63930
-5836.39793
-5823.86316
-5815.93281
-5835.32945
-5859.21080
-5824.44276
-5804.95778
-5793.51706
-5811.49759
-5827.61388
-5830.47364
-5830.08849
-5859.43542
-5856.04922
-5865.39692
-5857.15434
-5829.69923
-5826.04082
-5800.64930
-5803.64363
-5798.52951
-5781.74571
-5791.60042
-5798.68359
-5808.82043
-5817.98233
-5813.23769
-5812.59745
-5775.15003
-5813.33988
-5797.68216
-5763.49429
-5782.40150
-5789.55679
-5793.37693
-5804.25010
-5805.57301
-5788.64412
-5810.57288
-5802.55505
-5818.83224
-5813.95195
-5812.13782
-5802.56311
-5806.28674
-5821.98977
-5796.12812
-5813.22649
-5805.77210
-5793.34010
-5776.76333
-5784.77899
-5797.41772
-5814.43101
-5807.21636
-5805.50148
-5812.11666
-5831.62407
-5829.57464
-5822.45051
-5818.81042
-5830.38016
-5782.36887
-5790.07407
-5793.06592
-5818.91588
-5815.41117
-5835.63844
-5824.73465
-5826.97389
-5823.97666
-5819.67991
-5852.17751
-5847.03946
-5854.47679
-5858.74147
-5860.35591
-5853.91420
-5837.17612
-5823.15527
-5847.16291
-5822.81990
-5836.24156
-5835.97997
-5810.32441
-5821.25281
-5818.83846
-5815.30748
-5805.02745
-5814.97414
-5829.93370
-5814.33656
-5847.16209
-5798.51546
-5797.44806
-5819.94308
-5805.23018
-5820.90242
-5805.76844
-5806.51631
-5801.80461
-5794.97265
-5821.42881
-5827.02071
-5807.03011
-5828.93182
-5833.47955
-5821.42769
-5836.15123
-5846.15286
-5837.48441
-5841.74585
-5828.46363
-5815.57662
-5819.44603
-5813.17662
-5800.27533
-5799.25304
-5805.01162
-5777.05641
-5767.41243
-5772.13495
-5783.25689
-5821.38700
-5806.48787
-5804.38342
-5797.49118
-5800.87466
-5791.01797
-5808.45346
-5815.66294
-5827.58443
-5805.93501
-5828.87906
-5828.29238
-5841.22291
-5847.12741
-5829.08742
-5828.43124
-5831.99451
-5824.83088
-5823.99659
-5827.19766
-5845.09677
-5818.18165
-5848.70910
-5830.01540
-5838.42173
-5827.13758
-5846.95702
-5851.77953
-5828.66142
-5807.53898
-5821.61681
-5845.82786
-5821.34409
-5810.71106
-5810.34369
-5800.45625
-5803.43156
-5805.15376
-5805.35208
-5830.78201
-5854.10469
-5835.06476
-5836.68291
-5836.57879
-5810.76506
-5789.78065
-5801.51622
-5822.61403
-5814.26609
-5786.92933
-5826.91304
-5847.58465
-5852.82981
-5854.92473
-5858.87669
-5847.16253
-5832.67882
-5827.10165
-5844.80910
-5810.55471
-5798.07757
-5808.43169
-5821.69709
-5823.11021
-5842.43551
-5834.59970
-5800.97420
-5791.60695
-5804.51330
-5820.90228
-5822.53041
-5810.67694
-5811.75427
-5812.09906
-5827.37627
-5792.68705
-5784.65743
-5770.06545
-5784.57110
-5796.99746
-5792.31783
-5822.29100
-5809.58867
-5807.97592
-5814.18281
-5819.35786
-5805.01615
-5809.36028
-5810.12003
-5834.81367
-5836.68838
-5830.35538
-5839.03675
-5849.88554
-5852.20156
-5859.85720
-5865.11873
-5858.87387
-5847.71257
-5850.07282
-5867.20555
-5862.55651
-5846.32359
-5845.77412
-5874.74458
-5864.99774
-5851.90922
-5853.55292
-5833.79354
-5833.21660
-5823.36585
-5828.32209
-5821.47609
-5819.05774
-5829.61297
-5820.97723
-5835.08947
-5820.87490
-5821.40169
-5833.43827
-5868.26403
-5843.23430
-5845.19850
-5855.72400
-5856.39038
-5857.73606
-5860.35653
-5849.71051
-5829.16648
-5846.88144
-5859.18233
-5870.17095
-5857.65383
-5839.72736
-5835.82359
-5821.17556
-5818.67598
-5807.58932
-5817.71265
-5815.58097
-5826.82862
-5832.91036
-5824.17234
-5828.46918
-5813.25430
-5799.33544
-5823.33718
-5828.09837
-5833.31303
-5841.80440
-5844.63605
-5837.82733
-5848.26885
-5835.81172
-5847.67122
-5857.66952
-5850.25329
-5836.72075
-5824.83659
-5859.98515
-5844.19960
-5858.62889
-5858.78787
-5862.48317
-5843.08533
-5845.13896
-5807.68664
-5819.61022
-5819.28636
-5830.42904
-5838.29761
-5841.97402
-5849.74977
-5853.91276
-5830.31223
-5799.09575
-5821.69148
-5825.50203
-5821.35972
-5845.66389
-5848.22028
-5830.43445
-5817.34586
-5823.90931
-5797.33457
-5813.15961
-5820.86374
-5830.41756
-5820.06167
-5844.46158
-5838.45507
-5832.76324
-5848.41284
-5849.59516
-5836.88369
-5839.10463
-5834.66379
-5855.96336
-5854.19935
-5832.41109
-5837.09469
-5842.62639
-5867.55063
-5884.32358
-5874.11727
-5878.38644
-5864.57003
-5852.97507
-5844.04979
-5868.37211
-5855.01200
-5845.84134
-5825.78552
-5847.43634
-5849.76663
-5850.24835
-5866.26477
-5872.33534
-5879.26756
-5864.49574
-5872.05782
-5873.73074
-5859.04420
-5855.59656
-5860.28422
-5853.14028
-5844.04080
-5856.14877
-5875.42840
-5891.04149
-5890.44598
-5889.36208
-5871.63895
-5889.49663
-5842.67183
-5852.06743
-5851.64972
-5859.74665
-5835.37952
-5824.64386
-5816.30863
-5790.34114
-5785.34552
-5803.14278
-5794.80744
-5804.87584
-5835.65726
-5838.49634
-5821.93250
-5839.08804
-5828.96574
-5837.62896
-5818.87300
-5831.39941
-5852.62834
-5835.34254
-5809.06506
-5807.53904
-5806.89060
-5795.08174
-5826.16811
-5829.58493
-5807.06786
-5801.09023
-5797.00303
-5831.23882
-5850.73468
-5860.29280
-5855.80536
-5842.03593
-5827.31331
-5842.72440
-5823.13933
-5820.83030
-5839.25331
-5844.27186
-5854.92654
-5848.19778
-5870.77144
-5849.74738
-5844.69687
-5851.62438
-5864.72779
-5827.58720
-5854.70520
-5858.28567
-5847.43258
-5844.13264
-5848.84914
-5848.77835
-5852.12000
-5850.65973
-5814.67399
-5831.18694
-5806.55547
-5785.27059
-5805.46284
-5823.60517
-5831.74260
-5801.77984
-5801.75020
-5823.90415
-5824.66149
-5826.50252
-5851.31797
-5839.42967
-5846.38185
-5850.32494
-5844.24881
-5843.25112
-5844.01463
-5830.98227
-5827.85855
-5826.75386
-5840.00354
-5841.27738
-5845.38354
-5818.08271
-5824.15918
-5851.56871
-5845.96114
-5832.55346
-5816.93949
-5813.09372
-5830.38100
-5827.46743
-5854.48826
-5859.56693
-5846.67046
-5815.09992
-5812.48491
-5809.73844
-5805.80789
-5805.94349
-5807.04898
-5815.93758
-5830.62503
-5825.07279
-5844.43282
-5827.88617
-5827.54713
-5821.24022
-5828.10114
-5817.98773
-5831.48685
-5827.82101
-5827.52649
-5815.43512
-5796.07271
-5819.09807
-5811.13292
-5826.70296
-5847.93431
-5851.75344
-5862.06634
-5847.21079
-5844.05645
-5825.36408
-5808.02544
-5830.22648
-5840.02221
-5825.26609
-5811.51291
-5846.90661
-5859.45600
-5842.21790
-5848.37361
-5843.47511
-5838.97029
-5828.05371
-5805.86525
-5824.22291
-5817.88589
-5810.58910
-5805.70963
-5789.99156
-5807.30878
-5796.55173
-5781.51328
-5796.22367
-5822.02734
-5842.98899
-5815.08988
-5810.68902
-5817.18601
-5830.05852
-5824.40582
-5805.48961
-5813.57562
-5801.10947
-5795.93983
-5786.94275
-5787.08742
-5798.28584
-5767.28639
-5799.47409
-5804.31731
-5804.23540
-5814.35955
-5800.97485
-5814.39600
-5831.16194
-5848.47586
-5846.11229
-5841.78839
-5830.19760
-5824.09265
-5805.68926
-5797.43140
-5795.11609
-5811.77828
-5825.04826
-5821.74849
-5812.63678
-5797.08336
-5814.42296
-5837.76272
-5816.62625
-5831.19256
-5832.16028
-5813.32458
-5831.19497
-5839.47003
-5828.38766
-5827.31084
-5802.37091
-5806.70890
-5820.88840
-5794.49052
-5828.07239
-5850.07838
-5859.15922
-5831.90716
-5832.49395
-5817.69195
-5795.47367
-5798.65590
-5818.76187
-5822.72081
-5832.67584
-5834.60227
-5839.12364
-5845.75164
-5848.25363
-5843.87434
-5870.92286
-5869.65673
-5856.15110
-5862.91787
-5862.31300
-5871.07419
-5845.47023
-5855.01922
-5837.85564
-5860.06701
-5868.70580
-5879.98318
-5889.34202
-5878.20283
-5893.33290
-5880.13250
-5905.24734
-5900.42011
-5881.10661
-5872.61523
-5862.27909
-5858.92978
-5858.23447
-5849.09715
-5820.96916
-5838.84668
-5846.09741
-5830.63967
-5857.06641
-5835.72400
-5834.56970
-5840.82414
-5840.59372
-5828.75919
-5811.13506
-5826.93855
-5830.12545
-5858.95622
-5850.28942
-5859.88975
-5836.67678
-5817.16989
-5832.80838
-5828.39094
-5841.17879
-5817.52281
-5828.18608
-5829.20331
-5817.92686
-5829.63959
-5808.41680
-5826.46089
-5841.19469
-5855.74873
-5850.29714
-5853.65065
-5861.07773
-5868.04557
-5870.84606
-5897.87530
-5885.50025
-5872.17063
-5862.39715
-5847.72594
-5828.90158
-5838.94713
-5843.05356
-5845.65354
-5856.49838
-5838.88824
-5850.27255
-5861.57685
-5869.84461
-5854.29246
-5846.77978
-5826.72179
-5831.12915
-5837.68893
-5838.82865
-5832.05652
-5829.84279
-5824.01374
-5830.85351
-5840.92165
-5826.46323
-5849.97176
-5842.57403
-5818.22397
-5794.85335
-5819.76270
-5815.26786
-5835.81280
-5835.18219
-5823.95635
-5817.25640
-5807.79863
-5819.53644
-5786.00816
-5805.15572
-5835.34335
-5807.86176
-5820.05207
-5815.16016
-5837.04142
-5839.55198
-5836.36782
-5835.67956
-5843.55802
-5855.79947
-5873.17457
-5871.17363
-5886.60762
-5889.67557
-5868.44192
-5847.10560
-5877.82077
-5867.72843
-5873.75843
-5872.34272
-5869.53248
-5859.02463
-5859.09813
-5891.64857
-5877.25434
-5861.25209
-5868.34943
-5879.86363
-5866.38550
-5830.05044
-5868.51055
-5864.58296
-5851.51580
-5852.19803
-5848.57343
-5841.86311
-5852.18820
-5839.86246
-5810.02112
-5824.85515
-5830.40261
-5859.55393
-5839.09316
-5879.00769
-5870.00047
-5878.50184
-5884.51060
-5863.83558
-5888.71232
-5878.10258
-5839.57307
-5849.41189
-5871.05460
-5872.16286
-5872.48997
-5858.22610
-5834.61016
-5823.17897
-5828.09441
-5819.78704
-5822.89190
-5809.05633
-5812.05520
-5826.64585
-5825.86845
-5806.62867
-5811.61301
-5800.93048
-5804.46480
-5801.88273
-5809.43249
-5799.41227
-5808.19013
-5832.07270
-5843.37779
-5833.01209
-5844.70894
-5837.88038
-5868.05266
-5851.89486
-5852.97888
-5860.28640
-5854.24236
-5823.48919
-5833.09734
-5853.24316
-5836.72202
-5833.92186
-5830.47326
-5826.56647
-5806.50662
-5818.59886
-5817.37062
-5813.21332
-5820.20092
-5820.46058
-5806.79344
-5782.26556
-5796.31653
-5787.47335
-5790.26226
-5815.93067
-5824.48258
-5830.34406
-5843.81288
-5822.64124
-5813.87120
-5824.61619
-5839.75593
-5859.70789
-5857.63845
-5859.71169
-5846.77628
-5867.07307
-5854.33890
-5844.51522
-5808.79227
-5809.58834
-5807.14924
-5832.48860
-5800.64355
-5814.91624
-5819.14739
-5802.54512
-5825.00881
-5847.05949
-5843.56525
-5833.88038
-5821.62795
-5818.81240
-5804.29916
-5803.82524
-5829.24537
-5843.08542
-5838.72750
-5818.53616
-5830.29393
-5822.48093
-5790.96576
-5821.80025
-5810.32115
-5830.25538
-5802.02177
-5821.46630
-5837.03536
-5834.54251
-5843.74544
-5821.59666
-5826.36165
-5837.71824
-5808.93520
-5817.45193
-5793.80377
-5791.69231
-5792.00807
-5789.16019
-5770.86801
-5802.44086
-5794.63153
-5785.01433
-5776.81904
-5802.20638
-5791.74433
-5814.72069
-5822.92790
-5831.75082
-5813.93422
-5804.16461
-5822.39039
-5828.97073
-5824.30148
-5832.14073
-5842.66230
-5831.52489
-5844.01492
-5818.73417
-5830.04583
-5815.49777
-5784.63156
-5790.38065
-5791.71822
-5818.48988
-5819.68835
-5829.89259
-5829.91091
-5783.33015
-5776.83560
-5787.64301
-5807.46832
-5838.06035
-5802.46586
-5805.73940
-5807.88692
-5824.38221
-5823.58469
-5816.23617
-5818.53366
-5826.97464
-5831.07958
-5847.48843
-5839.99578
-5815.22402
-5815.73928
-5826.00334
-5824.04955
-5834.80385
-5845.48715
-5848.20028
-5821.63540
-5825.43438
-5822.39749
-5830.26207
-5867.42326
-5842.97601
-5839.99449
-5825.02781
-5822.58489
-5838.57749
-5856.96012
-5855.86904
-5832.69970
-5847.15494
-5822.79622
-5850.03424
-5839.78761
-5829.58518
-5833.61945
-5801.70378
-5803.81593
-5805.72725
-5793.20973
-5806.46566
-5844.78244
-5858.70891
-5849.35797
-5810.18189
-5810.39465
-5805.37914
-5808.09157
-5805.51736
-5818.58874
-5834.90206
-5813.10534
-5819.60898
-5818.60572
-5828.38413
-5824.02691
-5821.37107
-5817.40859
-5831.61382
-5836.99640
-5819.39908
-5829.14161
-5806.33375
-5798.67080
-5794.42469
-5799.43534
-5801.78158
-5821.62533
-5816.35894
-5821.72362
-5854.53479
-5840.37770
-5840.17496
-5842.38315
-5852.39288
-5859.30459
-5849.18610
-5854.03920
-5855.83010
-5824.51703
-5837.37006
-5817.20339
-5820.26897
-5821.83791
-5847.69035
-5837.64971
-5846.32857
-5857.57857
-5852.37868
-5846.65739
-5832.07848
-5832.06722
-5829.82713
-5853.76484
-5827.13159
-5821.67333
-5826.36601
-5813.95172
-5827.86350
-5831.47401
-5833.63318
-5846.12255
-5854.93750
-5843.65607
-5847.40065
-5829.86865
-5827.63195
-5842.32196
-5831.74792
-5827.96855
-5813.02463
-5782.56866
-5789.24693
-5798.14425
-5791.61307
-5779.48043
-5814.93816
-5787.66314
-5823.65152
-5804.72547
-5779.85041
-5784.05368
-5792.37337
-5820.88809
-5839.89824
-5852.85388
-5863.96968
-5878.62610
-5849.61811
-5827.78737
-5838.21248
-5821.52869
-5808.65251
-5787.70983
-5798.12891
-5805.66741
-5812.64191
-5824.90891
-5826.50895
-5838.31690
-5814.02222
-5833.02603
-5828.94732
-5814.16608
-5812.49856
-5791.14722
-5798.22190
-5798.64719
-5813.73471
-5816.49605
-5791.71163
-5796.27464
-5795.84425
-5770.45663
-5812.75849
-5804.74880
-5823.28335
-5805.73821
-5825.16229
-5828.74749
-5819.26360
-5795.28711
-5816.16636
-5828.14897
-5831.30564
-5828.03532
-5833.11375
-5825.69597
-5851.55150
-5819.83271
-5829.10829
-5844.72553
-5842.32680
-5836.39968
-5810.91124
-5817.41075
-5797.03196
-5839.32450
-5838.68031
-5821.61074
-5842.21642
-5815.57760
-5820.89940
-5810.23537
-5822.39884
-5856.16378
-5856.43327
-5862.05313
-5857.00195
-5843.64110
-5852.52061
-5853.94756
-5858.03380
-5834.53974
-5852.91419
-5836.09479
-5847.50697
-5871.44139
-5858.66068
-5850.65478
-5833.56908
-5838.19291
-5844.46927
-5839.12067
-5851.23476
-5838.82847
-5826.62643
-5818.39021
-5796.63312
-5803.48451
-5818.53137
-5823.85144
-5833.33281
-5837.56884
-5816.83844
-5802.02908
-5792.41336
-5791.92152
-5769.45040
-5789.03802
-5801.17486
-5800.85974
-5819.06201
-5817.48766
-5809.48753
-5795.81892
-5803.05496
-5822.46280
-5814.80458
-5820.08132
-5832.40843
-5837.69499
-5804.10689
-5813.15159
-5816.91728
-5814.62695
-5811.62199
-5787.57786
-5814.87497
-5794.71949
-5839.67963
-5812.57942
-5835.34547
-5843.84083
-5841.56513
-5833.80637
-5825.38786
-5819.88956
-5822.92097
-5854.72199
-5841.75195
-5830.63363
-5834.30793
-5809.06471
-5800.88409
-5810.03451
-5834.04574
-5830.54718
-5833.82647
-5836.97864
-5838.24459
-5837.90643
-5846.11944
-5838.03369
-5842.60526
-5822.14922
-5817.82311
-5848.13230
-5852.48746
-5854.69215
-5848.12230
-5849.81470
-5852.78402
-5842.94062
-5810.95611
-5815.77023
-5826.07172
-5809.15344
-5805.10755
-5801.01170
-5799.37896
-5785.68630
-5770.32240
-5778.75757
-5780.52729
-5794.20244
-5803.57862
-5835.46853
-5852.30674
-5837.51816
-5839.94318
-5845.25669
-5834.13268
-5847.85778
-5818.99762
-5832.00350
-5846.10979
-5862.67871
-5831.73564
-5850.56652
-5876.36277
-5873.51073
-5838.60856
-5827.31975
-5819.99249
-5821.31805
-5814.07010
-5817.20865
-5819.72785
-5802.83635
-5812.45847
-5774.55568
-5779.28778
-5778.46229
-5794.44605
-5818.25476
-5785.26820
-5804.46946
-5808.42479
-5823.17407
-5797.70974
-5814.35481
-5786.52149
-5775.69336
-5769.04059
-5770.82237
-5762.44331
-5770.17163
-5790.18692
-5783.92578
-5796.34759
-5794.97403
-5783.75847
-5798.06250
-5806.38910
-5774.93836
-5796.30056
-5794.37248
-5789.94823
-5772.39679
-5790.51776
-5799.24686
-5811.59629
-5838.09042
-5805.38980
-5821.66826
-5805.92094
-5786.18747
-5807.65291
-5807.82011
-5815.31833
-5807.01256
-5808.47676
-5776.48432
-5780.17227
-5799.71008
-5787.69148
-5775.88864
-5789.78581
-5787.97348
-5800.63467
-5799.33082
-5801.07887
-5822.16917
-5830.14988
-5864.77115
-5862.76187
-5843.16290
-5862.27056
-5831.00358
-5830.74347
-5834.46021
-5833.88335
-5821.99864
-5837.94834
-5838.13320
-5843.96703
-5838.96434
-5832.19428
-5824.35539
-5797.96518
-5814.95634
-5824.24836
-5831.80328
-5797.67288
-5791.23926
-5810.34426
-5819.06800
-5802.18537
-5811.81234
-5794.69393
-5809.37623
-5811.76036
-5814.13993
-5834.25364
-5823.08672
-5820.99799
-5831.39935
-5817.40948
-5813.98161
-5788.85948
-5821.53604
-5822.26639
-5824.29350
-5828.89720
-5813.28514
-5810.77128
-5818.28574
-5844.72913
-5857.61459
-5849.04610
-5846.01035
-5859.14941
-5864.98394
-5856.66459
-5861.71121
-5844.63978
-5849.77195
-5858.31007
-5848.40384
-5847.72250
-5830.36906
-5824.24148
-5836.78298
-5825.74498
-5834.99136
-5798.28004
-5801.05664
-5836.09643
-5821.22123
-5816.44749
-5831.06685
-5799.84370
-5796.78557
-5819.86348
-5820.02211
-5812.85529
-5802.29552
-5807.61060
-5839.24481
-5835.04872
-5834.07316
-5844.34349
-5808.09084
-5798.67149
-5807.68181
-5829.73078
-5823.08447
-5847.90478
-5857.96759
-5866.83716
-5860.77077
-5860.93202
-5845.03423
-5844.63631
-5840.75820
-5854.60539
-5839.88910
-5827.68555
-5843.52159
-5842.56583
-5834.48713
-5808.21499
-5806.03158
-5821.13956
-5846.08029
-5848.98192
-5840.76682
-5838.32898
-5840.97822
-5822.04459
-5809.15048
-5830.40121
-5831.35932
-5844.77985
-5846.02772
-5823.09502
-5799.58869
-5807.87894
-5829.62000
-5823.20860
-5809.72849
-5797.31642
-5806.00464
-5793.96995
-5797.05619
-5818.04346
-5824.15806
-5841.16678
-5827.68343
-5825.04270
-5838.81820
-5851.77338
-5854.46139
-5838.22466
-5835.49401
-5841.78047
-5861.50971
-5847.08744
-5832.72444
-5811.96732
-5843.43602
-5834.65063
-5815.12970
-5806.75055
-5800.82666
-5811.38707
-5829.33810
-5829.62178
-5838.14598
-5871.46531
-5861.87875
-5842.30088
-5826.94425
-5843.85704
-5834.75998
-5840.50185
-5834.23389
-5834.66134
-5822.40030
-5809.55725
-5844.32099
-5850.28000
-5841.76983
-5834.24276
-5845.53994
-5830.33568
-5836.86648
-5813.09108
-5819.90399
-5826.14247
-5802.05773
-5793.65142
-5805.46902
-5827.93157
-5809.78517
-5837.74062
-5839.34220
-5827.47394
-5853.64778
-5851.80652
-5877.58055
-5845.30314
-5858.94087
-5839.69875
-5833.24157
-5818.46457
-5820.45386
-5843.25908
-5858.32099
-5870.54961
-5846.57468
-5820.19716
-5830.80349
-5822.10925
-5833.25900
-5843.33624
-5835.03291
-5844.58453
-5826.27903
-5828.92292
-5806.32893
-5775.42944
-5807.25469
-5805.61883
-5827.62864
-5827.44710
-5835.61622
-5835.91548
-5840.61732
-5836.37886
-5853.36438
-5871.00742
-5845.10250
-5832.40682
-5828.60888
-5830.04157
-5843.34546
-5853.12387
-5851.78087
-5861.35261
-5849.21769
-5822.52047
-5850.69567
-5847.19686
-5828.37115
-5853.56746
-5838.62025
-5823.85370
-5827.43645
-5821.10817
-5830.46209
-5826.63347
-5810.11893
-5807.06900
-5799.20722
-5793.16718
-5783.37059
-5791.60534
-5816.83890
-5804.75040
-5819.99442
-5828.39802
-5818.98785
-5809.32599
-5821.98153
-5829.77591
-5830.15443
-5825.15028
-5826.03484
-5830.33451
-5838.16198
-5808.48511
-5802.71847
-5779.64553
-5797.43169
-5773.26665
-5777.77995
-5798.81113
-5799.17730
-5765.65134
-5777.10013
-5810.44563
-5786.72567
-5807.94973
-5829.57507
-5827.13362
-5828.97085
-5831.22740
-5829.67940
-5840.30402
-5857.70200
-5858.15634
-5826.99165
-5823.20257
-5777.96418
-5779.65624
-5803.81429
-5796.82776
-5827.96861
-5814.13578
-5836.92857
-5820.54366
-5841.38103
-5836.63839
-5845.62442
-5832.79993
-5805.67960
-5827.94949
-5851.07401
-5877.91735
-5862.36996
-5836.45007
-5819.96420
-5803.14950
-5839.07009
-5831.90546
-5835.15872
-5825.86171
-5847.33097
-5845.48812
-5800.04942
-5827.72801
-5841.14819
-5799.30610
-5805.87097
-5825.55370
-5818.10604
-5839.00445
-5816.27955
-5810.70765
-5794.92270
-5815.22030
-5827.22444
-5811.65806
-5796.80242
-5788.51311
-5787.46742
-5785.49719
-5812.24530
-5796.49489
-5794.81740
-5783.27028
-5787.88480
-5813.30153
-5812.32250
-5822.60950
-5826.82332
-5802.09143
-5818.54770
-5827.23270
-5814.08810
-5808.74185
-5817.94430
-5819.62285
-5822.85220
-5777.42547
-5778.48518
-5793.45919
-5808.98508
-5791.72914
-5815.97944
-5816.19200
-5789.43931
-5791.59842
-5811.65936
-5811.24221
-5817.30959
-5848.48761
-5827.25319
-5827.77683
-5812.88570
-5822.69822
-5797.20099
-5806.06771
-5809.89643
-5790.45901
-5779.52534
-5807.73556
-5815.26302
-5826.16906
-5814.40161
-5825.04042
-5826.37405
-5843.98002
-5849.28743
-5839.05962
-5838.97734
-5843.36328
-5852.69608
-5855.06352
-5835.72178
-5833.01842
-5825.53842
-5816.89905
-5817.33896
-5828.68972
-5852.53591
-5868.89128
-5859.25895
-5872.03090
-5846.57894
-5851.12188
-5829.00713
-5829.31586
-5816.74313
-5821.10856
-5816.76455
-5827.97265
-5815.92659
-5846.12955
-5817.68839
-5809.95243
-5824.11896
-5827.65986
-5841.82659
-5837.79620
-5840.31191
-5835.54035
-5824.01554
-5816.39602
-5822.70058
-5826.16967
-5808.83818
-5800.17555
-5821.57845
-5834.32028
-5845.94451
-5865.24257
-5860.30756
-5879.10215
-5879.37843
-5861.51625
-5870.45861
-5861.56633
-5858.55066
-5870.09328
-5857.86744
-5827.54198
-5808.15849
-5825.15674
-5829.76384
-5831.76062
-5819.23244
-5831.44113
-5800.31716
-5847.54854
-5859.29085
-5841.15087
-5823.13182
-5802.49801
-5778.44169
-5796.45179
-5813.70362
-5805.07136
-5805.03965
-5794.74407
-5816.53539
-5826.67414
-5822.15770
-5831.92296
-5838.50095
-5858.80333
-5846.49475
-5836.36346
-5832.64642
-5821.23907
-5846.05476
-5832.17890
-5816.21982
-5821.71706
-5825.29533
-5829.28468
-5824.27555
-5815.42409
-5812.23134
-5801.69922
-5793.31705
-5782.22397
-5779.67560
-5773.52676
-5790.88226
-5811.28532
-5808.93034
-5821.73236
-5819.68584
-5811.19673
-5805.29870
-5789.30550
-5791.71385
-5803.14103
-5822.66181
-5805.44147
-5802.61785
-5777.87679
-5793.05532
-5802.06069
-5810.08438
-5816.34374
-5829.30525
-5822.99455
-5808.96419
-5816.55494
-5827.01371
-5830.48701
-5834.20985
-5808.25987
-5818.34824
-5831.94472
-5832.91572
-5824.28047
-5824.78614
-5818.87093
-5844.39336
-5820.58826
-5839.73165
-5837.30643
-5827.82393
-5830.92199
-5852.51296
-5845.24059
-5867.31355
-5856.52620
-5839.98587
-5836.74671
-5843.89257
-5844.14193
-5828.74948
-5819.52004
-5814.04679
-5829.17055
-5830.91943
-5829.34604
-5846.87946
-5841.79647
-5819.66452
-5850.62157
-5848.13107
-5839.57859
-5859.53241
-5854.45679
-5839.56369
-5848.01397
-5829.25837
-5835.56061
-5821.98403
-5825.79750
-5814.03471
-5829.78858
-5813.82167
-5805.80353
-5821.39523
-5823.67028
-5824.57487
-5804.00929
-5838.37776
-5822.55329
-5839.43722
-5853.95862
-5824.64572
-5808.08136
-5785.31245
-5781.44583
-5787.71809
-5808.13520
-5808.22833
-5825.60647
-5828.08670
-5821.65805
-5821.11926
-5833.85424
-5826.34669
-5813.77472
-5815.73152
-5826.02526
-5837.74436
-5860.78531
-5850.64605
-5848.90499
-5831.99582
-5818.34940
-5845.69086
-5816.28560
-5837.57932
-5808.30899
-5822.73406
-5836.51042
-5826.95860
-5832.34936
-5820.83784
-5814.33344
-5813.87803
-5829.30104
-5794.38180
-5783.35189
-5807.53643
-5815.20068
-5806.52738
-5821.95989
-5829.60084
-5818.45136
-5818.79676
-5823.70929
-5806.95742
-5820.46583
-5845.38104
-5837.15480
-5815.11884
-5800.33122
-5825.99461
-5837.02857
-5854.17418
-5837.22216
-5851.69511
-5844.89196
-5845.57169
-5849.39148
-5848.81668
-5849.68650
-5819.98695
-5815.19497
-5810.14276
-5803.73814
-5828.02713
-5823.27502
-5846.70907
-5812.37445
-5830.86860
-5833.68777
-5843.21202
-5854.86192
-5855.05226
-5861.80116
-5862.16542
-5842.24621
-5879.49409
-5868.43972
-5862.21815
-5860.14398
-5853.31704
-5839.80795
-5856.58539
-5839.73784
-5855.20463
-5838.56282
-5805.82777
-5804.20246
-5796.19880
-5792.10660
-5799.75352
-5812.55548
-5825.36367
-5814.10887
-5808.02844
-5827.85447
-5797.83355
-5803.10502
-5809.05015
-5835.70564
-5827.75701
-5841.53630
-5839.16383
-5839.41424
-5822.60048
-5830.21764
-5845.26456
-5840.48071
-5832.50179
-5812.15089
-5810.89822
-5826.15192
-5846.65870
-5836.38772
-5835.40408
-5845.40857
-5837.00805
-5826.77270
-5815.30603
-5822.45789
-5813.42792
-5813.85927
-5820.25322
-5803.51656
-5828.34226
-5822.76594
-5820.99686
-5805.49007
-5809.26804
-5796.04851
-5808.41662
-5806.06093
-5803.30572
-5814.79408
-5802.26055
-5797.55797
-5787.27810
-5790.25665
-5799.47878
-5790.09359
-5780.65591
-5769.25505
-5746.27060
-5777.54641
-5787.92421
-5795.34069
-5814.80866
-5776.27528
-5796.70741
-5835.49274
-5830.62023
-5830.29193
-5829.11792
-5814.39290
-5814.87331
-5797.69759
-5820.69336
-5817.52928
-5801.28366
-5767.21110
-5781.19023
-5811.28054
-5796.34971
-5807.88929
-5818.38223
-5829.50429
-5810.32397
-5816.45724
-5814.73330
-5832.86426
-5840.65049
-5844.13545
-5832.86772
-5838.98299
-5826.08718
-5832.76774
-5809.65772
-5804.14112
-5814.04419
-5827.82449
-5821.22051
-5804.20610
-5818.93889
-5792.88971
-5779.21217
-5796.55647
-5804.76500
-5798.95684
-5798.62946
-5803.40183
-5804.28161
-5819.12252
-5819.82745
-5823.40491
-5810.25154
-5811.01755
-5826.03806
-5818.76406
-5824.73387
-5823.77308
-5810.73338
-5793.98278
-5800.68233
-5831.49970
-5820.81730
-5833.85220
-5833.19462
-5848.23451
-5834.28567
-5834.95323
-5834.63126
-5829.55196
-5823.48327
-5819.63614
-5805.38082
-5800.91055
-5808.12190
-5835.24594
-5831.00342
-5817.67345
-5842.37477
-5828.56485
-5810.06480
-5815.84439
-5800.77989
-5818.06689
-5804.53991
-5810.42612
-5804.90090
-5846.19383
-5831.18817
-5846.89386
-5859.41278
-5862.53053
-5882.50843
-5886.34032
-5865.89658
-5857.92405
-5859.22429
-5848.58189
-5854.75263
-5854.79693
-5900.87557
-5897.47710
-5879.42519
-5878.25433
-5884.36500
-5893.85482
-5902.37434
-5889.78081
-5873.33905
-5879.47692
-5879.56454
-5876.73176
-5884.54438
-5882.24188
-5851.88643
