-5784.05580
-5764.28420
-5758.98290
-5771.53304
-5766.24658
-5755.46855
-5757.44580
-5730.63443
-5719.85418
-5732.05674
-5708.34590
-5736.13735
-5704.56243
-5731.21785
-5725.72540
-5763.53110
-5744.49076
-5741.42866
-5748.21054
-5730.24488
-5717.65556
-5740.93266
-5741.18429
-5738.62744
-5745.28131
-5768.70641
-5727.15975
-5741.63026
-5757.20829
-5747.83707
-5759.77757
-5734.67527
-5724.03988
-5724.47921
-5740.86047
-5750.56670
-5757.12475
-5757.85188
-5757.09179
-5777.82975
-5755.24003
-5766.64291
-5751.33645
-5752.40287
-5759.93893
-5777.68140
-5764.00427
-5754.60787
-5754.74982
-5763.60120
-5751.55662
-5772.54019
-5785.58382
-5738.61375
-5727.81400
-5729.70047
-5736.33301
-5728.62517
-5742.95521
-5740.71137
-5733.80728
-5728.74206
-5696.34386
-5700.41727
-5746.03510
-5753.45231
-5707.95622
-5728.30973
-5720.14100
-5717.99168
-5713.92927
-5730.76676
-5725.84289
-5735.80063
-5719.29867
-5702.08475
-5705.45996
-5729.89124
-5698.82458
-5714.69126
-5734.81563
-5743.56875
-5763.46199
-5741.40455
-5724.63073
-5747.14140
-5765.32990
-5779.16014
-5786.25013
-5757.91878
-5731.80935
-5740.36238
-5730.92906
-5734.70564
-5706.81715
-5703.34852
-5711.34126
-5720.42082
-5728.02759
-5739.02226
-5717.98154
-5739.88362
-5750.13712
-5744.44270
-5748.51532
-5729.85987
-5717.09612
-5716.27145
-5728.76724
-5711.07084
-5716.93015
-5715.38436
-5693.26545
-5706.59268
-5708.01546
-5713.43153
-5703.98507
-5734.12246
-5756.58753
-5751.41107
-5744.69432
-5747.97822
-5733.90877
-5716.92062
-5726.49261
-5722.31240
-5717.68336
-5741.81145
-5756.60396
-5761.11636
-5734.41621
-5748.02849
-5731.32688
-5761.23395
-5763.45284
-5754.17441
-5740.38516
-5747.66505
-5757.18421
-5770.83447
-5750.17105
-5736.39855
-5773.63366
-5743.55309
-5764.60310
-5772.85458
-5797.42698
-5766.94160
-5760.70019
-5732.55899
-5712.96568
-5749.57238
-5757.07033
-5760.96612
-5722.71410
-5761.90651
-5760.43965
-5750.62937
-5754.15881
-5755.85776
-5773.77783
-5739.96936
-5734.65200
-5755.94264
-5765.12975
-5748.09505
-5773.11843
-5754.17939
-5746.86422
-5753.61002
-5777.41195
-5812.09406
-5802.50379
-5786.55149
-5772.83345
-5756.36223
-5742.92465
-5725.00071
-5728.69820
-5704.12266
-5736.95506
-5717.29041
-5744.05528
-5743.08662
-5753.55489
-5718.05192
-5707.57069
-5706.56791
-5713.44338
-5694.04594
-5703.27780
-5684.85874
-5672.51802
-5690.30721
-5711.02712
-5722.06455
-5721.25354
-5711.28531
-5713.17372
-5705.36356
-5711.69722
-5710.69180
-5722.23592
-5728.33765
-5697.26630
-5717.55994
-5690.24639
-5719.42029
-5737.91226
-5758.69974
-5755.27969
-5760.14399
-5729.05313
-5751.20062
-5757.59774
-5735.34322
-5746.10857
-5761.52576
-5748.15983
-5737.97843
-5755.28052
-5761.90678
-5763.42953
-5778.88043
-5762.01268
-5748.46947
-5752.48341
-5750.55856
-5753.28053
-5736.53625
-5745.27350
-5739.77543
-5754.34503
-5758.04154
-5744.97818
-5712.60223
-5700.72042
-5695.00045
-5687.18718
-5702.63971
-5732.23152
-5707.89141
-5710.33179
-5720.10782
-5712.97970
-5718.84005
-5746.88312
-5735.94196
-5727.16254
-5750.52500
-5755.84737
-5732.28887
-5729.70399
-5731.99801
-5712.67808
-5712.07508
-5712.23822
-5728.29026
-5755.19488
-5767.16545
-5814.74308
-5788.04536
-5760.43126
-5746.54666
-5723.81819
-5731.63347
-5751.83321
-5735.54786
-5751.90836
-5743.93873
-5718.84233
-5706.93928
-5739.58746
-5757.20567
-5757.47082
-5772.50437
-5774.50421
-5751.48114
-5771.37983
-5746.91062
-5765.69772
-5763.18796
-5764.00964
-5785.79659
-5794.38503
-5777.25343
-5754.55752
-5719.36448
-5726.84067
-5738.89109
-5730.79559
-5715.91186
-5725.88415
-5715.86236
-5731.17347
-5729.96672
-5744.43563
-5723.27921
-5759.65951
-5745.99129
-5735.52966
-5736.94313
-5744.07318
-5733.53781
-5739.93272
-5738.28054
-5745.48717
-5785.16766
-5784.71511
-5782.30704
-5773.33217
-5780.11653
-5755.26978
-5754.56750
-5748.70277
-5759.53847
-5741.07676
-5746.25107
-5767.70554
-5788.87636
-5781.78011
-5751.56855
-5747.46167
-5751.55984
-5752.57987
-5758.32452
-5759.93838
-5709.25253
-5683.28009
-5682.43325
-5704.35193
-5702.13131
-5691.95005
-5738.46513
-5729.60556
-5725.72240
-5726.91508
-5745.77273
-5714.30983
-5716.76703
-5713.54564
-5677.98914
-5702.16780
-5712.33400
-5732.04309
-5710.14692
-5727.94088
-5736.32462
-5741.73478
-5762.84933
-5766.39277
-5771.96983
-5773.39769
-5766.47869
-5771.21413
-5761.26900
-5763.87084
-5749.28142
-5744.44257
-5725.63023
-5750.14733
-5749.49932
-5750.36625
-5760.44394
-5737.29877
-5727.15395
-5704.77989
-5717.78721
-5724.88658
-5695.64464
-5711.43474
-5703.66801
-5710.63013
-5725.82935
-5729.08301
-5744.20636
-5732.23558
-5740.91394
-5693.00813
-5713.19798
-5743.52320
-5736.12805
-5721.29546
-5724.62644
-5736.12767
-5715.30988
-5724.84834
-5732.02229
-5748.91628
-5745.45717
-5758.84276
-5761.16433
-5773.25765
-5727.55890
-5720.66031
-5708.85992
-5706.30200
-5714.16927
-5714.02590
-5688.78488
-5701.66725
-5716.56844
-5760.17220
-5744.90597
-5740.24750
-5761.30378
-5736.31979
-5767.69755
-5748.74027
-5752.11509
-5722.31138
-5699.00251
-5703.28950
-5705.12408
-5706.59893
-5689.38058
-5708.88462
-5721.45179
-5715.54095
-5728.65461
-5737.18481
-5708.40391
-5727.06054
-5767.02867
-5760.55875
-5745.30724
-5727.61265
-5711.59726
-5715.51183
-5742.26633
-5738.86438
-5742.05710
-5718.52599
-5742.70846
-5732.73782
-5752.10643
-5757.43999
-5766.72499
-5749.32501
-5775.72859
-5748.27906
-5742.02806
-5721.93347
-5726.24898
-5740.13299
-5749.69594
-5767.00731
-5766.93678
-5757.83520
-5765.62963
-5744.98258
-5758.64595
-5760.62008
-5755.22785
-5764.61759
-5758.05353
-5771.12526
-5780.10788
-5771.22964
-5750.85028
-5762.43652
-5759.08435
-5751.82772
-5739.67809
-5727.65190
-5728.57300
-5747.55730
-5749.96242
-5744.62736
-5780.69627
-5768.22172
-5765.75328
-5740.32190
-5732.41090
-5754.98371
-5759.66644
-5749.71876
-5723.45782
-5729.53202
-5716.59647
-5747.37918
-5744.96251
-5748.23760
-5740.18505
-5741.37127
-5743.21786
-5756.41670
-5757.34705
-5751.10906
-5741.92094
-5735.21148
-5727.82065
-5743.51747
-5772.39372
-5779.50331
-5790.28532
-5767.57257
-5754.69612
-5757.09931
-5773.85844
-5757.04564
-5736.01358
-5733.96757
-5733.98235
-5743.38082
-5740.40286
-5747.98975
-5721.97371
-5755.84548
-5724.37948
-5697.46423
-5699.54473
-5710.92271
-5720.11284
-5702.18443
-5705.63148
-5725.55801
-5744.09675
-5729.25223
-5748.29224
-5753.12591
-5742.38866
-5721.71542
-5737.68516
-5687.74379
-5700.55282
-5706.54794
-5706.63887
-5705.26960
-5704.82925
-5719.51513
-5712.82323
-5734.18164
-5729.98375
-5760.71214
-5765.05793
-5757.03936
-5759.92315
-5742.48705
-5749.62733
-5732.84984
-5727.43990
-5742.86006
-5737.90236
-5757.26512
-5726.81819
-5695.88386
-5730.69660
-5734.23837
-5745.63994
-5757.56584
-5738.38333
-5764.51688
-5774.42154
-5735.73139
-5749.91858
-5751.16491
-5731.47704
-5755.71325
-5762.89468
-5777.71847
-5754.74275
-5755.70179
-5762.36309
-5741.55145
-5744.54105
-5749.01976
-5785.66124
-5756.93232
-5769.78367
-5742.53335
-5764.33880
-5760.83282
-5779.62313
-5749.00641
-5769.09328
-5757.64906
-5784.23631
-5758.07191
-5754.28861
-5757.90930
-5756.11248
-5753.59814
-5728.79451
-5749.87402
-5780.82808
-5776.01818
-5760.18299
-5745.13791
-5745.96970
-5712.08146
-5737.84951
-5759.20604
-5752.24966
-5753.66730
-5755.14898
-5774.54046
-5772.12685
-5768.92650
-5759.22032
-5768.76309
-5755.17916
-5726.53211
-5742.28034
-5744.73688
-5768.09293
-5800.15759
-5802.41373
-5786.11809
-5778.90260
-5773.29400
-5776.14686
-5761.45178
-5761.39741
-5750.61165
-5745.44839
-5720.44850
-5744.09580
-5752.94030
-5736.19283
-5750.35983
-5707.68484
-5722.22304
-5712.68978
-5738.05608
-5756.37732
-5750.88284
-5757.49186
-5728.84134
-5743.79776
-5768.73804
-5751.05658
-5747.31257
-5738.95856
-5747.02117
-5723.28340
-5736.22486
-5720.97400
-5734.22107
-5725.32148
-5757.14965
-5744.96269
-5736.00541
-5746.02158
-5707.27199
-5728.14770
-5720.83428
-5750.56064
-5767.42008
-5747.16530
-5762.13571
-5768.45252
-5761.64933
-5755.98535
-5762.91136
-5772.98551
-5766.53314
-5768.81817
-5782.33192
-5764.65023
-5716.62980
-5730.29505
-5729.28311
-5744.14633
-5733.51533
-5717.14028
-5715.85266
-5725.78098
-5745.38212
-5733.51326
-5728.57335
-5721.19043
-5733.12817
-5735.13506
-5743.66639
-5715.14734
-5731.23464
-5699.04320
-5747.60374
-5755.49822
-5742.72680
-5771.65963
-5778.21544
-5799.48530
-5802.59094
-5797.95294
-5814.19519
-5780.86883
-5753.19296
-5731.67642
-5723.74981
-5715.08007
-5746.67347
-5735.60802
-5725.70750
-5718.74363
-5733.77402
-5750.82228
-5738.74692
-5696.25015
-5687.85504
-5738.79124
-5760.52177
-5757.04007
-5765.51859
-5756.52196
-5753.89851
-5733.55803
-5721.67199
-5704.35058
-5712.29177
-5718.03224
-5726.50574
-5716.94435
-5725.43465
-5738.68306
-5724.55977
-5730.55026
-5727.25239
-5754.09594
-5750.07308
-5739.34604
-5737.62720
-5733.30337
-5733.99450
-5731.34191
-5724.24542
-5731.44196
-5743.70870
-5734.86995
-5745.27189
-5749.98230
-5726.08456
-5732.51017
-5718.38994
-5728.96190
-5728.08231
-5720.38263
-5746.96401
-5728.58568
-5738.89522
-5733.72408
-5749.57502
-5759.93526
-5767.75463
-5761.48666
-5764.45588
-5752.26127
-5770.35963
-5757.91457
-5740.79410
-5740.93546
-5751.18904
-5760.33727
-5763.18521
-5750.95380
-5726.50332
-5734.35326
-5723.50413
-5743.99022
-5754.37805
-5738.36355
-5726.41121
-5713.43202
-5742.87459
-5750.61904
-5748.98084
-5733.56027
-5739.51711
-5716.58691
-5713.43092
-5711.05065
-5726.97125
-5691.51502
-5706.60497
-5734.13579
-5745.49281
-5750.24976
-5743.57773
-5725.15670
-5717.66098
-5698.84772
-5733.89612
-5726.69495
-5705.69247
-5735.12305
-5734.18178
-5740.58833
-5738.88678
-5742.71562
-5756.48912
-5758.57074
-5754.83424
-5751.55427
-5732.35799
-5762.69249
-5753.76503
-5746.93064
-5731.61484
-5734.77259
-5719.30312
-5704.94076
-5715.59184
-5752.14057
-5749.89105
-5767.55327
-5778.47288
-5761.23998
-5756.68363
-5757.49763
-5743.73971
-5734.14761
-5770.55263
-5752.42485
-5731.40862
-5714.56473
-5712.29718
-5738.94908
-5710.37630
-5709.60979
-5698.83884
-5713.96321
-5685.73424
-5699.69040
-5714.01511
-5724.44102
-5710.63283
-5728.88468
-5721.12385
-5731.69141
-5756.27991
-5755.11318
-5751.02540
-5726.07639
-5746.53963
-5757.91889
-5766.50956
-5762.00601
-5786.62597
-5745.31496
-5737.44832
-5741.97001
-5752.30031
-5720.13349
-5749.07425
-5755.63829
-5775.08912
-5751.22694
-5748.57551
-5775.47795
-5772.43270
-5756.27294
-5744.38563
-5716.11766
-5721.52180
-5730.94479
-5721.16686
-5725.17441
-5734.02008
-5714.51100
-5721.29569
-5708.75765
-5726.36739
-5758.53525
-5757.38659
-5780.70001
-5772.72417
-5778.92214
-5770.64041
-5736.98245
-5734.20090
-5741.72816
-5747.64835
-5740.00246
-5707.63131
-5717.11621
-5717.89845
-5765.52146
-5759.34981
-5727.58095
-5733.46168
-5735.47938
-5737.56068
-5732.37452
-5740.24046
-5746.78834
-5761.38985
-5771.01682
-5763.82634
-5747.48136
-5735.07883
-5744.55050
-5737.87899
-5741.33154
-5748.17395
-5742.92349
-5733.85669
-5754.90444
-5771.09393
-5779.21994
-5761.83089
-5752.23867
-5745.71169
-5746.63075
-5742.42071
-5766.85991
-5759.49131
-5755.26704
-5760.25233
-5760.32194
-5756.75403
-5761.19250
-5766.22815
-5783.90906
-5774.45178
-5784.57679
-5774.03253
-5759.05770
-5761.18984
-5754.04910
-5762.37146
-5796.63657
-5783.46283
-5788.01068
-5792.61521
-5778.94627
-5785.38559
-5756.71814
-5794.05632
-5774.11542
-5763.34951
-5761.34614
-5761.69470
-5762.32917
-5762.46174
-5737.89570
-5725.08159
-5740.13917
-5730.35260
-5748.93203
-5747.64690
-5756.98969
-5746.47408
-5740.91609
-5713.56271
-5708.37441
-5688.10225
-5682.28133
-5691.82707
-5693.53358
-5739.45036
-5738.25541
-5755.92008
-5728.06212
-5721.12368
-5743.04407
-5693.64011
-5700.88434
-5690.23605
-5707.27317
-5717.05579
-5723.39742
-5728.52979
-5736.85155
-5737.72155
-5718.20351
-5738.22751
-5712.94198
-5725.37232
-5730.22380
-5723.57297
-5740.22319
-5729.16125
-5726.00444
-5736.85465
-5729.22359
-5745.45746
-5717.70534
-5759.01531
-5747.35063
-5710.80766
-5743.76149
-5734.74582
-5715.92298
-5722.11278
-5742.14346
-5761.00289
-5777.04146
-5766.04627
-5749.90699
-5747.56049
-5769.01432
-5795.39417
-5786.66812
-5772.47483
-5755.35726
-5732.89782
-5729.67789
-5726.62930
-5737.64746
-5738.77049
-5714.22048
-5719.22927
-5722.95534
-5754.27117
-5771.78937
-5773.75176
-5786.86841
-5778.61382
-5764.16688
-5759.00987
-5754.05173
-5761.91375
-5743.27410
-5742.79276
-5728.90924
-5737.58520
-5712.61373
-5716.64476
-5744.99533
-5746.59169
-5750.87290
-5769.31870
-5725.61675
-5737.26678
-5745.57452
-5745.58141
-5739.60190
-5729.24996
-5727.74044
-5726.55068
-5713.97937
-5724.30724
-5738.83323
-5734.08548
-5734.50842
-5731.02892
-5761.43924
-5741.88039
-5738.68706
-5751.15121
-5748.53223
-5753.18058
-5761.72182
-5771.70125
-5766.70643
-5738.02115
-5734.18640
-5708.86709
-5749.33277
-5740.54294
-5706.44836
-5707.91443
-5695.54451
-5702.23856
-5697.13483
-5718.26129
-5720.44411
-5715.55237
-5738.53439
-5758.45506
-5733.33868
-5727.64007
-5723.91610
-5746.90214
-5731.87540
-5713.55069
-5744.98366
-5762.85515
-5768.84238
-5756.36440
-5746.09736
-5760.83213
-5748.89699
-5743.64697
-5743.99659
-5737.19659
-5744.66078
-5772.19555
-5759.13476
-5748.45686
-5741.85691
-5723.69215
-5677.15764
-5706.16196
-5694.72035
-5715.60617
-5705.35597
-5733.53106
-5732.33361
-5727.80373
-5753.04787
-5768.97859
-5749.82259
-5732.60719
-5724.49199
-5755.07079
-5757.43991
-5734.22999
-5743.40837
-5752.21047
-5748.28664
-5729.29012
-5736.46479
-5748.59397
-5702.44730
-5717.07338
-5727.97459
-5731.17502
-5730.63215
-5722.98994
-5741.24479
-5741.24147
-5737.45635
-5739.31902
-5736.03251
-5730.39272
-5735.63648
-5724.20106
-5703.01997
-5717.05653
-5745.57612
-5756.46890
-5765.65734
-5758.58098
-5760.37205
-5737.85303
-5727.78349
-5733.30676
-5749.72498
-5753.32019
-5747.19298
-5747.28516
-5761.32006
-5755.84097
-5748.87120
-5733.45582
-5738.51537
-5739.73140
-5748.75845
-5712.29211
-5729.27596
-5739.87676
-5723.09326
-5694.19415
-5704.96621
-5726.78260
-5720.95121
-5714.92138
-5707.57734
-5704.16570
-5697.63107
-5720.98723
-5753.77223
-5761.12176
-5756.28052
-5757.31921
-5764.36681
-5740.77523
-5759.21435
-5782.40034
-5750.19580
-5753.58497
-5731.23788
-5714.78881
-5747.61369
-5745.43559
-5768.38767
-5772.98496
-5777.22963
-5740.77427
-5739.13314
-5706.64553
-5730.58980
-5757.01330
-5769.93592
-5778.79329
-5773.28869
-5779.95430
-5734.60721
-5740.79276
-5735.05250
-5723.12829
-5745.62936
-5732.13770
-5745.35002
-5728.69145
-5728.26854
-5716.20066
-5703.17173
-5724.45288
-5707.66851
-5738.33858
-5722.42388
-5747.43299
-5741.86611
-5730.16763
-5782.02918
-5753.62299
-5730.74624
-5710.27252
-5733.22519
-5719.17781
-5741.83784
-5764.06792
-5772.81297
-5746.09131
-5750.87373
-5750.78579
-5713.67739
-5713.20912
-5765.82986
-5750.95126
-5728.79925
-5756.63636
-5740.63841
-5755.92911
-5748.61716
-5714.52020
-5721.56925
-5715.72869
-5731.12080
-5719.67518
-5736.33380
-5744.65508
-5703.92704
-5716.26676
-5740.69894
-5744.31216
-5719.29432
-5717.87512
-5707.21245
-5671.85353
-5666.87636
-5672.14540
-5691.51732
-5713.02760
-5692.26823
-5696.17404
-5679.05618
-5711.89181
-5702.13799
-5701.21056
-5722.99851
-5740.27218
-5738.38318
-5711.11364
-5725.94161
-5756.92149
-5759.41719
-5746.03689
-5751.68944
-5723.75514
-5720.96790
-5704.25812
-5710.92439
-5691.71335
-5700.51985
-5692.07600
-5680.42411
-5707.40923
-5751.92000
-5746.79233
-5739.98015
-5737.03462
-5745.70887
-5749.25810
-5736.45144
-5738.78004
-5751.21503
-5768.76766
-5739.66389
-5731.02834
-5768.03693
-5756.44604
-5767.20509
-5769.87243
-5739.87084
-5747.18930
-5746.38655
-5750.86942
-5768.09126
-5792.81823
-5772.89166
-5754.42456
-5760.92740
-5741.11486
-5751.31056
-5748.54741
-5735.49788
-5721.37189
-5738.11180
-5722.48882
-5721.01752
-5742.46517
-5747.96202
-5746.50351
-5753.00198
-5739.39135
-5723.05305
-5704.82969
-5714.49614
-5678.72565
-5695.38635
-5726.11550
-5733.93772
-5714.93439
-5745.87261
-5781.97017
-5788.16480
-5767.36767
-5771.79407
-5738.15110
-5762.59403
-5748.49092
-5755.71057
-5743.87184
-5742.08076
-5761.79449
-5756.75056
-5752.30149
-5754.01750
-5776.22212
-5783.83770
-5794.13785
-5768.05842
-5759.69168
-5746.33052
-5748.15799
-5761.98058
-5723.56130
-5732.37707
-5715.85582
-5726.08671
-5711.15994
-5708.24203
-5699.55923
-5763.61573
-5740.60642
-5734.77853
-5752.50302
-5735.71888
-5727.73198
-5719.63418
-5728.97697
-5731.89427
-5745.84661
-5749.57052
-5722.84483
-5718.06681
-5739.75513
-5759.48803
-5753.25706
-5777.51084
-5753.27512
-5762.80314
-5759.78092
-5736.98871
-5739.05638
-5745.07504
-5775.67906
-5721.57115
-5694.61432
-5702.38552
-5704.31820
-5715.39589
-5725.06483
-5712.65917
-5721.15119
-5707.70837
-5704.30923
-5709.06023
-5696.57741
-5697.68601
-5708.88145
-5717.34740
-5734.17523
-5722.59768
-5744.30331
-5740.90388
-5747.34327
-5757.05727
-5743.48920
-5759.06583
-5775.39696
-5745.63741
-5725.93038
-5764.44766
-5773.25431
-5758.02158
-5760.23846
-5774.05398
-5749.64413
-5721.79009
-5702.46179
-5712.51992
-5703.29502
-5732.30570
-5736.59074
-5739.90526
-5754.54190
-5774.05253
-5774.35038
-5770.06206
-5787.13393
-5747.49875
-5750.63286
-5699.22263
-5726.91434
-5760.66812
-5707.41957
-5742.70258
-5762.27331
-5782.17432
-5764.55535
-5735.69028
-5730.72591
-5725.40134
-5744.19772
-5739.25831
-5738.59368
-5744.54168
-5724.10574
-5708.94379
-5723.23934
-5760.41465
-5751.09197
-5739.07183
-5731.25116
-5732.04794
-5754.56022
-5768.07030
-5753.90772
-5746.52761
-5738.18820
-5764.54920
-5759.23635
-5777.29256
-5777.65985
-5782.71101
-5754.35489
-5729.06267
-5724.45567
-5745.30782
-5712.58758
-5750.56487
-5728.54298
-5730.15218
-5707.56608
-5750.66423
-5728.74806
-5736.31462
-5768.41281
-5756.75113
-5772.96411
-5772.20111
-5759.71278
-5751.61822
-5754.56244
-5739.25734
-5729.32744
-5730.95908
-5701.49319
-5725.45052
-5747.65492
-5752.91448
-5735.36646
-5727.08453
-5744.17670
-5738.58389
-5720.21484
-5736.62885
-5735.06140
-5720.77940
-5722.74832
-5738.48806
-5722.86712
-5744.60490
-5741.25616
-5751.48860
-5748.73839
-5744.13611
-5740.28355
-5741.50872
-5765.08969
-5779.96182
-5766.82280
-5787.61232
-5768.00670
-5762.46191
-5756.01299
-5751.37030
-5761.75049
-5768.78564
-5763.69599
-5722.99188
-5749.46535
-5720.71024
-5731.90733
-5716.28006
-5725.22936
-5741.80877
-5750.08571
-5726.78474
-5754.57270
-5736.44415
-5730.29956
-5734.93234
-5749.18046
-5734.30027
-5708.09689
-5724.16803
-5735.40568
-5732.59717
-5714.96314
-5713.01957
-5727.96258
-5729.29138
-5747.35412
-5746.77407
-5742.56730
-5760.52432
-5765.14373
-5761.79840
-5783.99492
-5755.35798
-5768.80877
-5780.15026
-5802.84534
-5782.38234
-5784.86108
-5743.44694
-5717.34065
-5717.71474
-5709.18130
-5708.39186
-5735.82872
-5709.62117
-5717.92150
-5724.04057
-5728.18126
-5726.95566
-5731.96253
-5734.20668
-5735.88855
-5728.98121
-5718.28527
-5696.21658
-5733.88331
-5723.21244
-5716.05721
-5731.15364
-5710.13047
-5730.06843
-5741.10359
-5734.81448
-5757.13730
-5749.27285
-5733.40275
-5743.27831
-5728.60410
-5746.66772
-5751.11457
-5715.17414
-5726.36317
-5736.02534
-5728.66149
-5706.42187
-5727.21531
-5719.00843
-5725.96349
-5745.06199
-5738.13627
-5748.43040
-5734.77747
-5725.89094
-5734.11370
-5729.80020
-5750.45277
-5764.39012
-5783.03330
-5751.06504
-5757.46597
-5730.31552
-5748.28554
-5721.81262
-5741.46809
-5741.34262
-5741.30598
-5724.39725
-5733.08125
-5769.06254
-5758.05234
-5765.22417
-5738.00842
-5723.62740
-5728.12582
-5729.97406
-5738.21014
-5734.74252
-5729.72933
-5740.26288
-5747.45239
-5756.26499
-5731.94009
-5745.63428
-5756.82768
-5772.48100
-5765.48458
-5767.30305
-5758.83766
-5750.04114
-5729.51193
-5773.22939
-5782.97723
-5783.13484
-5772.30350
-5765.82385
-5777.00634
-5772.38965
-5764.97578
-5759.13740
-5765.12333
-5756.17195
-5750.81387
-5753.67914
-5767.11327
-5748.09172
-5728.10743
-5703.50224
-5736.63534
-5774.80329
-5733.22710
-5716.62450
-5713.95301
-5701.63515
-5687.36983
-5711.45603
-5733.45402
-5739.29350
-5749.35318
-5733.70879
-5728.99672
-5727.05895
-5709.49340
-5718.24439
-5748.37841
-5751.18777
-5734.85617
-5705.40871
-5741.24195
-5749.98051
-5744.52516
-5728.57870
-5738.99986
-5750.48290
-5741.14084
-5721.40145
-5736.46047
-5739.53423
-5735.47754
-5733.24609
-5736.21475
-5722.06593
-5707.69775
-5748.32845
-5745.15653
-5740.62123
-5730.10149
-5722.22399
-5740.06388
-5768.09066
-5769.45211
-5744.65117
-5765.80503
-5752.05492
-5738.81258
-5743.39091
-5775.72081
-5754.37554
-5763.78562
-5748.64647
-5757.27380
-5754.74344
-5776.41417
-5773.47920
-5747.68574
-5747.71933
-5733.12818
-5703.03534
-5715.75828
-5703.63841
-5718.02308
-5723.77324
-5718.84853
-5751.30916
-5723.03589
-5731.58926
-5745.66939
-5721.99842
-5711.47178
-5724.54372
-5728.88760
-5743.43436
-5766.13976
-5758.25149
-5745.27666
-5731.71133
-5734.12296
-5754.33353
-5732.16436
-5702.69665
-5745.98315
-5749.75941
-5750.37922
-5747.23557
-5758.53529
-5759.39635
-5740.31597
-5726.74488
-5743.09000
-5789.48865
-5764.25787
-5737.01744
-5730.79879
-5752.14442
-5758.19284
-5739.44060
-5737.91750
-5756.51401
-5722.51777
-5716.80243
-5706.34234
-5673.96527
-5711.56497
-5730.34911
-5750.59020
-5725.74265
-5733.32402
-5722.86250
-5724.28079
-5732.70893
-5764.47267
-5792.66813
-5773.22492
-5762.42503
-5758.61184
-5738.03604
-5736.97057
-5720.68486
-5742.13989
-5752.18879
-5737.44836
-5745.15138
-5727.64942
-5740.84560
-5751.14454
-5760.10308
-5733.02322
-5754.53191
-5757.12379
-5748.06348
-5756.89548
-5735.37743
-5723.39818
-5727.63725
-5748.17990
-5740.33192
-5719.22970
-5715.72341
-5758.92984
-5766.30085
-5761.97146
-5740.92488
-5745.06121
-5748.75211
-5737.80764
-5742.12430
-5740.92038
-5719.80143
-5738.51841
-5733.25838
-5733.77338
-5739.75513
-5759.88334
-5746.64822
-5733.77917
-5737.90558
-5722.49647
-5730.31034
-5720.59810
-5694.26640
-5714.07742
-5733.29076
-5728.64019
-5749.13540
-5743.96996
-5752.42561
-5769.31221
-5780.62599
-5774.94699
-5805.26037
-5815.91508
-5801.18661
-5777.54723
-5766.33939
-5764.78141
-5738.36720
-5746.38393
-5743.67913
-5765.65929
-5752.67734
-5775.06977
-5752.01910
-5731.30227
-5740.27760
-5747.41541
-5736.08295
-5755.16810
-5790.50851
-5803.09613
-5809.28687
-5769.23118
-5781.36478
-5749.91604
-5750.94473
-5743.41002
-5748.06187
-5735.41484
-5753.76251
-5730.63339
-5747.97873
-5729.22234
-5710.03027
-5718.24954
-5724.54109
-5715.37846
-5709.49631
-5695.21471
-5692.10199
-5686.19391
-5710.90076
-5732.24153
-5751.85571
-5760.59898
-5761.48146
-5769.31354
-5776.42851
-5753.86322
-5761.70592
-5769.71354
-5763.26223
-5761.17203
-5777.89610
-5766.03526
-5734.95758
-5712.78040
-5700.55393
-5743.78033
-5690.44644
-5685.42841
-5716.45033
-5704.41551
-5701.60432
-5702.39206
-5722.31697
-5683.81554
-5702.68504
-5706.61400
-5757.01529
-5773.37493
-5731.11672
-5754.14232
-5741.98189
-5739.17712
-5723.25168
-5691.58045
-5700.82245
-5751.87534
-5745.20866
-5733.18081
-5714.33284
-5720.60161
-5723.32984
-5739.34374
-5720.92694
-5726.72424
-5717.80214
-5723.14792
-5740.96639
-5748.64915
-5745.23733
-5783.90081
-5763.53190
-5748.82511
-5751.96102
-5760.23393
-5749.18834
-5727.65601
-5727.83588
-5721.24562
-5713.59117
-5743.26247
-5760.99861
-5748.47230
-5754.21662
-5748.92975
-5759.70581
-5760.75199
-5767.04354
-5733.22495
-5733.01736
-5733.14772
-5760.83360
-5752.81343
-5766.73895
-5759.49204
-5737.54901
-5740.73950
-5760.51693
-5774.38894
-5787.62812
-5776.61441
-5746.48712
-5772.36709
-5745.27295
-5757.72565
-5743.89323
-5754.92840
-5750.48106
-5759.11879
-5724.31733
-5748.28375
-5735.62957
-5738.84395
-5740.08112
-5736.19770
-5749.24706
-5727.01337
-5720.45705
-5724.04514
-5714.98475
-5708.88011
-5741.14239
-5756.63367
-5745.01425
-5751.21920
-5770.00272
-5787.01711
-5771.25842
-5760.55212
-5749.60509
-5730.48070
-5742.68437
-5756.65325
-5739.80686
-5768.09216
-5756.96669
-5748.98542
-5761.60740
-5748.57831
-5742.52560
-5722.39376
-5759.34190
-5765.11562
-5789.66115
-5804.90204
-5825.67019
-5805.86960
-5776.19559
-5773.86830
-5765.34203
-5773.42986
-5759.65833
-5752.27523
-5768.25916
-5742.49696
-5712.81443
-5726.56966
-5740.54341
-5744.27038
-5736.90678
-5730.62846
-5740.91064
-5742.79629
-5760.70800
-5739.62086
-5739.88873
-5738.37351
-5716.60092
-5690.92757
-5725.37140
-5735.52121
-5736.23902
-5724.71382
-5743.74475
-5727.57587
-5729.61362
-5735.46473
-5742.25880
-5752.59803
-5743.35869
-5760.46481
-5773.50930
-5768.21509
-5764.75109
-5775.07742
-5774.24518
-5749.80942
-5764.36343
-5750.48668
-5726.75043
-5747.58810
-5763.55875
-5775.55969
-5742.28544
-5727.23741
-5713.23423
-5726.15545
-5755.36064
-5736.95837
-5739.48643
-5726.37510
-5746.15853
-5748.10282
-5722.76928
-5717.21454
-5717.22526
-5748.50608
-5780.78462
-5746.32387
-5730.95113
-5740.81480
-5731.61565
-5721.46758
-5711.72491
-5730.33760
-5705.12259
-5723.47207
-5730.60864
-5752.36722
-5744.02144
-5722.01362
-5733.57598
-5733.31736
-5737.02260
-5740.13603
-5735.90558
-5758.22760
-5748.54622
-5729.79922
-5745.94577
-5760.79305
-5764.48547
-5738.75805
-5740.12367
-5726.12663
-5701.55854
-5676.21292
-5710.59211
-5742.73004
-5717.34827
-5728.22807
-5720.98389
-5748.30892
-5754.48268
-5752.07837
-5754.64667
-5763.87429
-5767.17812
-5755.76874
-5759.99251
-5763.40189
-5750.93865
-5727.37976
-5734.80443
-5752.35963
-5761.85312
-5778.83586
-5769.43097
-5741.92053
-5764.23759
-5781.86841
-5777.17250
-5730.55276
-5761.38577
-5749.71116
-5763.36257
-5730.25309
-5721.16281
-5721.59797
-5722.83122
-5769.26156
-5759.39045
-5750.20186
-5769.44762
-5765.16914
-5771.95366
-5738.36454
-5740.58963
-5729.40400
-5746.13757
-5757.55199
-5756.32897
-5764.13576
-5755.64867
-5745.00520
-5729.04419
-5736.74691
-5729.33038
-5741.88299
-5735.14539
-5748.63774
-5736.82401
-5724.50523
-5721.24282
-5711.94634
-5705.00979
-5717.25029
-5727.63516
-5733.79037
-5735.78623
-5723.45402
-5712.46563
-5707.90553
-5709.63632
-5743.81650
-5735.79641
-5738.23282
-5713.25757
-5711.24079
-5713.39062
-5701.38076
-5715.71346
-5716.96013
-5722.74026
-5722.47076
-5725.45820
-5737.29901
-5715.50631
-5707.16212
-5729.90084
-5748.53862
-5757.63320
-5755.14818
-5709.75934
-5726.98715
-5738.57152
-5747.35896
-5759.17981
-5778.52579
-5749.14840
-5761.68670
-5748.80971
-5738.87488
-5743.02948
-5758.75005
-5769.79040
-5739.77640
-5723.40469
-5729.72026
-5726.52539
-5733.70398
-5709.85381
-5714.66451
-5739.80663
-5735.72946
-5743.28742
-5743.51268
-5721.90803
-5715.15100
-5700.72593
-5714.94894
-5731.72776
-5714.53715
-5702.11439
-5704.70810
-5719.50818
-5702.61560
-5736.48801
-5733.78375
-5730.04999
-5732.66923
-5709.28322
-5707.39370
-5697.67579
-5730.85688
-5706.05948
-5711.75215
-5717.22012
-5709.87017
-5715.86095
-5718.97895
-5734.88069
-5728.83909
-5757.43828
-5756.87051
-5786.49722
-5782.96659
-5799.37108
-5805.56619
-5798.46688
-5778.25247
-5766.03251
-5769.46052
-5768.93691
-5746.30820
-5744.48626
-5764.66885
-5776.91872
-5743.99857
-5768.32515
-5739.28471
-5762.94362
-5752.16865
-5755.67325
-5740.09309
-5767.74391
-5764.19218
-5762.10748
-5768.78186
-5762.37073
-5775.28124
-5765.80229
-5730.18681
-5744.92611
-5757.40349
-5740.57892
-5736.00009
-5735.07381
-5716.29951
-5715.91552
-5721.68558
-5715.97460
-5751.06827
-5735.42008
-5711.27877
-5729.19014
-5714.09563
-5708.79106
-5696.97472
-5743.30567
-5723.27559
-5721.51237
-5732.60457
-5704.15142
-5712.05205
-5726.77083
-5735.12376
-5755.19908
-5753.89784
-5737.30055
-5722.41347
-5739.58965
-5758.83946
-5745.04805
-5742.71744
-5722.10370
-5714.95102
-5706.71611
-5682.11569
-5714.46168
-5727.08687
-5701.57296
-5734.07817
-5746.87105
-5721.95990
-5710.13673
-5717.35710
-5730.24571
-5738.81364
-5724.37464
-5732.46252
-5757.51915
-5767.29717
-5764.15124
-5739.95967
-5743.41513
-5753.73276
-5765.89907
-5751.37175
-5762.42143
-5764.18331
-5758.91287
-5729.70926
-5731.44596
-5750.20800
-5753.67060
-5756.35757
-5746.19971
-5742.31235
-5749.33684
-5740.38719
-5730.00928
-5716.15890
-5723.75712
-5697.01645
-5724.54163
-5699.34109
-5701.36065
-5724.88172
-5746.84942
-5735.81961
-5739.37475
-5732.58105
-5711.95888
-5723.73447
-5701.55071
-5692.11842
-5697.28486
-5708.52556
-5717.09869
-5728.04874
-5720.31803
-5706.54308
-5716.19347
-5740.13925
-5745.31266
-5734.04469
-5735.00059
-5758.94155
-5746.23976
-5744.41999
-5712.30874
-5717.15974
-5711.48423
-5693.85145
-5706.23351
-5716.71799
-5708.14451
-5721.24927
-5740.32164
-5742.29341
-5730.51475
-5728.48680
-5751.01775
-5770.15595
-5756.05238
-5798.89175
-5801.61853
-5780.66061
-5818.50597
-5821.72167
-5788.78807
-5757.23640
-5769.72564
-5769.22412
-5759.96933
-5748.81099
-5757.38013
-5749.84346
-5761.88474
-5775.17195
-5765.33445
-5769.98285
-5788.67676
-5773.51391
-5780.37077
-5766.40040
-5753.53413
-5762.60906
-5753.94285
-5745.36155
-5746.80208
-5758.52616
-5740.25045
-5755.01686
-5764.68032
-5748.03922
-5730.44405
-5717.70827
-5743.32035
-5753.89628
-5771.12212
-5789.33441
-5770.24794
-5757.53012
-5779.41605
-5765.56901
-5735.37698
-5714.18584
-5734.79356
-5751.54033
-5782.78574
-5783.94198
-5776.75880
-5762.21482
-5748.72862
-5749.51893
-5746.75245
-5762.21310
-5753.52022
-5765.04048
-5775.19386
-5777.27514
-5751.86461
-5737.28824
-5697.93047
-5726.93948
-5706.14710
-5700.50520
-5729.20040
-5738.97155
-5756.76575
-5756.62931
-5726.02469
-5750.09361
-5766.97408
-5745.91878
-5751.79887
-5752.06638
-5764.56189
-5750.08237
-5774.23605
-5778.67167
-5768.58780
-5775.98332
-5765.36821
-5784.28084
-5767.86587
-5756.81242
-5769.00653
-5776.80876
-5764.22179
-5797.81101
-5777.84967
-5783.18694
-5788.23343
-5762.67143
-5711.36530
-5746.81598
-5738.30837
-5749.19161
-5747.33552
-5746.48968
-5750.50253
-5712.72653
-5726.47768
-5742.00819
-5761.02736
-5706.04659
-5711.69050
-5720.16142
-5742.33298
-5738.63132
-5742.36366
-5749.83551
-5722.33101
-5710.77435
-5698.22991
-5700.77562
-5668.57523
-5688.05647
-5703.88690
-5732.84494
-5720.83056
-5709.56647
-5744.86536
-5750.45302
-5738.11919
-5721.60595
-5720.50396
-5750.15967
-5724.00024
-5714.93349
-5709.34303
-5699.07620
-5709.85179
-5698.98760
-5713.69391
-5733.01562
-5729.52630
-5727.52768
-5713.92733
-5696.22446
-5733.37654
-5725.62145
-5723.81629
-5723.09080
-5735.45005
-5743.58244
-5742.10854
-5773.16292
-5753.03809
-5767.08482
-5742.33955
-5734.64168
-5711.56382
-5741.21774
-5740.27458
-5731.00448
-5727.53648
-5735.93064
-5736.84694
-5731.95115
-5717.46487
-5708.96674
-5730.76542
-5732.90745
-5745.45741
-5719.78571
-5742.44158
-5755.97200
-5747.68572
-5735.64206
-5730.29626
-5727.87156
-5756.89444
-5735.45964
-5724.06944
-5747.00312
-5745.38465
-5736.30101
-5740.00887
-5731.84418
-5719.53304
-5725.84922
-5726.59188
-5727.11598
-5729.04660
-5724.60652
-5736.48217
-5735.76385
-5764.47340
-5750.76303
-5765.39916
-5743.56863
-5777.82761
-5748.98415
-5742.23101
-5766.96182
-5788.86486
-5785.23468
-5805.53652
-5753.91611
-5737.99241
-5738.85328
-5726.49800
-5710.48005
-5733.01543
-5764.46850
-5755.06861
-5759.07294
-5772.27092
-5754.65677
-5756.82973
-5731.49751
-5714.86437
-5731.74121
-5724.47508
-5736.37970
-5715.74748
-5723.22693
-5733.00272
-5726.57500
-5739.71135
-5752.19277
-5738.87225
-5728.83687
-5715.27166
-5686.48306
-5722.98015
-5713.96908
-5720.10823
-5735.93439
-5763.21337
-5772.15336
-5748.51478
-5758.40579
-5737.95737
-5758.21447
-5751.42754
-5767.45165
-5732.26857
-5740.96256
-5740.02124
-5744.01811
-5733.40851
-5720.13731
-5725.73202
-5722.49324
-5739.30174
-5759.90355
-5737.07921
-5724.12251
-5721.20794
-5677.14119
-5685.52110
-5692.54509
-5700.31137
-5712.58379
-5716.70025
-5722.81704
-5685.43946
-5700.95730
-5753.99190
-5752.13571
-5738.37163
-5726.08063
-5746.48283
-5735.94758
-5709.68678
-5725.79604
-5735.85774
-5762.89871
-5760.33459
-5779.19603
-5735.67602
-5722.09484
-5735.37486
-5722.81788
-5731.91328
-5722.07890
-5743.48454
-5739.16575
-5732.59292
-5750.80128
-5758.86981
-5737.92789
-5723.59709
-5713.84480
-5700.08751
-5714.15283
-5746.24666
-5738.34056
-5740.65352
-5729.49029
-5709.37677
-5703.99905
-5717.53195
-5714.53518
-5688.40484
-5744.72192
-5739.09143
-5717.82938
-5735.02268
-5696.29364
-5715.88102
-5749.44029
-5727.16507
-5729.13163
-5721.32082
-5738.84382
-5749.98322
-5770.51231
-5754.22881
-5772.59486
-5755.27816
-5744.74039
-5764.44425
-5745.10437
-5741.74528
-5738.08656
-5783.59781
-5769.07141
-5736.58309
-5746.27120
-5744.77957
-5752.73100
-5759.21756
-5768.31098
-5772.38046
-5764.78329
-5753.64833
-5759.72953
-5733.52800
-5708.26044
-5721.81389
-5724.35461
-5721.53811
-5731.46900
-5730.67401
-5707.50915
-5719.07151
-5759.12720
-5754.28403
-5763.87095
-5786.34856
-5754.88212
-5717.99590
-5730.55769
-5741.61865
-5750.41104
-5749.30091
-5757.06463
-5752.45022
-5740.25375
-5734.54172
-5743.49207
-5752.21059
-5747.46816
-5762.81838
-5752.03946
-5724.14615
-5718.64626
-5707.00285
-5731.76504
-5722.13647
-5702.00608
-5732.85781
-5751.72622
-5757.81144
-5720.19013
-5753.51841
-5773.55214
-5786.21461
-5765.62689
-5766.48347
-5777.56658
-5796.21927
-5787.58975
-5758.78681
-5769.86429
-5761.37390
-5758.97299
-5769.43977
-5746.45541
-5728.27924
-5719.29487
-5748.52748
-5761.35975
-5748.54287
-5741.44401
-5740.72756
-5736.94790
-5750.74763
-5740.95971
-5750.98098
-5768.85891
-5773.29276
-5741.04143
-5713.80617
-5734.39205
-5720.83332
-5734.05535
-5712.12458
-5732.84661
-5726.58931
-5744.17032
-5749.92266
-5739.48153
-5723.91623
-5704.81386
-5710.16976
-5722.75248
-5714.63200
-5736.99649
-5731.00507
-5722.61503
-5737.51333
-5714.86520
-5730.12427
-5723.59908
-5715.39348
-5714.64031
-5731.32287
-5697.10685
-5749.48443
-5734.10852
-5759.05185
-5762.26413
-5758.14049
-5745.34198
-5750.70337
-5737.44893
-5729.43959
-5756.64443
-5752.97312
-5741.77534
-5719.82962
-5725.88142
-5728.88631
-5735.36049
-5722.90645
-5715.49373
-5727.75542
-5755.76018
-5774.42463
-5740.84438
-5753.13849
-5746.30217
-5734.09736
-5749.74898
-5736.85005
-5740.61462
-5725.33511
-5703.20255
-5714.93406
-5715.81678
-5732.70875
-5706.89735
-5722.34917
-5729.74911
-5734.75387
-5726.09538
-5742.49346
-5745.00853
-5741.19002
-5771.45084
-5766.05315
-5769.65105
-5754.98171
-5766.70602
-5736.14070
-5751.02134
-5777.81841
-5762.85953
-5752.37518
-5739.05553
-5758.60752
-5754.65222
-5768.30503
-5788.26837
-5764.25423
-5764.53892
-5721.20519
-5725.35023
-5703.05489
-5701.94491
-5704.40675
-5693.86543
-5725.48345
-5720.98804
-5731.67393
-5728.75538
-5729.04722
-5702.86362
-5718.31158
-5727.82630
-5748.62421
-5740.78288
-5760.88992
-5746.01508
-5744.35131
-5726.01923
-5705.98483
-5716.48545
-5738.06007
-5722.60984
-5753.26546
-5752.28417
-5758.53217
-5748.29115
-5760.60794
-5744.02342
-5730.12057
-5726.53391
-5726.74780
-5729.31818
-5749.90105
-5763.67874
-5773.07859
-5760.75021
-5761.51140
-5729.01776
-5742.60165
-5749.91069
-5749.64249
-5722.91428
-5743.32919
-5749.63796
-5740.44761
-5717.51201
-5714.83721
-5742.64483
-5740.14887
-5720.10999
-5717.50936
-5708.72243
-5725.97601
-5738.10672
-5725.96772
-5731.11936
-5732.43290
-5736.73833
-5739.62082
-5738.27294
-5726.29581
-5720.26390
-5708.50109
-5710.61284
-5723.48183
-5723.79452
-5754.31200
-5774.70775
-5800.88587
-5772.32020
-5765.89292
-5770.33129
-5775.57777
-5773.30155
-5745.48450
-5724.91947
-5761.32042
-5776.49549
-5755.51802
-5751.05412
-5747.39258
-5741.20369
-5744.42752
-5731.19039
-5750.50266
-5735.30014
-5744.45572
-5751.43296
-5764.14764
-5780.85132
-5779.57022
-5721.95280
-5736.03789
-5739.82583
-5742.04070
-5752.91237
-5752.75355
-5741.82512
-5752.95790
-5769.44032
-5764.04248
-5762.74563
-5741.14841
-5746.77308
-5776.41986
-5769.49915
-5773.96422
-5758.70748
-5778.81989
-5748.17781
-5732.43885
-5741.60217
-5707.54107
-5706.03716
-5704.73284
-5715.47987
-5731.05469
-5710.50117
-5717.65993
-5701.37104
-5724.20794
-5727.08744
-5736.64178
-5740.95481
-5714.79643
-5706.29808
-5711.49637
-5723.23646
-5738.95397
-5754.24137
-5771.84420
-5747.18389
-5735.91719
-5740.80866
-5737.82437
-5742.57381
-5745.55633
-5695.26674
-5724.97589
-5720.30009
-5723.52334
-5740.80710
-5735.07566
-5727.67477
-5720.29203
-5714.39900
-5724.57599
-5729.93032
-5719.12165
-5697.85410
-5710.35022
-5755.58819
-5765.10842
-5764.61371
-5766.24627
-5741.67210
-5766.50649
-5750.56141
-5760.61434
-5736.74096
-5717.88875
-5689.12753
-5678.81289
-5693.27702
-5701.82521
-5720.35209
-5723.72136
-5735.26767
-5744.37973
-5750.61427
-5717.09140
-5729.73787
-5712.07445
-5713.96490
-5729.37454
-5711.20138
-5703.82683
-5715.79530
-5712.58504
-5720.46154
-5734.16622
-5746.53545
-5757.13944
-5778.48355
-5774.39258
-5755.12983
-5733.83512
-5753.20226
-5747.66060
-5733.35666
-5748.46472
-5745.33966
-5739.58897
-5748.24514
-5742.01887
-5723.05879
-5696.47162
-5705.45382
-5743.10584
-5734.91494
-5723.61978
-5744.36659
-5753.00133
-5742.15792
-5757.27465
-5751.92578
-5739.82535
-5733.18833
-5762.35693
-5750.24991
-5753.20789
-5733.98606
-5744.38154
-5723.45014
-5721.48465
-5718.61992
-5716.21303
-5723.07846
-5726.27101
-5713.29947
-5727.11110
-5736.55430
-5744.43591
-5735.31727
-5746.64782
-5744.87906
-5746.35122
-5732.79394
-5728.71629
-5743.31916
-5732.69357
-5718.02743
-5713.84653
-5703.16260
-5705.85830
-5704.76616
-5735.49970
-5712.48257
-5705.43828
-5707.20257
-5730.45989
-5748.16131
-5746.30543
-5723.76018
-5726.98023
-5712.15503
-5713.75335
-5742.56707
-5753.79084
-5748.38329
-5754.39552
-5739.36852
-5739.77739
-5754.10233
-5774.55263
-5785.23826
-5768.23642
-5773.28013
-5755.70975
-5759.94498
-5736.02661
-5725.79017
-5704.57083
-5739.63704
-5725.28634
-5756.08137
-5750.68397
-5743.27754
-5747.44372
-5773.40282
-5760.66311
-5742.76784
-5742.39894
-5739.97155
-5709.02945
-5729.63157
-5720.33825
-5742.64122
-5741.92366
-5724.20503
-5756.99888
-5715.12280
-5736.80044
-5706.20613
-5719.29107
-5732.13847
-5703.24183
-5695.49540
-5712.49095
-5698.53351
-5703.06325
-5729.45597
-5728.19959
-5719.31287
-5739.53648
-5736.00934
-5753.87915
-5750.74642
-5761.79006
-5735.68379
-5762.35276
-5771.11810
-5770.31592
-5776.46997
-5735.68635
-5730.57877
-5735.44746
-5768.38584
-5760.81157
-5768.35218
-5753.96571
-5722.04603
-5727.25084
-5701.84878
-5711.29068
-5715.99313
-5726.60193
-5716.17620
-5727.55200
-5746.02123
-5725.81153
-5727.22970
-5725.91577
-5698.44851
-5724.76210
-5735.47912
-5720.10849
-5717.49262
-5719.49153
-5719.96095
-5731.30504
-5737.51430
-5731.36857
-5714.85792
-5715.71379
-5703.74344
-5733.40954
-5743.80782
-5728.73668
-5735.88224
-5725.42283
-5728.13628
-5723.54242
-5727.65755
-5738.23385
-5726.02564
-5707.42266
-5728.12508
-5734.76002
-5723.12692
-5740.29503
-5734.52025
-5762.31010
-5755.80543
-5743.26592
-5765.95307
-5754.83885
-5770.01291
-5757.22483
-5784.95857
-5737.60615
-5751.69946
-5753.86556
-5744.51560
-5759.06599
-5758.58537
-5744.52717
-5703.40227
-5726.16304
-5728.73715
-5750.20093
-5731.07136
-5703.46480
-5690.41924
-5695.15189
-5708.61521
-5726.52495
-5733.82405
-5736.52785
-5755.65638
-5753.82164
-5740.95971
-5725.28623
-5731.59872
-5728.56826
-5750.96097
-5744.29752
-5750.88299
-5772.80430
-5741.10991
-5749.44519
-5733.92753
-5737.80193
-5742.44716
-5765.89818
-5753.13530
-5761.10965
-5753.22123
-5758.55877
-5761.56933
-5741.57468
-5726.79853
-5746.31423
-5752.59683
-5752.62617
-5746.45471
-5710.61818
-5721.73473
-5741.00578
-5749.01646
-5731.91307
-5733.77511
-5747.44662
-5730.83742
-5727.84798
-5754.82633
-5738.87386
-5771.87692
-5753.87863
-5753.76460
-5759.19734
-5778.63597
-5779.95843
-5767.93082
-5775.34232
-5777.66359
-5792.47141
-5787.15089
-5768.27088
-5758.01390
-5765.54565
-5790.43271
-5777.70821
-5783.87220
-5766.32338
-5768.93441
-5773.13592
-5757.30511
-5740.44282
-5736.80776
-5730.20576
-5728.75550
-5737.62548
-5740.44990
-5731.43373
-5718.90693
-5729.68220
-5724.61920
-5720.73524
-5734.88658
-5731.22235
-5730.31123
-5747.77291
-5744.43764
-5732.98166
-5756.64051
-5750.23202
-5737.45945
-5735.76078
-5709.82665
-5720.01177
-5727.34612
-5735.39367
-5753.73725
-5733.58768
-5756.00992
-5780.59374
-5763.47076
-5774.92744
-5773.43532
-5752.88685
-5728.94314
-5737.42868
-5725.30322
-5699.56655
-5700.94448
-5720.17672
-5735.44105
-5734.86497
-5730.12626
-5742.17301
-5766.42582
-5748.76404
-5725.68176
-5711.76714
-5745.72679
-5736.53080
-5724.55822
-5753.46577
-5759.47085
-5775.67904
-5759.41102
-5730.52593
-5736.27074
-5737.99476
-5769.70719
-5781.15200
-5772.51064
-5776.66449
-5764.25285
-5782.67344
-5786.32641
-5782.64276
-5767.16570
-5765.96419
-5717.96823
-5713.51317
-5726.31174
-5732.70072
-5756.81771
-5750.63024
-5739.79025
-5746.41418
-5763.38009
-5761.20456
-5751.66843
-5752.16854
-5764.28126
-5744.54918
-5769.42950
-5759.05066
-5750.20933
-5747.77629
-5748.44478
-5760.39881
-5749.07109
-5759.56496
-5786.96381
-5776.01053
-5767.39908
-5764.05798
-5761.78494
-5741.53389
-5740.62991
-5745.46182
-5755.90582
-5745.05554
-5741.19639
-5740.15447
-5734.50651
-5698.69532
-5688.40150
-5730.62224
-5757.00350
-5743.87510
-5734.98944
-5745.08532
-5713.75016
-5713.83950
-5750.91656
-5756.78871
-5754.86877
-5740.70969
-5723.32722
-5728.03211
-5728.42930
-5730.71856
-5723.69756
-5712.46698
-5717.82915
-5729.27228
-5720.64300
-5710.22195
-5750.16001
-5721.97553
-5747.88812
-5722.26455
-5727.94734
-5735.38007
-5739.12814
-5755.38096
-5745.92294
-5740.36138
-5731.56807
-5742.82323
-5715.22560
-5719.25638
-5729.40857
-5733.27874
-5737.12930
-5740.74618
-5763.65061
-5763.54201
-5746.59601
-5752.37472
-5762.12991
-5768.93538
-5749.00669
-5773.93513
-5765.57319
-5750.33747
-5745.67330
-5747.41947
-5752.40442
-5760.26100
-5742.93253
-5737.56776
-5761.54193
-5728.31208
-5730.14494
-5752.71657
-5751.37109
-5752.82462
-5742.45777
-5747.57138
-5764.95693
-5752.63655
-5744.61272
-5758.85455
-5751.50153
-5758.75719
-5764.37450
-5759.69903
-5762.45431
-5781.74358
-5753.58506
-5743.08692
-5746.29721
-5730.95209
-5727.45081
-5738.04503
-5764.66632
-5737.75310
-5730.21336
-5743.56559
-5736.48071
-5754.69465
-5737.61988
-5708.80552
-5736.29985
-5735.56692
-5753.82602
-5747.18442
-5752.49473
-5758.94356
-5746.76624
-5742.64125
-5750.69516
-5770.08331
-5787.81230
-5768.63119
-5757.30223
-5736.29020
-5709.46687
-5703.46311
-5689.29535
-5711.12212
-5705.18316
-5696.17014
-5721.60120
-5707.44630
-5707.62596
-5716.55371
-5728.34742
-5719.35435
-5743.73211
-5721.43868
-5733.65657
-5731.40473
-5731.67529
-5743.10609
-5722.75421
-5717.32803
-5707.81366
-5737.31388
-5730.17068
-5722.10784
-5725.37680
-5723.96901
-5732.28837
-5744.55985
-5730.98291
-5724.99572
-5748.66810
-5757.75098
-5773.54288
-5772.19511
-5722.95884
-5730.89881
-5741.31990
-5711.43553
-5723.79510
-5745.30683
-5730.21714
-5758.27551
-5757.40625
-5743.07363
-5766.89482
-5777.48662
-5812.81841
-5798.60898
-5795.41935
-5775.37608
-5803.47876
-5786.20023
-5779.84179
-5752.05627
-5755.77786
-5767.88422
-5775.21021
-5766.75883
-5719.29280
-5725.26311
-5714.12168
-5731.56506
-5702.63762
-5722.25371
-5710.62523
-5725.89158
-5720.25437
-5720.47197
-5728.33001
-5748.08998
-5764.09716
-5748.81429
-5759.70804
-5748.28812
-5747.80704
-5735.25790
-5737.14988
-5716.60279
-5732.50150
-5759.99778
-5757.09200
-5766.36094
-5774.39948
-5751.32540
-5742.53241
-5758.52409
-5782.77955
-5770.40316
-5764.38926
-5762.40048
-5733.17748
-5740.71583
-5709.55079
-5717.55126
-5731.49073
-5731.60942
-5751.55439
-5717.12568
-5724.67109
-5728.00579
-5744.64381
-5715.58409
-5686.82944
-5681.96015
-5711.94085
-5696.32081
-5720.87266
-5710.52504
-5686.79388
-5704.16894
-5698.51486
-5712.39110
-5747.60270
-5754.26632
-5719.86263
-5749.27153
-5731.25312
-5706.31741
-5724.17080
-5724.65528
-5757.53789
-5730.66023
-5745.92994
-5712.81796
-5714.86838
-5731.38870
-5746.69684
-5758.10625
-5715.94805
-5719.64274
-5723.30708
-5699.97077
-5690.26147
-5708.23782
-5713.99583
-5743.61128
-5747.92028
-5742.53768
-5731.87939
-5745.26304
-5734.08117
-5724.14715
-5718.86879
-5718.89743
-5731.22291
-5700.84393
-5716.34402
-5730.37635
-5760.24456
-5750.46313
-5709.16159
-5718.00331
-5744.56769
-5735.45752
-5734.08132
-5689.81456
-5697.54629
-5713.55478
-5717.40555
-5698.71800
-5709.33234
-5703.86262
-5703.25460
-5688.97771
-5713.66285
-5719.74025
-5715.17064
-5715.10592
-5737.91571
-5748.23079
-5712.06757
-5706.90234
-5734.12044
-5740.81918
-5737.63689
-5739.66707
-5735.88502
-5742.09003
-5753.60310
-5742.34623
-5727.33066
-5730.72879
-5715.93534
-5727.56582
-5719.15403
-5727.01119
-5750.75689
-5742.41734
-5717.99940
-5725.30426
-5684.85648
-5682.31616
-5683.02095
-5710.82989
-5708.86709
-5696.45141
-5700.67559
-5688.65195
-5670.33533
-5670.66172
-5700.86484
-5678.82521
-5687.97784
-5671.60995
-5686.35645
-5670.50508
-5706.24604
-5710.32416
-5723.25190
-5745.16585
-5760.12834
-5775.65809
-5779.23488
-5766.51608
-5762.35253
-5764.77182
-5756.31889
-5757.67887
-5753.98768
-5768.53000
-5764.30484
-5772.67228
-5788.19215
-5796.36981
-5810.96369
-5816.05515
-5805.02312
-5797.32606
-5793.10325
-5772.43208
-5777.02211
-5743.44603
-5769.98115
-5769.62002
-5766.98269
-5794.72752
-5796.98053
-5786.69624
-5748.17437
-5769.22385
-5789.32830
-5768.26355
-5763.64586
-5766.83211
-5756.96022
-5756.29675
-5744.91749
-5763.77102
-5783.30075
-5775.58289
-5767.15506
-5774.20540
-5776.12930
-5732.06233
-5738.21346
-5704.85583
-5698.59991
-5711.24557
-5718.50301
-5698.84881
-5696.53024
-5699.47637
-5703.24970
-5690.49208
-5690.37851
-5713.20723
-5719.97413
-5738.31672
-5735.93049
-5739.27724
-5744.03978
-5731.17569
-5712.26541
-5741.20468
-5702.36274
-5678.81449
-5690.55302
-5696.39847
-5697.90673
-5729.39927
-5724.64413
-5725.09792
-5755.00309
-5759.74579
-5730.03959
-5743.90310
-5754.76868
-5718.64473
-5761.53823
-5760.44220
-5720.53477
-5719.60749
-5727.78220
-5722.30989
-5751.52231
-5731.41087
-5730.16259
-5740.40100
-5717.68734
-5735.54114
-5740.73764
-5757.86423
-5744.59160
-5739.87825
-5777.05305
-5773.74935
-5744.54065
-5755.37586
-5769.07773
-5774.70331
-5759.15503
-5746.65582
-5771.63077
-5746.94587
-5746.85492
-5764.88404
-5761.37875
-5776.61914
-5769.19634
-5765.63732
-5745.33607
-5739.81059
-5742.27855
-5763.34704
-5780.97662
-5764.97519
-5752.03774
-5757.74210
-5775.70653
-5755.15905
-5752.24124
-5752.35489
-5776.76685
-5772.70258
-5776.62241
-5770.09674
-5770.96316
-5787.25993
-5785.62624
-5757.26219
