-5834.10526
-5839.19558
-5833.97882
-5815.92871
-5808.56165
-5819.26010
-5819.71495
-5838.48363
-5837.54305
-5835.36253
-5836.35372
-5820.22617
-5822.85813
-5833.65722
-5798.77975
-5798.69567
-5808.55467
-5816.70491
-5808.53416
-5810.23894
-5833.47520
-5832.51208
-5816.85171
-5812.32765
-5804.31448
-5819.64914
-5819.25715
-5828.92934
-5810.61126
-5819.21580
-5804.32151
-5809.38297
-5797.93461
-5816.50452
-5806.24878
-5792.51654
-5794.07182
-5798.32211
-5791.90194
-5806.53919
-5824.38790
-5805.05083
-5815.05636
-5832.49578
-5841.81861
-5813.63915
-5813.51116
-5818.46168
-5827.18614
-5812.73224
-5844.33252
-5848.52994
-5855.82898
-5868.15805
-5870.66588
-5867.43505
-5858.02427
-5859.42004
-5853.80062
-5857.11095
-5858.92990
-5859.45984
-5869.38501
-5851.84050
-5861.31424
-5861.57748
-5860.64822
-5881.14438
-5878.34227
-5851.46681
-5860.64026
-5853.14078
-5862.59806
-5852.63687
-5841.90020
-5833.86268
-5827.55361
-5835.55679
-5854.03152
-5865.65916
-5860.23920
-5824.23345
-5827.43406
-5802.11530
-5795.50471
-5810.65931
-5821.52646
-5840.90654
-5852.17991
-5846.20511
-5843.32070
-5834.86316
-5858.61251
-5843.83350
-5847.60366
-5837.41868
-5825.17368
-5825.59428
-5829.16304
-5845.97064
-5866.21249
-5854.78553
-5869.82287
-5845.30793
-5837.32462
-5837.03453
-5837.14348
-5816.62135
-5849.68903
-5866.99026
-5874.85661
-5863.34146
-5833.89838
-5829.60470
-5812.91621
-5825.72842
-5818.93472
-5835.28608
-5841.93051
-5827.83447
-5828.76419
-5806.57902
-5812.41801
-5827.46637
-5841.31997
-5859.16800
-5862.20887
-5867.97998
-5855.11610
-5845.51312
-5853.52376
-5851.39721
-5842.27511
-5822.45483
-5822.02831
-5835.61131
-5829.11904
-5851.60595
-5865.69341
-5872.14350
-5857.40359
-5883.23496
-5863.75758
-5849.72978
-5822.78959
-5842.84473
-5825.56781
-5843.05705
-5827.92587
-5830.30771
-5837.70443
-5827.12837
-5831.87525
-5830.88977
-5829.02714
-5828.50009
-5824.05597
-5816.17897
-5796.58086
-5800.22176
-5801.34967
-5803.63844
-5778.97254
-5796.23044
-5811.73539
-5829.58107
-5829.60828
-5810.55034
-5817.20409
-5809.40042
-5802.96008
-5789.38013
-5783.87894
-5801.59086
-5794.25861
-5794.98875
-5788.50228
-5798.18144
-5801.00033
-5794.03444
-5812.23132
-5812.61573
-5801.01523
-5802.12587
-5836.56717
-5818.47341
-5806.70162
-5830.59380
-5820.60515
-5840.02912
-5839.10123
-5861.20406
-5840.76999
-5843.88582
-5822.87328
-5801.66039
-5812.12414
-5818.77831
-5802.04976
-5831.23860
-5844.66764
-5863.69142
-5867.01173
-5872.60470
-5865.81035
-5860.34351
-5876.66891
-5877.90607
-5850.89764
-5856.43665
-5846.88796
-5874.34866
-5863.80917
-5853.29415
-5864.50323
-5852.43169
-5852.34802
-5879.44986
-5862.50493
-5876.07383
-5876.43900
-5880.92646
-5880.25733
-5880.74853
-5876.69066
-5875.27736
-5838.05212
-5844.07748
-5829.09499
-5795.74415
-5803.19866
-5793.08340
-5780.61342
-5798.47445
-5806.90303
-5824.06399
-5843.12174
-5854.86213
-5835.56129
-5792.40065
-5813.87234
-5821.80979
-5840.01126
-5842.21108
-5847.40977
-5839.51158
-5817.46203
-5825.12849
-5844.61550
-5855.90133
-5838.84380
-5833.43328
-5823.31797
-5851.23731
-5852.89046
-5849.37364
-5836.34386
-5813.56863
-5813.39709
-5799.81948
-5805.67401
-5810.77770
-5810.67219
-5822.94782
-5811.87200
-5795.30842
-5810.70793
-5821.60463
-5813.10735
-5809.87517
-5797.61862
-5819.59262
-5794.64412
-5791.64696
-5809.67613
-5792.73355
-5818.66068
-5851.77696
-5843.57272
-5858.81911
-5859.52875
-5829.54863
-5843.13829
-5826.89215
-5844.24645
-5838.43387
-5850.95647
-5856.06786
-5835.71457
-5839.93992
-5847.28363
-5834.37929
-5816.45575
-5811.41312
-5823.64134
-5811.53122
-5805.48699
-5786.14657
-5795.30250
-5781.61840
-5813.68038
-5837.14775
-5809.32547
-5822.65642
-5827.48901
-5838.12485
-5821.55071
-5819.64960
-5837.83573
-5835.57841
-5829.74674
-5789.67186
-5802.99867
-5806.54179
-5803.48608
-5790.14621
-5793.32943
-5785.18643
-5792.04486
-5789.55627
-5792.01358
-5819.52373
-5829.39069
-5829.12314
-5812.86135
-5827.99351
-5839.06046
-5817.90570
-5816.15884
-5800.96283
-5802.60417
-5789.65309
-5803.31527
-5775.79681
-5819.93363
-5803.73612
-5811.91638
-5793.25058
-5786.27550
-5760.80718
-5785.45252
-5792.94482
-5784.24731
-5801.86819
-5825.31272
-5827.14599
-5816.84626
-5826.59130
-5844.94138
-5837.04205
-5820.52028
-5813.34319
-5817.96233
-5801.25849
-5797.10847
-5825.14554
-5838.17656
-5830.34017
-5827.28985
-5835.84774
-5833.08111
-5833.52874
-5809.34909
-5824.46678
-5828.73782
-5806.23264
-5787.69252
-5786.01004
-5816.09081
-5826.15159
-5786.62632
-5803.28028
-5814.38445
-5811.94303
-5836.63055
-5823.80285
-5828.13469
-5844.90118
-5843.90874
-5830.33367
-5836.67942
-5842.77705
-5854.77683
-5826.28723
-5828.91604
-5825.77116
-5824.93360
-5816.88493
-5811.30474
-5799.90904
-5814.31286
-5819.49426
-5850.44994
-5834.51525
-5858.50441
-5844.22661
-5825.86245
-5849.74314
-5819.98973
-5819.10252
-5824.86265
-5805.62660
-5781.54316
-5800.08448
-5831.38104
-5826.79479
-5851.06658
-5844.79729
-5848.33618
-5849.48852
-5827.56805
-5800.90951
-5815.45081
-5835.98066
-5823.86365
-5841.98460
-5835.38708
-5836.14698
-5826.26250
-5839.58906
-5825.95477
-5811.54587
-5816.38179
-5799.97893
-5812.89196
-5808.44940
-5806.41278
-5814.59256
-5805.82366
-5829.52698
-5859.94631
-5856.29330
-5861.27657
-5863.73532
-5874.92450
-5870.20843
-5849.87090
-5878.22751
-5850.68315
-5843.11301
-5834.59516
-5850.33072
-5839.15386
-5852.21394
-5857.44155
-5830.71627
-5824.21582
-5830.48941
-5828.99005
-5802.40655
-5817.11454
-5807.99699
-5825.00040
-5828.50844
-5818.55614
-5809.77666
-5810.33970
-5817.84009
-5796.17364
-5795.74251
-5780.33406
-5781.57167
-5792.86969
-5782.15044
-5791.70898
-5790.14153
-5788.54590
-5801.80005
-5798.03560
-5804.37287
-5785.51088
-5793.58498
-5801.49920
-5801.23989
-5807.04284
-5809.33739
-5811.98233
-5788.65574
-5780.98255
-5788.05167
-5798.88807
-5805.62436
-5794.62802
-5824.17361
-5795.73906
-5806.04270
-5790.47169
-5804.91983
-5806.65051
-5798.45512
-5812.88819
-5821.12108
-5815.06884
-5810.29291
-5808.40855
-5812.94946
-5828.20375
-5804.04910
-5821.22349
-5823.25440
-5804.30612
-5818.05191
-5786.00061
-5788.11669
-5806.95022
-5809.28299
-5822.47956
-5818.55288
-5813.81367
-5822.00629
-5865.14743
-5864.50297
-5875.56189
-5895.10204
-5870.03399
-5871.81989
-5859.03102
-5876.86755
-5882.47710
-5882.23913
-5867.34323
-5861.45430
-5863.99201
-5836.48373
-5842.19356
-5825.84080
-5796.72554
-5810.34018
-5795.16321
-5785.21967
-5808.90104
-5797.66292
-5799.04960
-5805.79899
-5818.69100
-5805.57942
-5797.58112
-5798.53501
-5810.86903
-5820.50270
-5814.61532
-5832.09334
-5815.74657
-5803.98198
-5788.11934
-5799.19678
-5785.69612
-5791.69273
-5801.14436
-5807.97050
-5808.74106
-5796.73357
-5775.98225
-5776.15827
-5777.34794
-5782.13649
-5808.04161
-5830.21360
-5854.39655
-5851.49779
-5852.73314
-5876.17854
-5870.11324
-5850.13677
-5825.21610
-5822.66853
-5814.81398
-5823.79421
-5807.17902
-5802.02736
-5821.17743
-5833.99314
-5819.30526
-5841.51255
-5848.12310
-5844.56813
-5841.10269
-5840.51840
-5810.04938
-5821.90918
-5793.93768
-5788.98076
-5792.75955
-5783.64166
-5815.27205
-5779.67034
-5792.97780
-5826.91429
-5828.16992
-5819.23899
-5817.68518
-5839.05304
-5844.04392
-5849.95503
-5812.62623
-5820.80548
-5826.96118
-5825.42308
-5830.23502
-5813.24766
-5809.45683
-5799.36290
-5816.39834
-5842.74552
-5854.29659
-5862.69653
-5886.17486
-5826.12515
-5837.34196
-5814.10556
-5809.10675
-5846.89612
-5841.91241
-5839.18738
-5834.57137
-5815.63931
-5843.06092
-5830.66231
-5856.89466
-5841.20042
-5824.47667
-5823.93839
-5846.60974
-5846.96476
-5870.16209
-5872.67784
-5848.99621
-5835.62641
-5833.39266
-5838.22390
-5859.07210
-5848.17944
-5832.62608
-5821.85197
-5817.15275
-5809.69860
-5826.79545
-5812.40924
-5785.42618
-5778.93248
-5792.22513
-5811.83814
-5822.25370
-5788.61927
-5799.28759
-5811.90577
-5831.54085
-5870.79743
-5843.04365
-5832.88580
-5788.40508
-5793.15677
-5811.07273
-5804.64997
-5786.00586
-5804.36746
-5823.59152
-5817.52117
-5823.97952
-5822.37602
-5821.62276
-5804.65908
-5834.05438
-5864.98422
-5875.09041
-5872.14562
-5855.98988
-5825.72525
-5798.62408
-5791.72778
-5806.15603
-5825.91373
-5815.72117
-5817.40020
-5813.65410
-5837.83727
-5824.78310
-5795.67658
-5816.38179
-5804.82839
-5811.15074
-5832.59658
-5785.10432
-5811.84482
-5801.73306
-5816.86100
-5811.05903
-5803.14948
-5797.40693
-5821.84885
-5834.36335
-5816.44572
-5828.50777
-5840.81283
-5824.70478
-5818.20575
-5826.93136
-5826.90932
-5857.12300
-5842.56892
-5836.68076
-5832.32448
-5797.28013
-5810.99250
-5813.02924
-5828.70452
-5835.00157
-5817.28238
-5819.27008
-5806.61364
-5835.58409
-5849.79140
-5867.14077
-5869.36289
-5873.86150
-5862.49244
-5861.52018
-5881.02941
-5849.30075
-5857.72300
-5861.05506
-5852.96276
-5832.38275
-5838.70041
-5814.89335
-5810.86387
-5815.13534
-5846.78397
-5827.74942
-5824.43484
-5809.58227
-5811.56191
-5800.45775
-5791.90956
-5795.27907
-5804.58024
-5817.27149
-5772.70583
-5776.09258
-5777.80332
-5808.69991
-5797.10118
-5786.87006
-5834.75071
-5851.11341
-5866.23644
-5858.03391
-5850.06975
-5848.93013
-5851.84452
-5869.12389
-5849.60149
-5851.98161
-5845.97497
-5860.06503
-5832.94080
-5814.82576
-5826.25572
-5841.17997
-5839.77690
-5865.95806
-5862.96820
-5825.91411
-5826.73588
-5824.83639
-5844.98961
-5860.34589
-5869.20428
-5828.17781
-5823.92390
-5810.05259
-5796.59171
-5796.98100
-5807.02012
-5825.33034
-5837.78717
-5836.51219
-5840.18186
-5825.32012
-5829.42281
-5815.82777
-5828.67060
-5842.99083
-5833.64546
-5816.12565
-5820.36018
-5819.42883
-5829.97453
-5821.17550
-5809.27941
-5800.80150
-5835.72404
-5822.88952
-5820.62483
-5829.99950
-5834.43062
-5820.23982
-5814.27612
-5815.52936
-5834.55117
-5841.79236
-5857.88189
-5859.36160
-5865.16798
-5850.62578
-5856.85700
-5841.99778
-5849.86882
-5843.89365
-5849.66423
-5861.74890
-5837.79703
-5847.48953
-5842.68966
-5832.12772
-5830.05477
-5808.69193
-5841.43832
-5846.67861
-5819.63985
-5823.74490
-5828.18165
-5831.55502
-5838.00639
-5810.85156
-5810.86643
-5828.80182
-5827.18314
-5811.73565
-5826.20582
-5840.13332
-5853.75273
-5841.88978
-5847.78505
-5858.72224
-5841.40039
-5861.08411
-5861.87499
-5875.31252
-5863.57816
-5834.78401
-5864.02171
-5868.03246
-5854.00518
-5862.18571
-5852.24890
-5833.04467
-5825.75609
-5828.76721
-5805.67122
-5827.20081
-5823.68278
-5817.81015
-5810.34924
-5783.05734
-5790.04070
-5816.25623
-5817.38246
-5812.82234
-5839.31688
-5853.99192
-5832.21533
-5824.04419
-5804.61782
-5826.27329
-5810.14827
-5803.12907
-5813.85623
-5802.28701
-5820.82256
-5812.73891
-5794.33283
-5791.70698
-5786.45379
-5799.05442
-5823.79036
-5836.99954
-5827.15550
-5839.72787
-5830.82910
-5818.80292
-5793.61939
-5779.11703
-5776.71737
-5805.69732
-5827.32383
-5833.97404
-5817.58488
-5806.50457
-5781.56053
-5779.12556
-5793.29573
-5792.09773
-5790.53968
-5786.25966
-5792.34136
-5797.69795
-5798.53166
-5798.77722
-5818.94543
-5813.72335
-5807.48841
-5790.62018
-5772.40920
-5775.46010
-5803.75824
-5799.55186
-5786.62174
-5777.98762
-5771.84640
-5802.41333
-5800.81558
-5839.21431
-5820.61359
-5827.41147
-5847.47333
-5812.98773
-5809.86953
-5810.88130
-5824.59419
-5811.76312
-5803.01757
-5825.54156
-5851.28456
-5841.62883
-5828.93662
-5835.82979
-5847.25031
-5844.33838
-5845.64838
-5849.57951
-5848.05911
-5846.80337
-5858.12345
-5838.63337
-5820.73507
-5829.56828
-5813.14751
-5816.04626
-5831.27570
-5809.66036
-5808.13138
-5796.00360
-5803.04816
-5804.73867
-5814.92008
-5793.67897
-5810.34713
-5806.03886
-5800.38598
-5798.46055
-5808.91997
-5795.19918
-5815.61877
-5790.62946
-5814.30350
-5785.29574
-5807.57542
-5799.26108
-5786.36369
-5774.58581
-5770.86646
-5783.50633
-5795.38612
-5785.17836
-5795.28766
-5797.83926
-5819.33955
-5841.36264
-5847.50908
-5851.50464
-5836.29743
-5822.93357
-5833.55521
-5829.63104
-5821.22968
-5826.98947
-5836.66381
-5857.29518
-5862.37912
-5829.80521
-5805.32893
-5804.01042
-5810.07009
-5794.71513
-5805.37139
-5846.52947
-5856.62166
-5838.15745
-5818.13700
-5820.14745
-5820.78784
-5832.01637
-5816.30401
-5771.30587
-5792.51118
-5788.11329
-5749.66291
-5761.85556
-5760.67024
-5748.06637
-5772.83278
-5779.48741
-5827.19117
-5832.56345
-5824.34925
-5830.88605
-5816.90029
-5813.41012
-5818.45244
-5824.04394
-5843.14848
-5827.72346
-5809.62973
-5819.92595
-5830.22670
-5846.44017
-5849.26386
-5844.94054
-5827.01004
-5816.75263
-5801.46388
-5806.41947
-5810.94339
-5811.56950
-5815.24313
-5810.20153
-5823.90206
-5833.59044
-5844.69103
-5841.97303
-5839.87047
-5840.34162
-5802.95835
-5777.80089
-5774.84687
-5763.84145
-5788.79930
-5786.55523
-5793.30275
-5837.67826
-5819.86597
-5794.51137
-5800.62465
-5803.71442
-5818.53731
-5815.97807
-5809.67154
-5827.42421
-5825.22051
-5843.90323
-5832.88462
-5816.53586
-5814.77288
-5803.04976
-5803.95703
-5805.54800
-5777.67234
-5796.83519
-5787.42272
-5803.92787
-5822.57608
-5843.37414
-5838.07925
-5840.35849
-5845.11842
-5873.40770
-5857.68777
-5871.59414
-5874.85072
-5872.64483
-5864.45157
-5855.63084
-5870.00385
-5857.09130
-5846.64061
-5822.80071
-5842.21429
-5857.33521
-5867.98643
-5866.05061
-5857.38579
-5838.43658
-5829.31400
-5849.29078
-5836.79986
-5833.13651
-5842.19622
-5839.03998
-5828.35950
-5819.36737
-5818.70833
-5829.42507
-5812.67576
-5811.59234
-5816.99691
-5818.58042
-5829.13472
-5828.87267
-5846.12567
-5843.72589
-5836.43718
-5834.54955
-5814.65870
-5810.34208
-5802.95555
-5822.33141
-5816.31126
-5813.68952
-5803.02391
-5803.93837
-5842.37822
-5826.23508
-5831.31259
-5873.80047
-5858.65711
-5868.84691
-5859.95521
-5877.00762
-5882.99564
-5876.95069
-5874.92573
-5866.83105
-5876.95291
-5866.04500
-5878.78076
-5847.18013
-5817.44047
-5830.64085
-5839.16535
-5842.35182
-5851.32630
-5899.41990
-5887.30482
-5893.26628
-5873.59706
-5878.30447
-5867.08160
-5874.45156
-5848.67184
-5854.47248
-5875.36853
-5854.52833
-5889.74260
-5864.07757
-5850.64092
-5867.56612
-5848.89307
-5854.43268
-5867.90412
-5843.32783
-5834.12711
-5860.54345
-5842.73148
-5845.32387
-5838.98077
-5837.42294
-5844.40843
-5860.92882
-5862.75891
-5858.16460
-5845.78969
-5816.76965
-5806.48976
-5786.47499
-5808.51868
-5790.27963
-5816.08870
-5795.45090
-5814.46049
-5813.17495
-5818.72856
-5837.64795
-5838.39234
-5821.27305
-5808.24400
-5812.00986
-5824.09979
-5820.12764
-5808.45528
-5812.22740
-5802.12025
-5793.13620
-5803.21512
-5799.47697
-5777.28028
-5778.07602
-5781.74277
-5808.91376
-5837.17104
-5814.99599
-5822.47545
-5820.99364
-5819.01629
-5833.95366
-5833.96393
-5845.51649
-5819.26710
-5807.56372
-5806.18102
-5802.11576
-5805.71810
-5814.48332
-5823.04931
-5827.47837
-5849.66468
-5844.12542
-5830.79552
-5826.69016
-5820.96558
-5781.52870
-5785.36535
-5769.26798
-5752.51127
-5757.89877
-5770.01915
-5775.80569
-5801.52944
-5815.86565
-5824.60727
-5804.94319
-5775.78043
-5781.48224
-5792.77466
-5796.78637
-5772.11312
-5795.75486
-5788.60082
-5804.28772
-5820.48026
-5831.07870
-5831.53644
-5834.14374
-5843.88452
-5830.62368
-5855.63369
-5861.11004
-5841.83114
-5821.52006
-5828.16489
-5815.35579
-5813.44938
-5828.70416
-5811.96391
-5818.00169
-5822.74559
-5822.52747
-5827.14532
-5853.91303
-5863.36333
-5873.98651
-5861.67573
-5849.25255
-5839.16148
-5841.01239
-5859.47888
-5861.99067
-5845.51972
-5848.77509
-5858.45227
-5883.05389
-5860.04491
-5869.15050
-5862.42707
-5833.50151
-5846.42260
-5853.30201
-5845.17410
-5811.61900
-5851.00056
-5832.63385
-5841.72360
-5817.16236
-5801.44511
-5802.64239
-5806.58892
-5793.88248
-5790.19320
-5804.40838
-5795.12994
-5791.28109
-5785.34071
-5795.25745
-5801.65195
-5805.79222
-5828.70761
-5806.11291
-5824.47589
-5793.25131
-5805.16526
-5820.31363
-5820.69572
-5838.68044
-5833.61817
-5843.16502
-5833.09832
-5831.83748
-5834.36689
-5847.06588
-5840.03529
-5829.94722
-5838.06625
-5851.71634
-5852.51379
-5843.77755
-5832.71820
-5836.38993
-5816.48113
-5793.56792
-5810.81634
-5846.50313
-5826.77818
-5841.31773
-5850.24788
-5840.76144
-5835.99235
-5816.32038
-5816.88952
-5828.73121
-5836.12861
-5838.08600
-5821.16137
-5845.67866
-5844.51930
-5862.57044
-5855.80224
-5852.26316
-5854.01487
-5846.71884
-5821.00910
-5840.15615
-5822.48094
-5804.48415
-5807.33929
-5805.41213
-5817.13739
-5821.33772
-5813.90927
-5822.79348
-5804.93486
-5803.49700
-5797.86471
-5823.03906
-5820.83319
-5797.58605
-5785.79826
-5794.57100
-5810.23697
-5788.74192
-5795.33947
-5813.79171
-5821.95596
-5836.20883
-5836.29920
-5825.60607
-5832.07122
-5832.30273
-5825.72440
-5799.67524
-5818.01560
-5813.55889
-5824.96811
-5852.67654
-5840.95905
-5812.05957
-5845.13943
-5851.36789
-5868.72046
-5863.14245
-5843.77773
-5835.52655
-5831.25995
-5824.09033
-5852.88735
-5859.30361
-5833.02654
-5833.28812
-5858.87598
-5847.79561
-5853.23598
-5858.00783
-5874.70692
-5887.97730
-5868.43621
-5874.86301
-5858.14475
-5846.40411
-5842.88137
-5855.70543
-5835.89124
-5840.63602
-5867.70382
-5859.63298
-5875.36628
-5861.72031
-5869.32535
-5839.17474
-5844.56035
-5836.06500
-5858.95790
-5850.02024
-5861.32990
-5874.08461
-5862.90398
-5856.80476
-5830.06211
-5856.00261
-5853.58203
-5861.75975
-5860.52470
-5852.79687
-5825.51083
-5862.87870
-5866.76484
-5863.00199
-5841.58025
-5814.11634
-5825.63408
-5834.33567
-5830.31709
-5847.62566
-5856.66654
-5828.67721
-5800.56246
-5810.13989
-5829.50333
-5847.34074
-5855.57123
-5845.80007
-5843.09799
-5819.75399
-5821.53879
-5841.81837
-5824.59438
-5831.49559
-5796.72534
-5804.85589
-5811.64427
-5775.96047
-5791.72178
-5819.86938
-5824.45838
-5813.10070
-5793.04402
-5819.91372
-5829.04242
-5826.53749
-5824.17413
-5816.83427
-5798.91750
-5783.46160
-5803.71017
-5811.92417
-5815.10352
-5806.21007
-5796.50108
-5828.03422
-5808.41774
-5790.08083
-5761.29108
-5781.62947
-5794.08683
-5788.52658
-5814.06043
-5799.56337
-5826.71710
-5838.81647
-5826.97382
-5820.80483
-5795.08646
-5785.38313
-5812.54488
-5817.49809
-5810.07547
-5814.35939
-5802.81930
-5803.22273
-5804.37463
-5832.02289
-5817.64561
-5833.89439
-5843.08808
-5843.27694
-5808.73775
-5789.54933
-5793.33938
-5810.36322
-5798.70313
-5813.61862
-5811.70455
-5807.29068
-5817.42353
-5826.52197
-5825.28155
-5808.33606
-5823.35381
-5825.47320
-5806.02160
-5799.05949
-5798.08529
-5802.69709
-5816.44973
-5831.46785
-5811.83845
-5834.17525
-5840.97221
-5803.04151
-5811.52740
-5808.91394
-5818.80076
-5842.60080
-5845.94262
-5860.98293
-5837.16614
-5845.01196
-5837.71993
-5846.89561
-5837.67823
-5839.74706
-5827.40920
-5829.63392
-5830.80389
-5841.98098
-5851.62042
-5860.47170
-5840.99788
-5873.55030
-5869.12814
-5847.81809
-5834.49368
-5827.57759
-5819.58733
-5832.16177
-5811.98200
-5835.92215
-5845.28490
-5852.03602
-5852.70669
-5873.79820
-5854.77226
-5853.25131
-5848.51426
-5860.11139
-5833.92980
-5817.56510
-5813.99935
-5815.90355
-5832.68468
-5841.33298
-5829.36362
-5837.10959
-5823.23970
-5828.90814
-5838.26708
-5830.05654
-5818.10773
-5816.59742
-5763.19008
-5775.44109
-5800.15181
-5798.35713
-5801.87694
-5791.73036
-5806.38618
-5809.01906
-5801.72588
-5782.10407
-5780.30337
-5803.50454
-5821.63531
-5787.82318
-5788.31974
-5807.21519
-5799.15548
-5785.17196
-5804.46429
-5799.96177
-5770.56254
-5787.18443
-5797.59425
-5790.22125
-5817.34681
-5787.96592
-5786.97443
-5780.58075
-5772.30537
-5781.02760
-5802.18465
-5803.61208
-5858.03432
-5847.21194
-5836.99623
-5840.52166
-5840.62946
-5853.76995
-5855.66444
-5858.03607
-5871.24855
-5866.93834
-5857.07503
-5837.64808
-5836.28910
-5806.08780
-5797.13442
-5829.92324
-5821.70581
-5804.68074
-5781.37796
-5768.26903
-5799.62497
-5790.77766
-5789.58888
-5768.79592
-5773.41761
-5808.93146
-5820.39563
-5820.77337
-5820.21823
-5795.59819
-5826.37455
-5831.11477
-5816.79157
-5846.69682
-5851.96309
-5857.10661
-5862.39135
-5844.02709
-5840.23772
-5833.21161
-5818.91139
-5856.00944
-5824.66594
-5790.25833
-5806.49880
-5797.10124
-5801.91697
-5802.68254
-5789.00312
-5778.27833
-5804.68496
-5802.52276
-5830.01695
-5868.60103
-5886.43833
-5873.35510
-5852.93989
-5844.07584
-5824.75420
-5826.90547
-5837.19194
-5845.12697
-5838.70428
-5849.29162
-5858.18792
-5859.37627
-5841.33993
-5836.61973
-5837.54762
-5838.18601
-5844.21683
-5837.18953
-5821.89871
-5791.16224
-5813.01170
-5808.27498
-5811.24119
-5820.44253
-5810.28221
-5804.40022
-5806.29154
-5809.64914
-5815.58749
-5808.52106
-5802.49048
-5797.47885
-5792.57095
-5791.21118
-5812.14423
-5794.58135
-5781.69117
-5796.04023
-5790.78301
-5781.14971
-5782.62795
-5809.26958
-5819.73262
-5791.50141
-5806.52616
-5779.41846
-5781.95681
-5821.13764
-5796.73439
-5792.77094
-5814.63690
-5804.53763
-5833.82064
-5837.84479
-5826.66535
-5819.81623
-5816.28338
-5817.49472
-5844.54165
-5832.17048
-5859.85356
-5872.26141
-5845.15510
-5852.37256
-5834.60894
-5830.85772
-5816.80562
-5808.21105
-5821.21903
-5836.71770
-5865.15760
-5855.49147
-5861.26691
-5847.77851
-5834.60106
-5842.19493
-5830.33810
-5814.07034
-5801.31456
-5809.31029
-5804.73235
-5809.09514
-5790.37377
-5821.45045
-5839.92736
-5817.94650
-5816.44694
-5821.92694
-5810.96166
-5802.01816
-5800.07851
-5818.36597
-5811.50468
-5828.78196
-5852.67342
-5852.63988
-5866.46531
-5873.12449
-5864.91593
-5856.80182
-5843.20268
-5815.39853
-5833.78941
-5819.94594
-5808.99011
-5819.57987
-5820.13354
-5802.06534
-5815.84739
-5815.29044
-5830.04975
-5826.62106
-5795.44421
-5794.50710
-5815.65254
-5791.66453
-5796.43687
-5785.35144
-5794.28608
-5799.54351
-5809.24313
-5828.28468
-5804.02182
-5825.38230
-5823.08162
-5821.80691
-5826.38787
-5825.23434
-5796.24255
-5803.00007
-5793.86881
-5795.17660
-5808.82576
-5811.82082
-5817.41164
-5834.91796
-5832.01647
-5843.64614
-5829.64802
-5828.69426
-5815.71099
-5817.91124
-5818.77351
-5808.92102
-5801.90753
-5807.07300
-5807.15954
-5805.64859
-5806.13321
-5802.88593
-5822.05835
-5812.14590
-5798.50226
-5798.03678
-5821.62141
-5824.22436
-5811.74612
-5786.99215
-5813.53426
-5805.96055
-5817.67134
-5803.26772
-5799.03366
-5802.92883
-5831.11037
-5818.96242
-5828.40745
-5813.65653
-5820.73987
-5825.07209
-5816.22828
-5822.53477
-5812.48886
-5826.34216
-5823.53441
-5846.66996
-5824.58390
-5808.03880
-5780.03648
-5790.81957
-5803.32978
-5796.18454
-5807.02897
-5787.95924
-5792.52774
-5811.31945
-5785.36887
-5812.71268
-5808.13681
-5801.36392
-5774.16652
-5781.90057
-5793.86299
-5795.71673
-5786.57519
-5773.72750
-5795.10817
-5796.51639
-5790.17697
-5781.49987
-5796.10960
-5798.15826
-5790.53671
-5810.23701
-5827.12512
-5832.30717
-5846.39622
-5826.53663
-5816.43072
-5828.19844
-5819.24535
-5827.37559
-5832.87150
-5847.70460
-5825.80864
-5822.53686
-5809.33186
-5797.96172
-5793.62475
-5799.94701
-5784.86940
-5781.36190
-5803.88038
-5795.05329
-5792.96090
-5816.68259
-5796.47213
-5790.10828
-5826.85155
-5815.60098
-5801.09349
-5829.43580
-5850.75445
-5845.04406
-5845.74960
-5862.37529
-5854.10055
-5838.76103
-5851.55956
-5848.90828
-5845.11474
-5842.07200
-5833.56680
-5814.54816
-5804.76917
-5796.59200
-5817.45817
-5812.72971
-5818.75853
-5793.40774
-5810.62911
-5826.93909
-5831.24805
-5827.96786
-5846.17897
-5845.96724
-5817.72308
-5824.08383
-5833.39425
-5837.98673
-5828.37316
-5818.32452
-5834.19471
-5835.46948
-5849.49575
-5843.32399
-5836.85017
-5795.51372
-5809.46906
-5810.13681
-5823.02943
-5833.14909
-5838.01001
-5852.69077
-5845.75252
-5832.80430
-5830.52802
-5820.35829
-5818.62916
-5815.65642
-5824.57615
-5820.73543
-5808.73697
-5812.71401
-5833.93837
-5838.82495
-5857.99596
-5849.93546
-5836.37479
-5826.41208
-5848.11557
-5838.67267
-5817.87456
-5814.29434
-5818.71852
-5818.03056
-5818.49650
-5819.96705
-5842.62891
-5838.23252
-5821.54517
-5823.81785
-5828.86912
-5843.44458
-5833.94276
-5805.18224
-5822.33668
-5793.82823
-5793.46986
-5789.43985
-5788.54292
-5807.26379
-5802.08456
-5795.11086
-5802.73820
-5798.51514
-5777.42737
-5804.83701
-5812.80666
-5813.90646
-5796.43303
-5799.12953
-5818.76251
-5827.27047
-5835.70647
-5824.22141
-5810.46373
-5814.05197
-5801.60230
-5808.75072
-5795.53384
-5789.80895
-5794.01052
-5812.43860
-5825.53410
-5814.35714
-5810.20537
-5850.40800
-5828.99849
-5819.31508
-5836.20321
-5830.87537
-5837.89383
-5816.31203
-5820.04460
-5830.40086
-5848.49120
-5829.45632
-5813.76767
-5836.87931
-5832.83097
-5832.80860
-5850.23798
-5838.25183
-5817.36185
-5809.18267
-5822.10827
-5821.48909
-5828.05973
-5821.31709
-5816.02115
-5817.45208
-5826.93034
-5834.21590
-5827.44365
-5824.22388
-5825.86870
-5842.44569
-5838.47139
-5851.57539
-5857.68028
-5836.70989
-5823.28531
-5837.93029
-5803.36368
-5818.09118
-5819.69269
-5817.18162
-5797.65894
-5803.14045
-5812.67345
-5817.88980
-5834.58939
-5796.88625
-5807.47734
-5816.58214
-5838.61211
-5819.17733
-5826.11508
-5821.29874
-5801.90948
-5818.64446
-5852.58047
-5841.67800
-5855.49078
-5840.16205
-5827.35855
-5842.69555
-5841.58936
-5846.14586
-5837.91500
-5842.47287
-5822.10099
-5808.91509
-5821.44749
-5850.22496
-5841.13870
-5813.52478
-5813.64443
-5826.54806
-5834.27916
-5843.32095
-5803.32203
-5788.13169
-5797.97924
-5776.45465
-5794.17943
-5809.73215
-5821.11194
-5827.03072
-5824.71582
-5813.92858
-5809.11184
-5819.92195
-5817.77269
-5828.36816
-5833.75893
-5866.27404
-5871.86633
-5855.73160
-5866.03644
-5867.90500
-5854.52743
-5845.52823
-5814.90052
-5808.78902
-5816.06951
-5822.78922
-5843.22041
-5840.71150
-5821.32775
-5831.04126
-5824.54490
-5825.30746
-5844.28498
-5820.90241
-5822.74468
-5843.53585
-5840.44797
-5830.29965
-5835.51018
-5803.25162
-5817.10263
-5834.87275
-5824.03073
-5835.40808
-5850.46596
-5840.76095
-5848.69396
-5851.39479
-5837.56357
-5833.02215
-5820.83005
-5819.29899
-5825.18648
-5815.04444
-5830.97206
-5831.15330
-5840.39263
-5862.19262
-5843.73166
-5829.26583
-5822.08674
-5831.53404
-5844.20464
-5840.97328
-5839.40673
-5849.75493
-5832.40090
-5809.69326
-5840.85131
-5817.82356
-5808.99049
-5830.74596
-5843.98934
-5845.00634
-5868.23974
-5833.31202
-5831.56503
-5843.64055
-5839.06539
-5862.76664
-5844.47731
-5861.74676
-5848.77036
-5845.62928
-5878.26294
-5859.62465
-5852.27080
-5847.07205
-5859.56797
-5860.46243
-5848.77455
-5829.35915
-5841.49867
-5820.52754
-5823.28092
-5852.41989
-5879.60458
-5857.77174
-5852.28512
-5827.62335
-5844.82726
-5864.07087
-5839.20535
-5824.24125
-5833.43686
-5815.23149
-5821.66048
-5838.08243
-5855.55585
-5863.26520
-5855.49769
-5876.09387
-5871.13334
-5856.16078
-5851.69559
-5850.84004
-5858.24959
-5873.61800
-5882.16389
-5887.86813
-5892.06956
-5870.01060
-5876.07948
-5887.02728
-5876.87406
-5893.55135
-5879.49509
-5858.76956
-5871.23631
-5833.92986
-5842.51012
-5816.86873
-5818.61532
-5838.52143
-5813.82668
-5837.42535
-5852.75651
-5852.73450
-5865.75667
-5861.31486
-5847.37564
-5815.06807
-5815.30064
-5830.14028
-5793.64919
-5814.02594
-5800.82463
-5808.59640
-5837.28750
-5821.42260
-5824.37347
-5829.44196
-5846.36369
-5869.11466
-5862.09262
-5868.29073
-5877.63564
-5894.90220
-5871.55616
-5886.41487
-5867.84204
-5843.28856
-5852.08977
-5839.96501
-5848.14743
-5839.18069
-5842.41517
-5839.28080
-5858.59671
-5854.49032
-5814.03912
-5799.30881
-5819.52671
-5826.22266
-5823.11742
-5810.90469
-5823.40483
-5848.30932
-5867.50221
-5853.92604
-5835.16843
-5834.40898
-5830.20039
-5826.39008
-5820.64278
-5840.23193
-5837.05008
-5826.10727
-5817.67727
-5807.80791
-5821.63747
-5836.41409
-5856.07344
-5858.74023
-5842.56750
-5824.81731
-5833.45217
-5841.46236
-5840.82431
-5830.71653
-5857.88667
-5858.28699
-5854.06779
-5823.85901
-5839.56114
-5848.75726
-5831.71561
-5852.57580
-5858.93104
-5855.89460
-5846.34734
-5850.96198
-5866.99109
-5864.16845
-5869.03416
-5841.13932
-5861.49764
-5834.82358
-5857.14806
-5843.31037
-5850.81543
-5848.53620
-5860.87170
-5842.11318
-5827.05840
-5834.69962
-5807.57835
-5817.57799
-5826.40458
-5827.38984
-5828.71434
-5822.71360
-5827.88386
-5860.11905
-5846.29815
-5843.91442
-5839.64671
-5828.78630
-5840.82199
-5840.45960
-5839.91342
-5847.93200
-5842.44916
-5848.42103
-5873.92696
-5860.19618
-5859.23037
-5852.43548
-5840.73080
-5826.82643
-5830.26896
-5823.25425
-5837.36662
-5843.99681
-5826.77971
-5826.09103
-5803.53115
-5815.10143
-5808.40901
-5816.78829
-5820.17344
-5814.04456
-5833.58178
-5839.26299
-5834.34074
-5838.30279
-5842.74708
-5825.03014
-5814.88484
-5818.76852
-5808.33206
-5805.28168
-5804.80926
-5817.85796
-5818.43393
-5810.09930
-5785.62659
-5764.55134
-5760.03861
-5763.05516
-5805.47931
-5778.69755
-5784.23353
-5802.56456
-5816.27450
-5804.88882
-5816.61240
-5821.19197
-5821.95503
-5827.02156
-5837.66649
-5846.85571
-5830.21691
-5858.95361
-5855.63238
-5854.73736
-5855.40301
-5840.94689
-5832.32946
-5820.93813
-5835.63451
-5842.53193
-5832.70624
-5832.80704
-5842.60491
-5851.01805
-5852.62173
-5845.75194
-5809.75931
-5802.15136
-5814.71363
-5795.26523
-5829.04862
-5827.63600
-5849.84637
-5850.62029
-5834.25453
-5831.05615
-5826.64581
-5829.60844
-5837.20397
-5827.87248
-5826.96158
-5806.28717
-5799.61634
-5800.36041
-5821.75678
-5817.88350
-5797.47780
-5800.81069
-5814.49905
-5823.39942
-5851.14352
-5836.04982
-5853.42034
-5840.44501
-5842.66490
-5850.04860
-5820.94536
-5824.94611
-5843.73071
-5857.15176
-5866.50269
-5857.19178
-5856.08929
-5855.18673
-5865.83804
-5818.47258
-5833.06096
-5822.78002
-5817.56682
-5827.25088
-5855.61078
-5836.28462
-5843.49558
-5842.93489
-5825.55441
-5844.54933
-5841.95515
-5836.00428
-5832.90544
-5834.14140
-5829.31198
-5822.94501
-5802.77221
-5806.02480
-5791.20218
-5804.98175
-5812.21748
-5818.70382
-5819.72219
-5818.18661
-5826.90245
-5812.25200
-5826.44497
-5819.46365
-5816.18772
-5821.31212
-5827.32580
-5804.03463
-5801.06850
-5800.09796
-5816.96891
-5833.75541
-5832.19014
-5839.15720
-5820.28664
-5866.85684
-5873.36724
-5888.82240
-5861.32408
-5884.71617
-5863.00529
-5857.29150
-5864.24572
-5843.39960
-5848.58116
-5877.46419
-5852.82847
-5835.78888
-5834.63369
-5839.70520
-5838.00944
-5822.76515
-5806.94703
-5823.66956
-5851.22255
-5859.06677
-5847.02294
-5819.01369
-5820.22210
-5819.67613
-5842.60878
-5822.39212
-5811.90316
-5807.84133
-5821.15873
-5808.93357
-5807.66020
-5797.03562
-5812.33609
-5821.19023
-5813.24068
-5804.96526
-5814.92231
-5795.02115
-5783.70643
-5796.76355
-5766.99793
-5789.32963
-5766.31373
-5764.80682
-5772.97287
-5804.34223
-5813.54896
-5818.56626
-5814.13497
-5795.43476
-5807.05176
-5791.52584
-5805.34506
-5787.01537
-5768.13069
-5794.69615
-5792.69572
-5787.49527
-5781.94904
-5785.57653
-5799.19090
-5814.22585
-5831.70819
-5860.75643
-5847.72961
-5835.16235
-5817.21296
-5818.22133
-5822.11764
-5820.59234
-5826.10113
-5811.68196
-5843.01826
-5848.75738
-5840.22002
-5863.18109
-5862.18939
-5845.56252
-5855.63348
-5845.73985
-5835.01171
-5833.62344
-5837.72623
-5848.86860
-5848.98603
-5840.72251
-5839.15953
-5831.46338
-5855.91966
-5836.80910
-5820.96055
-5815.57951
-5790.76734
-5815.58165
-5809.51618
-5805.29841
-5792.24877
-5798.42204
-5792.84183
-5776.21424
-5804.20767
-5828.86851
-5818.10230
-5813.48713
-5817.00194
-5775.33797
-5791.53490
-5789.33505
-5788.66169
-5792.44062
-5786.60489
-5767.81452
-5768.03036
-5773.64406
-5773.22973
-5795.84924
-5820.00202
-5814.82336
-5820.02674
-5822.61666
-5798.62384
-5819.82114
-5818.83652
-5826.11373
-5844.70229
-5828.24165
-5841.20128
-5839.36765
-5818.50317
-5837.66671
-5843.76329
-5826.88782
-5839.35647
-5855.55938
-5838.95367
-5836.05157
-5834.57785
-5826.61315
-5816.64217
-5821.81112
-5803.74303
-5807.45372
-5796.40291
-5812.81501
-5830.71307
-5838.03345
-5830.22879
-5813.12092
-5799.02381
-5812.17752
-5801.78393
-5809.63066
-5816.22726
-5823.98424
-5808.62394
-5802.72951
-5827.68537
-5823.82667
-5837.20101
-5853.57967
-5852.04312
-5826.97482
-5841.58068
-5836.04971
-5820.45962
-5831.94230
-5814.70457
-5831.46857
-5845.16773
-5856.13028
-5853.41540
-5835.70471
-5813.11399
-5839.69718
-5836.32757
-5834.42660
-5825.03479
-5860.72310
-5842.69261
-5829.75167
-5842.22375
-5846.73411
-5844.53016
-5856.02774
-5855.06196
-5834.98980
-5823.46163
-5819.02798
-5798.76529
-5822.51038
-5837.69660
-5834.90738
-5815.53763
-5814.65652
-5830.53692
-5828.65445
-5812.09945
-5797.24396
-5825.29033
-5819.35386
-5831.64477
-5842.91139
-5843.00613
-5846.99100
-5835.03311
-5823.09795
-5804.92855
-5839.90331
-5855.22867
-5858.50740
-5853.59207
-5860.82911
-5862.06007
-5844.77077
-5828.73280
-5836.25237
-5836.74776
-5804.96062
-5815.41884
-5815.02465
-5827.09435
-5819.65880
-5846.66971
-5857.37795
-5864.27376
-5839.71916
-5851.37661
-5824.07797
-5825.33862
-5818.97602
-5797.75305
-5798.54475
-5839.92815
-5835.68650
-5822.00819
-5810.94966
-5825.73758
-5784.33747
-5793.45671
-5812.76728
-5808.31389
-5812.27603
-5795.61331
-5790.08336
-5785.00703
-5797.00526
-5827.70466
-5819.62964
-5828.03501
-5827.58650
-5809.07135
-5793.76710
-5825.44057
-5803.24376
-5805.96619
-5834.40780
-5835.23145
-5829.90199
-5832.53591
-5812.47984
-5793.79297
-5809.75998
-5791.75142
-5806.47551
-5825.32377
-5824.29071
-5847.95725
-5826.98394
-5816.21681
-5807.58070
-5797.84689
-5820.91806
-5823.15454
-5796.69250
-5786.32821
-5794.00701
-5834.19957
-5818.52673
-5826.45556
-5825.23048
-5797.73875
-5821.46605
-5779.19904
-5758.91916
-5762.37900
-5789.53331
-5784.22990
-5779.02402
-5782.04314
-5772.11302
-5775.83641
-5756.71457
-5772.02490
-5762.45384
-5758.45316
-5798.36308
-5789.72617
-5789.46860
-5798.99883
-5807.24597
-5811.67816
-5808.13604
-5806.36869
-5806.49351
-5807.28884
-5815.93379
-5800.30251
-5796.44851
-5808.19461
-5780.25941
-5773.88449
-5787.75296
-5791.69854
-5768.88964
-5805.12604
-5828.51508
-5848.80131
-5860.13532
-5845.73548
-5830.77150
-5829.70719
-5836.77885
-5835.80071
-5805.63574
-5782.21664
-5816.97750
-5809.21979
-5807.33027
-5810.25027
-5799.75613
-5806.06660
-5828.45736
-5821.29507
-5791.21173
-5787.76840
-5802.12065
-5781.96472
-5782.72206
-5803.53970
-5793.36226
-5786.50259
-5796.67305
-5836.74675
-5857.11166
-5859.68927
-5837.31149
-5854.46811
-5865.20311
-5867.16928
-5849.12619
-5859.57941
-5857.01752
-5852.48431
-5823.11139
-5821.81710
-5848.55177
-5838.84367
-5844.20866
-5808.92735
-5794.81951
-5797.00705
-5816.21091
-5806.24274
-5814.07261
-5799.45663
-5794.88001
-5787.91368
-5797.53626
-5792.16461
-5804.57366
-5819.83648
-5789.04448
-5809.11008
-5803.55436
-5830.83904
-5840.47758
-5842.31403
-5844.01010
-5847.98448
-5822.50646
-5850.66798
-5835.96479
-5809.12894
-5833.85123
-5804.34532
-5817.18310
-5802.55550
-5795.39981
-5801.38279
-5788.86039
-5819.84697
-5819.99662
-5808.64273
-5807.56053
-5814.82030
-5834.49166
-5821.30395
-5823.89002
-5799.01164
-5815.62059
-5827.57899
-5815.38620
-5805.27956
-5794.22548
-5821.74982
-5800.62336
-5829.16037
-5837.35093
-5815.85684
-5856.10328
-5870.56288
-5860.60645
-5849.76326
-5861.74246
-5831.77724
-5849.24159
-5857.43693
-5858.93511
-5858.85031
-5845.91752
-5850.33559
-5846.13043
-5827.79262
-5851.25342
-5831.66178
-5836.39869
-5811.49518
-5799.68864
-5804.74443
-5835.27702
-5815.68889
-5816.99255
-5825.06593
-5811.28134
-5827.08910
-5822.61916
-5802.58312
-5826.16123
-5819.29778
-5824.21072
-5807.26772
-5808.08958
-5801.28663
-5797.23935
-5790.85504
-5823.18683
-5810.49659
-5816.77273
-5789.49514
-5796.94374
-5822.30731
-5821.67475
-5829.05156
-5822.11093
-5810.98113
-5820.18676
-5830.47868
-5844.71772
-5839.47483
-5862.90332
-5845.83334
-5834.29553
-5817.38422
-5819.98056
-5827.05324
-5840.69959
-5856.00979
-5840.84573
-5821.87450
-5809.72136
-5811.70996
-5835.39286
-5823.87621
-5840.36418
-5831.21943
-5836.49097
-5846.75505
-5855.66147
-5873.97957
-5856.90104
-5843.65811
-5816.21049
-5834.05682
-5806.01612
-5814.05011
-5808.69897
-5787.48409
-5756.90251
-5791.64291
-5778.40074
-5774.50318
-5793.49426
-5818.82524
-5836.07063
-5826.26065
-5827.12326
-5864.39223
-5858.04819
-5850.60922
-5841.97163
-5857.51979
-5865.15723
-5867.39344
-5857.89570
-5824.98605
-5835.34445
-5860.79870
-5848.54917
-5857.86126
-5831.93372
-5841.48463
-5812.27419
-5807.75992
-5800.28729
-5820.83175
-5792.95221
-5797.54689
-5790.73165
-5800.54045
-5796.95083
-5792.95172
-5749.24176
-5778.98544
-5797.32086
-5795.32334
-5812.24101
-5832.00574
-5828.40686
-5834.76930
-5860.23545
-5864.41485
-5867.09548
-5839.63637
-5834.52103
-5853.28607
-5834.88342
-5836.18861
-5850.62267
-5845.57709
-5852.30485
-5818.03674
-5834.64404
-5819.87082
-5816.92395
-5817.74101
-5797.04502
-5817.03446
-5823.86023
-5827.84124
-5834.44541
-5842.66592
-5834.09021
-5829.37420
-5840.96077
-5837.71771
-5837.73299
-5827.72806
-5825.40234
-5844.85519
-5850.16934
-5842.83025
-5816.42321
-5822.12374
-5810.87700
-5823.15180
-5823.42963
-5802.79818
-5785.82536
-5789.55514
-5794.82960
-5785.03911
-5813.02459
-5817.00905
-5797.81091
-5794.14940
-5782.51013
-5763.53775
-5785.73282
-5807.71933
-5786.77658
-5793.15201
-5796.34495
-5812.54708
-5823.57369
-5823.61279
-5823.80570
-5824.93196
-5820.92011
-5840.56673
-5854.10020
-5838.20641
-5840.06972
-5821.57636
-5814.50628
-5794.00968
-5805.11183
-5797.44870
-5778.65384
-5785.23400
-5792.03002
-5799.41611
-5783.66059
-5795.61313
-5802.33684
-5794.13868
-5796.43074
-5781.85292
-5785.21084
-5799.30257
-5818.37150
-5802.94990
-5842.19524
-5834.95466
-5831.86245
-5848.18847
-5843.19777
-5832.94849
-5804.27845
-5836.35971
-5832.11323
-5821.21844
-5834.08341
-5876.76880
-5874.82913
-5833.16060
-5848.46049
-5857.02475
-5837.27102
-5837.49569
-5841.15790
-5826.60590
-5827.13260
-5829.06761
-5832.17077
-5855.74727
-5852.30640
-5869.15114
-5836.97375
-5813.79395
-5809.86459
-5825.56751
-5832.73104
-5827.52073
-5815.36381
-5823.86006
-5828.02519
-5811.23254
-5825.76798
-5822.97004
-5832.81212
-5843.05782
-5844.27966
-5860.86673
-5849.18782
-5828.53363
-5817.43256
-5825.61056
-5824.57922
-5813.23269
-5803.72760
-5833.00835
-5860.58232
-5842.00233
-5863.26950
-5852.74240
-5845.32013
-5874.61493
-5887.96669
-5860.70249
-5869.21782
-5877.86810
-5833.59987
-5834.61624
-5867.33088
-5854.88612
-5839.14640
-5843.05675
-5847.97246
-5839.51459
-5830.15778
-5845.41965
-5833.95092
-5841.23667
-5838.48381
-5827.20201
-5866.09611
-5895.62047
-5882.46052
-5890.63082
-5880.56096
-5891.59326
-5904.80952
-5901.14329
-5877.44689
-5880.12854
-5877.98920
-5876.29911
-5897.88554
-5894.91051
-5887.96201
-5866.23874
-5854.50815
-5865.54815
-5872.00954
-5874.22324
-5872.18363
-5849.76639
-5855.23849
-5861.72408
-5863.72597
-5877.17957
-5849.61668
-5832.46780
-5845.39283
-5834.25823
-5844.49054
-5839.86183
-5830.78574
-5832.77642
-5833.91472
-5834.05436
-5854.03422
-5845.05378
-5863.79590
-5838.68838
-5820.33078
-5805.57334
-5825.11968
-5818.45826
-5821.02247
-5822.01254
-5846.49361
-5828.48125
-5809.39350
-5825.42597
-5831.77047
-5822.47758
-5837.69962
-5833.59099
-5820.64764
-5830.48632
-5840.78885
-5826.56396
-5842.00730
-5837.50951
-5833.24721
-5830.02316
-5835.42457
-5811.38713
-5798.80735
-5776.36378
-5787.41291
-5787.13909
-5780.42928
-5762.59447
-5775.25465
-5803.31800
-5777.87742
-5791.86112
-5772.18246
-5793.64250
-5797.36212
-5803.84459
-5786.23601
-5802.97443
-5813.08078
-5808.69701
-5807.74790
-5841.85965
-5843.19172
-5851.97852
-5845.96404
-5864.44559
-5830.63428
-5840.06071
-5831.29181
-5813.16331
-5805.56133
-5804.29171
-5806.48618
-5816.81990
-5823.48390
-5824.00637
-5824.65623
-5808.82643
-5835.17224
-5840.28875
-5822.57150
-5801.20839
-5815.21239
-5830.46063
-5834.92172
-5823.87158
-5817.46047
-5837.13387
-5820.81601
-5825.97871
-5824.77122
-5831.46025
-5854.28813
-5866.59191
-5842.66298
-5851.81483
-5845.82025
-5832.61178
-5830.18959
-5829.60197
-5836.16657
-5848.54363
-5871.87243
-5867.37321
-5859.50177
-5867.55782
-5843.94640
-5836.65173
-5827.10769
-5812.09604
-5793.67676
-5782.48210
-5825.08377
-5822.21875
-5801.18782
-5799.94022
-5826.97622
-5813.68772
-5806.18054
-5808.01210
-5807.33379
-5772.14936
-5783.04402
-5795.06607
-5780.26048
-5786.72272
-5790.53586
-5798.92639
-5807.98170
-5829.27149
-5829.33836
-5812.55630
-5816.88375
-5804.47436
-5823.08186
-5807.62307
-5819.35445
-5823.03884
-5831.33652
-5819.78314
-5821.50930
-5813.37087
-5812.72008
-5813.76989
-5824.22198
-5814.43102
-5832.13842
-5849.50285
-5847.05569
-5815.36041
-5830.22655
-5826.50748
-5822.63103
-5852.63578
-5820.26191
-5817.84714
-5829.82451
-5854.89946
-5849.03277
-5842.43585
-5827.37678
-5817.36566
-5803.17458
-5794.95442
-5798.70772
-5814.94413
-5843.03790
-5836.68707
-5834.12044
-5828.31688
-5832.60025
-5849.79630
-5845.02697
-5825.69922
-5819.26637
-5846.61962
-5829.90583
-5850.03549
-5836.94290
-5832.48654
-5836.65385
-5845.78877
-5851.75354
-5852.85695
-5865.10898
-5851.97345
-5847.54132
-5848.30239
-5846.02896
-5853.94797
-5863.62234
-5855.63306
-5869.12651
-5887.18090
-5850.88412
-5849.24382
-5850.70841
-5833.40299
-5845.65247
-5852.70349
-5807.90587
-5796.03276
-5804.80630
-5831.81456
-5834.99766
-5840.09259
-5800.87335
-5798.56793
-5803.57600
-5830.18365
-5830.75157
-5821.32289
-5825.67171
-5817.27758
-5821.03365
-5813.01863
-5837.02624
-5834.94983
-5840.35943
-5812.99619
-5826.76534
-5832.55564
-5838.70574
-5849.00299
-5847.03124
-5852.27758
-5832.47117
-5835.41527
-5846.44828
-5843.97878
-5832.83009
-5861.15150
-5854.29206
-5840.04428
-5822.00927
-5822.87248
-5842.20651
-5839.42282
-5862.88927
-5835.41228
-5806.31109
-5819.24166
-5805.55292
-5831.32599
-5844.40116
-5840.79274
-5847.26800
-5853.05903
-5827.03872
-5799.35187
-5820.76266
-5828.06284
-5843.88565
-5832.65662
-5809.49501
-5828.72240
-5858.60051
-5865.79345
-5866.24749
-5846.45350
-5848.87495
-5855.95940
-5861.98618
-5827.21386
-5820.56737
-5836.01124
-5835.98789
-5839.33231
-5844.89215
-5835.30108
-5848.46102
-5852.34266
-5875.64200
-5869.98304
-5867.52325
-5848.90303
-5852.40316
-5859.46774
-5835.39252
-5838.00819
-5830.47999
-5821.47039
-5805.18061
-5819.63254
-5832.62685
-5830.93509
-5838.84994
-5806.83733
-5801.72565
-5804.69437
-5826.04244
-5846.78780
-5865.64863
-5876.83317
-5863.68182
-5870.06218
-5876.21470
-5878.09455
-5863.94251
-5840.53558
-5854.24052
-5856.48158
-5847.28554
-5854.75254
-5821.63055
-5832.82502
-5834.08475
-5841.38420
-5824.22512
-5843.48702
-5831.03751
-5832.85669
-5839.03710
-5826.51183
-5831.79547
-5845.97616
-5813.70193
-5816.06772
-5827.74161
-5808.62626
-5824.31217
-5832.81332
-5841.26290
-5840.32482
-5835.27645
-5850.17677
-5851.39709
-5827.35445
-5848.31761
-5840.35787
-5806.60562
-5814.11075
-5822.10148
-5823.95276
-5813.92498
-5816.25522
-5813.47960
-5821.34711
-5800.12250
-5800.91325
-5818.74405
-5811.24894
-5792.42887
-5815.25945
-5800.53718
-5804.22853
-5821.21152
-5830.53069
-5814.28350
-5802.05555
-5792.53932
-5762.76940
-5763.84913
-5792.42757
-5798.60705
-5809.01112
-5800.45447
-5815.61005
-5835.23151
-5844.79813
-5821.06807
-5813.25837
-5793.69761
-5768.06077
-5797.67184
-5797.20837
-5802.92284
-5820.77432
-5841.26545
-5837.40550
-5820.18419
-5799.86124
-5813.60479
-5814.76945
-5840.04832
-5819.20608
-5811.96295
-5800.44055
-5828.35124
-5823.97859
-5818.67995
-5823.15825
-5814.26329
-5806.23120
-5791.16394
-5812.13131
-5804.90481
-5798.53293
-5800.45082
-5812.14905
-5796.48037
-5798.21258
-5790.05313
-5788.16719
-5806.93875
-5821.77122
-5814.46923
-5795.29749
-5792.72089
-5772.39570
-5792.38982
-5772.70603
-5773.65248
-5790.26686
-5764.39126
-5790.62834
-5794.93032
-5787.44042
-5794.87618
-5795.31543
-5816.30126
-5821.13794
-5816.17288
-5794.32333
-5824.34023
-5803.79224
-5796.77960
-5808.13259
-5807.91381
-5817.44691
-5812.06449
-5810.71093
-5787.68097
-5792.08211
-5815.77698
-5787.59494
-5794.15437
-5822.36448
-5818.12596
-5810.20350
-5801.97936
-5792.06320
-5811.01962
-5806.36219
-5811.57383
-5857.74123
-5859.07756
-5875.98172
-5863.97180
-5857.09612
-5868.66217
-5843.81758
-5839.78937
-5826.41918
-5806.75457
-5810.22063
-5795.40631
-5813.44871
-5821.76045
-5843.48985
-5832.81214
-5837.66260
-5811.94664
-5829.95431
-5802.21808
-5825.35156
-5821.01101
-5852.90531
-5835.24224
-5840.60795
-5839.09960
-5848.94273
-5837.43488
-5843.49668
-5810.80332
-5827.05842
-5821.10968
-5799.77229
-5813.95794
-5816.08139
-5843.37062
-5831.53985
-5820.80673
-5830.92079
-5823.79346
-5830.41700
-5836.80319
-5860.62637
-5858.67479
-5833.41971
-5826.86006
-5814.37634
-5821.27043
-5821.60917
-5826.67411
-5813.53082
-5820.09049
-5812.58371
-5813.36993
-5823.36159
-5830.52309
-5841.43936
-5843.86373
-5867.08311
-5862.12127
-5840.20721
-5825.50873
-5838.82542
-5838.83126
-5822.26827
-5825.86524
-5841.73840
-5867.82559
-5849.89828
-5851.22887
-5842.16513
-5857.25184
-5862.18448
-5859.75292
-5847.55603
-5842.13061
-5840.19360
-5835.61775
-5829.88146
-5841.44200
-5831.80332
-5821.75077
-5830.72714
-5817.07537
-5861.44986
-5839.14030
-5833.01897
-5834.14748
-5827.43762
-5819.69906
-5827.71756
-5848.44680
-5836.70635
-5859.76781
-5832.47559
-5837.98156
-5842.54786
-5858.95285
-5871.36249
-5864.72089
-5862.09098
-5877.99026
-5849.47078
-5826.11121
-5808.79899
-5824.06977
-5844.20487
-5840.86571
-5837.29877
-5808.20494
-5816.61509
-5846.61333
-5819.66305
-5820.41432
-5812.31264
-5806.20010
-5827.76010
-5829.56588
-5846.15889
-5828.99878
-5820.16327
-5824.64910
-5850.13038
-5854.20638
-5858.41371
-5861.84790
-5855.69646
-5846.54343
-5857.06717
-5842.23723
-5842.01877
-5834.06501
-5840.21180
-5839.04879
-5832.49247
-5847.92765
-5852.60602
-5836.20963
-5837.30503
-5840.18527
-5837.96700
-5810.18717
-5812.48455
-5817.24371
-5824.35014
-5817.44352
-5829.40297
-5813.34183
-5833.07502
-5825.43670
-5803.79342
-5785.05128
-5808.59907
-5823.78205
-5817.77947
-5795.40114
-5764.11895
-5763.00816
-5781.39176
-5754.37363
-5761.64321
-5809.16361
-5834.66944
-5862.08664
-5856.70762
-5846.59531
-5851.70339
-5848.47534
-5834.57668
-5826.30859
-5839.31191
-5839.30962
-5858.25611
-5863.26966
-5851.39187
-5847.74360
-5839.47728
-5830.75857
-5841.04131
-5831.22094
-5849.22902
-5849.60121
-5853.36392
-5857.13810
-5853.52162
-5852.21924
-5854.82921
-5847.79440
-5838.03299
-5806.21809
-5800.14219
-5825.86845
-5802.24793
-5778.95201
-5807.87310
-5827.69261
-5833.36832
-5820.12155
-5809.91772
-5831.47324
-5822.23609
-5817.42021
-5796.95193
-5788.88778
-5783.77016
-5787.68718
-5796.24466
-5780.59760
-5796.21284
-5819.67790
-5832.05873
-5838.69565
-5831.12212
-5856.54328
-5858.26900
