-5945.59204
-5930.14073
-5928.41405
-5928.47820
-5941.77249
-5933.55049
-5934.27297
-5938.34937
-5955.48608
-5942.00154
-5956.80692
-5930.02085
-5937.54251
-5943.42807
-5949.78257
-5957.29621
-5942.42122
-5932.10826
-5924.77721
-5947.76447
-5914.16466
-5926.82967
-5915.07227
-5916.25026
-5921.50470
-5935.96627
-5935.64371
-5958.55154
-5951.20816
-5930.20640
-5939.44899
-5948.27515
-5939.57410
-5927.80217
-5917.02071
-5928.45748
-5938.41174
-5935.26438
-5928.71622
-5928.36646
-5932.92054
-5933.45170
-5942.49752
-5931.51695
-5916.01905
-5925.75681
-5927.75172
-5930.70878
-5938.35299
-5938.18381
-5941.91436
-5946.93285
-5950.42250
-5948.80995
-5938.88627
-5902.33231
-5924.61278
-5937.13554
-5954.94824
-5952.13951
-5949.37608
-5949.05308
-5954.57806
-5960.28532
-5953.15880
-5959.12916
-5949.41072
-5969.42577
-5959.30085
-5969.28824
-5951.89757
-5959.35988
-5964.95531
-5965.54366
-5959.04753
-5941.79888
-5938.28747
-5930.92509
-5936.11679
-5925.76252
-5920.14893
-5935.95966
-5936.34477
-5930.49514
-5909.33442
-5911.30920
-5902.84314
-5913.04382
-5888.38090
-5887.11209
-5891.53005
-5901.14187
-5915.56317
-5910.69463
-5913.35511
-5943.47083
-5922.47520
-5928.34073
-5938.92293
-5939.90544
-5912.42852
-5915.46542
-5897.88107
-5881.33670
-5880.78958
-5921.42171
-5912.58630
-5927.27453
-5930.09482
-5915.14233
-5924.07909
-5926.93352
-5935.14505
-5938.54390
-5946.65141
-5935.60925
-5942.61045
-5922.42058
-5932.79188
-5945.90710
-5957.51357
-5951.11086
-5961.24282
-5954.73483
-5959.38930
-5935.71967
-5923.78161
-5922.59635
-5907.73103
-5929.00346
-5914.58057
-5905.22534
-5907.34613
-5916.39532
-5914.73081
-5911.97963
-5891.00517
-5919.12148
-5898.28400
-5913.01618
-5902.09247
-5912.77302
-5917.81999
-5891.64774
-5884.28019
-5879.78564
-5884.71574
-5896.24649
-5899.69023
-5924.73033
-5930.71948
-5941.11291
-5926.92296
-5923.12911
-5922.19923
-5906.35642
-5900.49271
-5913.13706
-5885.63840
-5887.02783
-5902.09368
-5900.65271
-5930.19496
-5919.18071
-5929.26529
-5926.54045
-5940.20178
-5936.66298
-5951.90596
-5947.33247
-5936.71789
-5942.23684
-5943.74769
-5951.06808
-5959.36719
-5970.22091
-5964.71980
-5967.85099
-5955.09398
-5959.03966
-5947.54811
-5968.09901
-5950.11102
-5933.66733
-5929.19258
-5947.66799
-5956.91825
-5955.46572
-5957.83835
-5946.88281
-5945.55511
-5950.85447
-5953.51663
-5948.04414
-5944.44236
-5943.46023
-5932.22478
-5929.93789
-5944.97004
-5950.43326
-5931.67686
-5944.54726
-5953.49292
-5950.55365
-5959.42207
-5960.11325
-5954.88877
-5971.04787
-5975.15408
-5968.80374
-5972.89118
-5964.80375
-5952.20199
-5963.28427
-5963.54202
-5979.16323
-5986.64167
-5983.16245
-5989.57815
-6005.31002
-6006.00784
-6012.18949
-5987.86693
-5990.64389
-6004.24664
-5996.18353
-5997.49077
-6001.78509
-5998.19183
-5990.54723
-5978.92901
-5984.10026
-5993.85169
-5967.28222
-5979.34266
-5993.24601
-5980.08848
-5979.59674
-5972.98112
-5970.77303
-5967.31293
-5960.70841
-5954.45062
-5958.04497
-5954.45078
-5955.32826
-5965.76839
-5975.38705
-5953.03684
-5947.04402
-5953.15557
-5958.47747
-5963.71290
-5950.24505
-5948.32115
-5953.81785
-5935.26074
-5925.68914
-5930.22733
-5915.89635
-5924.24997
-5920.54337
-5930.89232
-5898.14845
-5908.95563
-5913.49554
-5930.67821
-5930.10545
-5914.12291
-5922.61401
-5924.99494
-5911.75937
-5888.37176
-5899.82845
-5889.71433
-5912.31488
-5908.21359
-5917.26641
-5911.02696
-5896.87741
-5915.23485
-5917.21438
-5906.80268
-5886.76840
-5897.91915
-5891.11729
-5894.36640
-5897.08989
-5898.10928
-5901.67679
-5914.21756
-5894.88635
-5891.77536
-5907.61750
-5920.61946
-5906.76380
-5906.58375
-5879.32708
-5878.80116
-5879.80673
-5888.88410
-5903.11270
-5913.12046
-5907.10780
-5914.20563
-5889.75813
-5901.07946
-5911.07072
-5893.33194
-5868.36229
-5849.80463
-5874.61319
-5897.29243
-5904.57087
-5922.29963
-5887.88738
-5895.95422
-5887.92391
-5892.37459
-5885.31938
-5885.70833
-5888.35756
-5902.04648
-5911.53586
-5908.75601
-5906.96423
-5917.07529
-5909.87502
-5910.51389
-5910.40990
-5903.10921
-5917.38023
-5919.38601
-5918.74760
-5920.34527
-5919.12641
-5929.84756
-5942.25870
-5939.31043
-5924.78731
-5924.07948
-5920.99597
-5919.46649
-5911.00215
-5931.53894
-5932.84985
-5899.30144
-5908.18918
-5899.60992
-5886.27363
-5895.33338
-5875.27472
-5879.79393
-5868.78668
-5868.41639
-5867.18866
-5879.63196
-5887.49487
-5887.21824
-5879.65704
-5898.13552
-5871.07343
-5863.47220
-5854.23712
-5861.43907
-5868.98846
-5868.66772
-5873.69513
-5866.07548
-5871.25349
-5855.63497
-5884.16211
-5888.10598
-5902.68855
-5899.53988
-5909.62562
-5890.92476
-5905.26376
-5904.84748
-5896.57087
-5906.76805
-5904.06950
-5897.66432
-5905.01511
-5921.22665
-5906.76087
-5895.82339
-5861.67420
-5869.29513
-5879.07097
-5876.32490
-5880.02198
-5893.58047
-5883.40074
-5907.35418
-5921.02239
-5916.36820
-5903.98290
-5903.57200
-5902.73272
-5893.73826
-5869.77775
-5887.28352
-5867.34602
-5879.79732
-5892.27484
-5881.28303
-5874.59604
-5906.99220
-5893.95049
-5897.48873
-5903.11819
-5904.34698
-5884.72581
-5873.11675
-5893.50325
-5921.70592
-5930.89481
-5927.97362
-5906.50364
-5910.86302
-5933.48049
-5925.64362
-5925.66149
-5917.74368
-5900.73158
-5899.25044
-5899.22641
-5911.30294
-5905.28139
-5898.74919
-5887.23337
-5930.39403
-5933.58016
-5954.44527
-5946.80308
-5958.92399
-5953.92289
-5930.42365
-5933.12166
-5933.19264
-5930.77835
-5919.36113
-5926.03446
-5909.98099
-5903.35713
-5914.90837
-5905.04107
-5915.70446
-5922.54854
-5926.32671
-5933.63174
-5916.27118
-5905.03742
-5901.38609
-5925.20894
-5910.39452
-5913.27440
-5918.44863
-5933.14990
-5920.51747
-5923.15747
-5903.68794
-5913.07947
-5903.15613
-5882.00678
-5894.52765
-5899.23810
-5909.15514
-5899.10246
-5921.70607
-5933.27495
-5914.78473
-5931.41839
-5925.02182
-5932.64164
-5929.49586
-5924.33807
-5912.66176
-5909.30872
-5936.26441
-5943.43952
-5935.37577
-5929.38600
-5925.12393
-5933.05362
-5929.91611
-5926.04553
-5903.56936
-5888.84717
-5885.69751
-5888.99058
-5888.43358
-5864.15998
-5857.68604
-5872.23711
-5887.81923
-5879.04136
-5882.15829
-5881.97234
-5888.92320
-5910.89575
-5910.61308
-5892.47712
-5907.26475
-5928.10701
-5911.69466
-5926.81976
-5919.97465
-5909.74981
-5929.63805
-5926.56267
-5928.16014
-5923.34419
-5911.19108
-5917.38931
-5896.91861
-5889.28211
-5897.72724
-5897.64206
-5914.33886
-5914.57559
-5914.07327
-5919.45115
-5916.88364
-5905.67686
-5895.50581
-5903.18636
-5919.50327
-5904.28187
-5889.90722
-5888.68751
-5902.14395
-5900.51519
-5924.78031
-5930.40835
-5926.98466
-5942.33652
-5939.92406
-5935.85734
-5949.08927
-5936.89464
-5955.62305
-5961.37071
-5950.45693
-5932.52717
-5918.36409
-5932.48471
-5929.28795
-5945.14220
-5943.82718
-5931.37437
-5955.90187
-5944.83616
-5941.19374
-5943.10605
-5934.61148
-5944.96035
-5950.90714
-5961.79764
-5928.84482
-5920.68614
-5900.04230
-5903.67743
-5884.50118
-5887.83398
-5890.20755
-5890.82669
-5904.32953
-5901.30674
-5911.08313
-5912.51388
-5891.86474
-5884.50936
-5886.44159
-5892.26213
-5884.90138
-5884.63770
-5884.40598
-5878.31045
-5889.49416
-5883.01432
-5896.46733
-5893.03501
-5917.87676
-5884.61675
-5867.42323
-5878.53316
-5872.69004
-5867.04787
-5882.51625
-5886.12019
-5877.56707
-5889.53138
-5878.05961
-5884.36412
-5897.73909
-5900.29337
-5885.93231
-5895.01953
-5895.23488
-5905.61515
-5924.24968
-5917.84234
-5917.31317
-5912.70061
-5914.94520
-5934.19664
-5940.74843
-5934.14496
-5956.82881
-5942.04575
-5958.55378
-5961.29667
-5962.34520
-5963.24950
-5948.55056
-5969.49126
-5967.42683
-5965.94677
-5958.59284
-5943.37141
-5958.46941
-5948.03694
-5940.95831
-5943.69418
-5922.38484
-5928.27608
-5927.95049
-5919.57191
-5910.44488
-5917.17866
-5924.42844
-5925.28480
-5941.74860
-5918.34600
-5901.49382
-5924.54002
-5932.52614
-5928.84590
-5922.12515
-5914.00611
-5906.14603
-5920.25856
-5899.96842
-5891.24385
-5890.75134
-5884.70724
-5902.77739
-5902.89459
-5893.00451
-5896.98269
-5890.34829
-5889.63490
-5892.11489
-5894.98740
-5884.94410
-5880.70766
-5885.88634
-5893.03951
-5883.31319
-5876.62137
-5869.79377
-5862.58566
-5875.67545
-5883.86268
-5890.21226
-5903.10312
-5925.11890
-5905.85426
-5907.24143
-5912.34868
-5917.69870
-5926.34269
-5932.17422
-5936.85891
-5924.84146
-5951.36913
-5941.40039
-5931.80698
-5934.15091
-5915.90396
-5916.28574
-5916.62325
-5914.93625
-5911.11538
-5922.59441
-5906.14741
-5918.01756
-5932.13394
-5932.50604
-5922.56162
-5925.38499
-5918.41830
-5926.61476
-5909.60355
-5924.31733
-5943.36203
-5931.05387
-5919.94997
-5913.96678
-5903.32046
-5921.78628
-5929.00990
-5933.17350
-5932.97171
-5921.51325
-5924.51411
-5911.09409
-5920.96754
-5904.68344
-5898.54696
-5915.37005
-5938.99012
-5926.23403
-5913.26147
-5924.56738
-5929.20167
-5918.01507
-5903.03250
-5912.23023
-5910.07090
-5900.18603
-5890.99196
-5877.83566
-5884.30938
-5903.16110
-5902.74377
-5903.24595
-5910.06881
-5914.01170
-5888.36859
-5920.64909
-5918.71313
-5914.38481
-5885.79846
-5898.56360
-5876.74048
-5879.98189
-5903.53990
-5889.81372
-5876.47631
-5894.48654
-5898.27835
-5875.92272
-5860.61735
-5867.84776
-5884.63719
-5865.53420
-5866.81796
-5878.27144
-5881.10582
-5886.03802
-5892.72110
-5915.39623
-5915.07592
-5901.93406
-5911.01328
-5918.88650
-5921.44422
-5925.10438
-5934.51333
-5918.15920
-5913.16968
-5921.43365
-5954.08060
-5961.87696
-5963.70436
-5947.85408
-5958.98039
-5952.67611
-5964.72235
-5947.34041
-5972.86591
-5975.76685
-5976.31179
-5966.30434
-5948.66151
-5944.32886
-5932.29043
-5950.26038
-5936.48858
-5958.54218
-5969.59986
-5964.98957
-5983.74520
-5983.42956
-5982.05488
-5973.27070
-5964.70974
-5963.94371
-5951.97242
-5959.30624
-5953.79538
-5934.76786
-5943.31265
-5927.19006
-5924.77626
-5932.82607
-5929.18724
-5928.03881
-5929.74205
-5928.05433
-5937.86110
-5935.49032
-5932.21533
-5927.44531
-5905.18381
-5911.69234
-5902.77810
-5899.77654
-5926.29240
-5927.38728
-5929.22785
-5945.63485
-5920.14833
-5919.56363
-5896.55318
-5893.88930
-5904.68845
-5909.49627
-5918.48490
-5921.54123
-5925.63267
-5918.93014
-5915.17532
-5935.28709
-5933.44774
-5945.26015
-5927.63097
-5947.35700
-5918.97688
-5932.26977
-5933.60076
-5939.64951
-5929.49141
-5918.95436
-5916.60828
-5939.39162
-5919.36627
-5924.03794
-5935.19364
-5916.88743
-5955.27466
-5951.04798
-5937.11895
-5920.00523
-5926.56611
-5912.56860
-5914.36684
-5897.81535
-5887.78541
-5892.62874
-5891.90504
-5906.87202
-5900.51507
-5900.44392
-5903.48201
-5912.95961
-5899.90607
-5896.79544
-5900.70875
-5912.38833
-5896.00564
-5899.97474
-5896.39722
-5898.94724
-5888.50455
-5890.54002
-5910.60702
-5903.89349
-5906.68097
-5915.62880
-5914.07898
-5924.09168
-5902.16300
-5894.34451
-5900.67757
-5903.56014
-5921.66439
-5916.55594
-5901.04980
-5896.33540
-5896.91210
-5889.85451
-5881.43070
-5884.71963
-5886.05834
-5893.22516
-5911.50473
-5923.17989
-5908.81406
-5896.33134
-5905.16422
-5868.34422
-5890.91025
-5850.12484
-5866.08601
-5860.27934
-5867.55510
-5876.43166
-5871.70219
-5872.81036
-5878.82486
-5889.62833
-5885.09019
-5880.92739
-5895.40638
-5889.82238
-5898.80797
-5898.08359
-5899.64534
-5915.58136
-5915.62880
-5908.64819
-5902.06315
-5910.39755
-5905.18746
-5919.29192
-5934.29842
-5944.82075
-5956.23557
-5960.62084
-5958.48149
-5957.11453
-5940.65892
-5930.08154
-5941.17924
-5932.63523
-5928.60318
-5937.87108
-5939.04081
-5941.44137
-5952.46426
-5938.89820
-5935.12779
-5941.49800
-5929.48078
-5938.45918
-5926.46887
-5936.22013
-5945.18976
-5946.08177
-5943.01512
-5933.27919
-5936.38455
-5927.18201
-5942.60773
-5938.67832
-5914.87026
-5906.56849
-5925.05421
-5937.73090
-5928.46661
-5912.68082
-5929.46372
-5920.37846
-5903.01831
-5926.79081
-5930.67371
-5932.65124
-5916.12113
-5918.10958
-5906.85985
-5901.14782
-5923.87045
-5935.95976
-5924.18903
-5925.79842
-5923.10284
-5913.84867
-5934.78825
-5911.70212
-5901.46363
-5886.45590
-5914.58730
-5921.97937
-5934.55892
-5952.66734
-5938.80976
-5956.51840
-5936.75998
-5937.75141
-5938.43725
-5958.38584
-5952.59987
-5961.31780
-5947.68407
-5938.99929
-5937.95202
-5944.19488
-5948.23978
-5967.50996
-5944.84153
-5949.55535
-5952.94056
-5940.44828
-5951.90497
-5952.57784
-5950.92232
-5956.54477
-5956.49871
-5964.40531
-5995.36628
-5975.24904
-5985.60338
-5968.52920
-5969.26952
-5952.94937
-5939.33750
-5967.80629
-5957.68847
-5959.78280
-5963.10458
-5964.92343
-5966.14151
-5982.94745
-5971.76409
-5961.26445
-5961.01109
-5963.41360
-5964.62984
-5975.94127
-5981.70387
-5972.55148
-5986.09629
-5984.33145
-5979.65486
-5976.18198
-5962.35583
-5959.87552
-5973.17570
-5967.40433
-5941.10459
-5943.20025
-5950.72240
-5965.52487
-5962.50351
-5954.77808
-5968.73657
-5959.29236
-5941.45573
-5933.41995
-5930.50740
-5925.96041
-5917.96130
-5890.53293
-5908.24731
-5894.68587
-5904.44245
-5914.09398
-5940.11245
-5948.68502
-5938.10357
-5935.92963
-5931.84568
-5910.14491
-5923.52847
-5924.71596
-5931.30514
-5940.31104
-5937.06682
-5910.78850
-5904.37422
-5891.21612
-5879.71515
-5897.87378
-5913.21787
-5868.25152
-5879.77900
-5895.80389
-5914.97758
-5908.66502
-5909.31196
-5913.28737
-5922.54506
-5936.68462
-5945.63654
-5947.74471
-5951.66057
-5942.16470
-5958.32707
-5961.24627
-5955.83856
-5963.80177
-5964.07683
-5950.32636
-5967.90575
-5933.40808
-5927.25466
-5926.25550
-5920.94513
-5926.41295
-5918.73644
-5919.57238
-5916.04010
-5907.74908
-5916.29302
-5922.01995
-5928.12116
-5928.70381
-5906.80361
-5913.48024
-5923.69972
-5922.96366
-5928.47332
-5936.46211
-5961.59393
-5951.63872
-5968.01143
-5971.35561
-5973.89770
-5958.58000
-5943.27121
-5955.73908
-5931.44039
-5934.78233
-5948.31278
-5962.08593
-5959.41549
-5916.66064
-5925.00528
-5940.59152
-5957.66198
-5956.28733
-5956.67495
-5945.06983
-5949.67247
-5955.23911
-5937.30732
-5931.98489
-5917.08363
-5929.69569
-5930.11443
-5929.80548
-5926.92231
-5905.85114
-5898.46257
-5896.46881
-5893.16456
-5887.74843
-5877.70293
-5893.45638
-5898.16100
-5892.05889
-5880.55825
-5887.71525
-5884.83369
-5903.30997
-5887.16175
-5920.11871
-5919.48503
-5892.10902
-5900.38233
-5899.73289
-5919.32921
-5897.28152
-5924.36825
-5931.44048
-5914.33413
-5922.77543
-5918.80095
-5925.63809
-5924.56918
-5913.63906
-5922.82028
-5910.30766
-5910.10046
-5896.08826
-5917.75574
-5902.23753
-5919.02213
-5920.02559
-5912.91192
-5886.07555
-5898.23539
-5863.45307
-5881.72831
-5890.52969
-5889.53553
-5905.63746
-5917.65955
-5897.57693
-5887.21636
-5894.25354
-5901.76004
-5888.80357
-5897.12132
-5888.58054
-5900.10083
-5890.94150
-5902.35674
-5898.31214
-5902.43000
-5909.98583
-5900.49024
-5923.59170
-5901.86487
-5901.06950
-5904.73422
-5886.64861
-5901.55753
-5889.52516
-5900.81565
-5904.46725
-5909.82418
-5933.12298
-5917.27465
-5934.08250
-5924.82165
-5929.13688
-5942.02925
-5930.30203
-5928.48768
-5928.53524
-5917.81694
-5917.70853
-5926.71836
-5926.74977
-5920.72027
-5912.43311
-5920.05273
-5913.02669
-5904.09601
-5907.38808
-5913.01784
-5910.99113
-5882.37781
-5906.39404
-5903.96650
-5888.90595
-5885.07513
-5896.98413
-5901.79251
-5894.78860
-5901.34614
-5866.02160
-5876.10739
-5877.49648
-5883.04583
-5879.60575
-5894.97030
-5902.46832
-5909.49384
-5910.46266
-5913.51943
-5904.66696
-5902.85807
-5890.47482
-5901.52638
-5898.25315
-5918.81944
-5896.53124
-5882.54618
-5893.11806
-5869.73698
-5865.01602
-5884.63403
-5871.90812
-5875.99245
-5896.97524
-5920.37426
-5892.39044
-5910.40197
-5905.32615
-5904.09872
-5908.39555
-5905.16469
-5892.62785
-5864.55279
-5851.79494
-5868.18240
-5891.28127
-5878.97748
-5907.51465
-5915.17506
-5941.69209
-5917.94017
-5920.52587
-5920.18777
-5913.71712
-5908.27924
-5877.81982
-5887.21690
-5879.88475
-5899.54589
-5891.82948
-5895.21877
-5915.92745
-5929.32797
-5914.29978
-5903.96668
-5911.99307
-5900.18521
-5907.33457
-5909.03656
-5924.82980
-5902.07487
-5900.56771
-5906.27134
-5916.49902
-5911.10589
-5932.24263
-5938.23756
-5942.79469
-5938.37128
-5922.31304
-5904.92579
-5898.88640
-5920.83219
-5925.12650
-5921.73434
-5919.24904
-5913.89039
-5908.66543
-5923.06260
-5914.71081
-5889.16597
-5898.07956
-5910.34413
-5927.31625
-5925.46145
-5896.28602
-5909.61160
-5889.26728
-5873.21927
-5867.24128
-5884.11195
-5888.01733
-5905.03324
-5908.27894
-5905.22102
-5899.14867
-5899.53960
-5889.45690
-5874.12090
-5885.90741
-5862.58745
-5873.64465
-5875.53413
-5887.83758
-5900.89426
-5901.73293
-5915.88016
-5905.03305
-5909.41555
-5922.07019
-5925.93180
-5964.06879
-5955.13311
-5948.01370
-5946.35101
-5938.37637
-5944.34151
-5953.71004
-5949.92871
-5936.64077
-5924.10109
-5927.38082
-5923.72214
-5930.06984
-5958.26512
-5947.05171
-5955.78963
-5937.90436
-5945.02537
-5923.87634
-5931.98663
-5941.69935
-5931.61387
-5960.88231
-5953.55012
-5917.81305
-5926.86281
-5930.69266
-5921.25270
-5907.80604
-5896.72973
-5910.27464
-5910.29488
-5915.38038
-5891.62652
-5915.45156
-5900.13064
-5897.62112
-5887.54953
-5907.16028
-5903.14910
-5898.37386
-5903.58961
-5909.76854
-5917.42055
-5917.81989
-5913.33933
-5914.19490
-5914.78831
-5902.24808
-5898.12649
-5899.53290
-5910.51534
-5903.98449
-5899.94158
-5917.79500
-5932.67035
-5921.99180
-5917.54071
-5915.93420
-5907.49394
-5898.34203
-5914.51223
-5911.06594
-5910.31568
-5911.90005
-5915.19099
-5918.25060
-5918.36315
-5890.41586
-5905.94297
-5924.46526
-5913.94725
-5906.59231
-5921.27369
-5918.17439
-5921.52088
-5913.02956
-5894.24035
-5889.96634
-5894.68967
-5885.75845
-5879.14363
-5889.34458
-5891.52026
-5888.39635
-5879.39756
-5881.44976
-5875.24973
-5880.53506
-5888.31818
-5888.08052
-5897.26580
-5907.28373
-5899.69077
-5898.26306
-5905.50879
-5908.13504
-5889.45258
-5893.52498
-5900.52437
-5897.39658
-5907.17742
-5897.89442
-5905.55062
-5908.97821
-5915.51778
-5940.22493
-5923.91495
-5909.21457
-5908.56795
-5929.09408
-5916.21775
-5926.17415
-5920.73236
-5936.01898
-5940.16994
-5933.68638
-5903.19244
-5898.72207
-5903.55877
-5888.47121
-5908.46241
-5900.07828
-5918.58445
-5925.89025
-5935.18682
-5928.41638
-5908.38688
-5918.29223
-5925.27176
-5917.83082
-5904.42159
-5909.88621
-5918.86430
-5928.03127
-5912.49954
-5908.11179
-5918.91118
-5928.24407
-5929.20432
-5942.80827
-5942.45151
-5975.78114
-5957.51493
-5966.69319
-5928.79232
-5899.01873
-5912.55924
-5919.34975
-5901.64974
-5923.57024
-5903.73195
-5881.88595
-5890.29384
-5891.35768
-5912.56893
-5918.76813
-5896.04822
-5889.57062
-5876.14081
-5904.24261
-5894.74881
-5886.48868
-5896.27659
-5906.03844
-5895.65093
-5914.91686
-5912.77750
-5907.57664
-5880.76249
-5888.06905
-5886.52271
-5892.34164
-5903.14151
-5932.49648
-5917.89903
-5905.28690
-5910.09129
-5911.68953
-5909.20179
-5913.26827
-5912.77478
-5900.21935
-5926.02700
-5924.94529
-5932.70683
-5931.87415
-5937.58048
-5932.78822
-5924.09721
-5934.54038
-5938.55566
-5912.26055
-5903.55287
-5904.74869
-5901.74221
-5906.23778
-5907.26651
-5913.65581
-5908.67396
-5903.87257
-5870.59514
-5900.91995
-5906.82891
-5888.37099
-5889.69784
-5883.45960
-5890.07335
-5876.23276
-5926.18761
-5923.29127
-5906.66567
-5891.27974
-5895.51692
-5889.44153
-5886.56556
-5866.38680
-5878.07038
-5894.33755
-5900.85265
-5884.11995
-5866.82898
-5890.21699
-5894.08557
-5892.21964
-5901.25512
-5920.15967
-5899.67032
-5901.95404
-5905.83825
-5935.89615
-5949.09100
-5957.03874
-5945.08311
-5960.31541
-5944.95718
-5932.50367
-5950.61269
-5948.01200
-5940.24241
-5914.87914
-5930.35930
-5905.03307
-5910.87583
-5921.18213
-5902.83307
-5885.94481
-5899.55758
-5878.31854
-5893.34898
-5911.83909
-5921.75639
-5941.62754
-5941.04011
-5937.96791
-5945.12656
-5933.98602
-5931.32954
-5932.99018
-5926.83372
-5926.75766
-5923.43068
-5915.16264
-5936.25555
-5933.78063
-5934.75871
-5907.02486
-5902.52394
-5904.41615
-5885.72739
-5896.39789
-5893.76715
-5901.56346
-5898.69415
-5900.54433
-5899.68125
-5899.88642
-5896.45013
-5878.31540
-5895.41125
-5881.94584
-5868.38444
-5893.94973
-5886.71513
-5878.17478
-5855.17339
-5895.67722
-5902.06838
-5913.99317
-5921.65381
-5935.77523
-5899.77251
-5893.87163
-5911.43593
-5913.87290
-5913.65980
-5918.41197
-5913.78630
-5910.37758
-5888.45645
-5887.31712
-5895.61014
-5912.40722
-5918.27092
-5931.01969
-5930.79768
-5898.10695
-5919.23680
-5912.97743
-5915.95520
-5902.79035
-5893.64110
-5885.52665
-5897.82194
-5893.49171
-5895.82889
-5922.21327
-5951.90799
-5950.02417
-5963.82196
-5952.61955
-5926.21911
-5941.66496
-5918.53422
-5906.10794
-5910.45715
-5921.74921
-5918.62393
-5921.27137
-5933.08205
-5922.10087
-5905.72006
-5916.27250
-5934.24257
-5940.11638
-5940.90439
-5954.50045
-5928.18808
-5924.69403
-5915.59890
-5908.84745
-5914.13912
-5919.15595
-5927.01594
-5933.47666
-5936.60395
-5933.00531
-5935.75846
-5943.59753
-5914.58323
-5914.00965
-5904.73931
-5926.81010
-5904.43561
-5930.02110
-5933.27536
-5940.54162
-5936.73121
-5964.18013
-5957.85347
-5968.47492
-5965.81450
-5968.59120
-5947.20843
-5949.93613
-5961.05422
-5964.13629
-5963.24098
-5966.12767
-5960.56273
-5948.64954
-5956.01473
-5965.13311
-5952.40260
-5929.59010
-5927.02969
-5921.57887
-5926.68569
-5935.70369
-5939.91446
-5931.17515
-5947.42298
-5943.87651
-5940.68611
-5935.00002
-5916.76478
-5927.75272
-5909.64306
-5912.65017
-5906.78512
-5899.59417
-5877.36547
-5881.80376
-5878.58170
-5895.30597
-5896.40007
-5913.61360
-5891.27123
-5916.98618
-5915.81066
-5914.64563
-5927.36455
-5926.99958
-5929.18805
-5951.48068
-5962.35071
-5960.68989
-5952.80451
-5949.98801
-5952.74482
-5935.46968
-5911.03906
-5900.91822
-5905.66811
-5912.57296
-5905.48354
-5925.68597
-5919.04157
-5920.40061
-5895.69777
-5913.05034
-5911.89602
-5913.14623
-5920.07370
-5897.81127
-5884.82974
-5891.57002
-5902.23348
-5888.69578
-5887.67828
-5889.39444
-5893.10153
-5880.71671
-5875.21377
-5893.63054
-5912.75027
-5904.36524
-5912.15879
-5892.35219
-5888.86052
-5878.40940
-5867.95556
-5896.93085
-5885.32589
-5877.24260
-5848.29279
-5882.01485
-5887.11251
-5886.66342
-5880.93532
-5890.01451
-5892.45871
-5883.97857
-5883.89394
-5889.79122
-5893.28186
-5883.48744
-5877.49299
-5886.43082
-5882.44952
-5906.22808
-5907.04927
-5907.28165
-5911.62538
-5916.82950
-5901.69236
-5905.29061
-5899.62568
-5891.69588
-5887.08648
-5901.43002
-5908.39866
-5901.21377
-5898.76693
-5922.38576
-5931.17527
-5947.05418
-5919.82086
-5922.20858
-5912.05055
-5897.40131
-5915.77727
-5924.25094
-5895.24024
-5887.17064
-5893.06411
-5885.14295
-5893.42103
-5898.73088
-5897.41840
-5898.74667
-5881.23830
-5885.89562
-5896.93896
-5908.77577
-5875.49533
-5908.58197
-5904.85366
-5882.83661
-5875.55263
-5896.03641
-5908.77125
-5911.39656
-5894.09199
-5893.38724
-5902.44879
-5893.18120
-5899.47908
-5912.99963
-5926.71704
-5947.30592
-5939.09576
-5918.14258
-5947.49750
-5950.65318
-5947.11635
-5929.86566
-5908.64363
-5907.20696
-5910.67989
-5892.63042
-5878.68491
-5879.07045
-5895.45761
-5896.38406
-5908.20480
-5918.48048
-5906.28278
-5910.34868
-5921.15685
-5895.37789
-5914.46179
-5915.77381
-5925.32420
-5913.54698
-5925.73315
-5933.41066
-5961.45443
-5923.00272
-5935.51357
-5920.39201
-5933.01025
-5903.66216
-5922.09797
-5933.40737
-5923.87554
-5935.91667
-5943.24809
-5925.18381
-5933.87716
-5913.02487
-5912.44279
-5901.99057
-5934.40226
-5926.91209
-5927.72066
-5935.25512
-5934.66019
-5959.84195
-5967.96781
-5957.48624
-5957.17003
-5952.52759
-5952.62034
-5939.59468
-5924.17062
-5918.51159
-5914.11114
-5901.25207
-5918.04092
-5917.72338
-5916.95292
-5895.94672
-5904.28387
-5912.55941
-5921.22903
-5917.05591
-5896.64479
-5901.47308
-5904.27803
-5911.62248
-5913.99622
-5902.56642
-5871.94715
-5887.17158
-5881.96013
-5873.45907
-5890.08356
-5895.26073
-5892.51125
-5911.99497
-5907.15206
-5902.26412
-5892.17985
-5878.54774
-5908.94909
-5917.58113
-5915.46986
-5926.32514
-5933.05006
-5924.07635
-5913.36335
-5910.34595
-5910.80386
-5925.24336
-5924.69334
-5930.07166
-5909.38562
-5917.33296
-5922.84455
-5925.54415
-5913.30263
-5929.57886
-5925.81433
-5921.64829
-5914.06922
-5931.53996
-5941.59506
-5935.58374
-5948.79918
-5949.96527
-5937.73717
-5926.52482
-5952.73796
-5952.37616
-5954.81714
-5969.57143
-5958.25662
-5947.87636
-5940.04591
-5939.14179
-5938.99903
-5948.29375
-5914.32700
-5924.90101
-5927.92270
-5917.52061
-5923.51650
-5905.72593
-5917.24465
-5901.11947
-5894.30545
-5908.92443
-5906.79764
-5918.01948
-5913.46390
-5909.53782
-5897.83473
-5897.77787
-5889.99040
-5911.81390
-5912.80512
-5890.75575
-5923.82491
-5925.40942
-5915.22119
-5932.83292
-5936.70501
-5962.47331
-5970.68894
-5940.31699
-5920.13889
-5918.35821
-5934.98364
-5934.90722
-5933.34914
-5940.03979
-5929.45680
-5922.82219
-5931.41689
-5928.90210
-5923.07982
-5940.86243
-5937.30850
-5936.50345
-5937.47611
-5953.28164
-5939.33189
-5930.29719
-5910.77751
-5916.30691
-5908.70751
-5921.81366
-5929.85375
-5916.97869
-5900.10024
-5890.74270
-5878.82894
-5867.18984
-5886.97490
-5877.03808
-5877.58078
-5895.49100
-5891.54120
-5880.76725
-5857.80792
-5889.09058
-5883.16345
-5874.18770
-5885.15567
-5892.45468
-5896.48058
-5887.49411
-5876.68987
-5859.77719
-5888.63556
-5897.48928
-5891.64826
-5897.53134
-5896.32529
-5919.91010
-5935.25091
-5917.30827
-5917.83387
-5917.33361
-5918.44621
-5922.98825
-5923.85822
-5931.34777
-5916.28817
-5894.73067
-5910.10659
-5907.23084
-5912.10726
-5925.37162
-5920.20351
-5926.86602
-5903.64427
-5919.93429
-5909.42347
-5907.74400
-5911.03886
-5918.46312
-5922.79882
-5920.49118
-5917.73598
-5910.38568
-5893.18159
-5903.71876
-5871.62504
-5877.63867
-5876.66892
-5886.71980
-5896.86264
-5892.50531
-5897.96756
-5891.58652
-5887.80228
-5873.35524
-5877.30368
-5910.86817
-5907.45353
-5904.06797
-5890.23289
-5889.52368
-5897.46347
-5912.26488
-5910.32726
-5923.25296
-5919.10607
-5916.71381
-5918.27000
-5916.48454
-5939.19185
-5918.73262
-5927.24742
-5957.15834
-5941.85666
-5936.36933
-5957.45855
-5935.26452
-5927.99901
-5931.99613
-5921.83613
-5924.09728
-5910.20900
-5901.54246
-5926.62896
-5932.07876
-5944.60417
-5945.31707
-5947.98412
-5940.04145
-5936.79089
-5915.94508
-5920.73724
-5899.94271
-5908.08837
-5915.72852
-5917.01011
-5901.90240
-5913.90466
-5902.85978
-5888.52812
-5901.80214
-5890.72908
-5894.71476
-5889.46041
-5882.40336
-5913.52199
-5921.62081
-5920.52997
-5937.78709
-5951.33525
-5949.35355
-5957.73058
-5974.41252
-5977.98195
-5958.32790
-5966.68966
-5938.09646
-5931.46895
-5925.54540
-5922.38040
-5936.31819
-5928.80185
-5937.69255
-5909.41586
-5918.75260
-5911.98328
-5902.74095
-5915.72705
-5920.51396
-5921.75871
-5914.83426
-5900.50219
-5892.94459
-5895.87152
-5888.10921
-5912.79391
-5928.41296
-5914.97732
-5916.01655
-5927.02864
-5900.95839
-5924.68890
-5937.37692
-5925.15771
-5939.97105
-5955.85372
-5937.37599
-5932.56419
-5922.06444
-5927.54194
-5915.29168
-5921.93016
-5924.21536
-5936.63583
-5936.36304
-5931.71038
-5934.86567
-5915.53806
-5884.74935
-5906.83521
-5912.32189
-5914.80653
-5895.97674
-5878.99097
-5899.51235
-5891.89697
-5890.85334
-5873.38370
-5898.42643
-5899.74743
-5920.39455
-5898.49716
-5916.44649
-5921.30030
-5931.97296
-5928.34989
-5908.52380
-5927.16071
-5925.45807
-5913.50363
-5921.82502
-5907.50090
-5918.78327
-5913.58198
-5911.62575
-5927.69112
-5919.32661
-5940.01500
-5937.47257
-5917.85422
-5929.15633
-5922.42535
-5910.80477
-5910.01392
-5899.95420
-5918.41009
-5904.74733
-5901.38184
-5906.92681
-5905.03033
-5906.33896
-5900.72686
-5877.88977
-5886.92798
-5911.79231
-5916.60648
-5929.26133
-5920.76583
-5938.52081
-5935.44691
-5938.02925
-5955.14091
-5938.30278
-5937.96186
-5928.39124
-5912.45823
-5913.89754
-5913.19101
-5900.77909
-5908.19108
-5916.34943
-5941.40298
-5916.23437
-5921.57937
-5933.01452
-5948.22113
-5956.85538
-5939.45920
-5936.05374
-5921.44140
-5906.69759
-5908.45260
-5924.91687
-5923.44247
-5933.13474
-5943.98879
-5937.62309
-5924.23158
-5951.31750
-5935.62102
-5925.47138
-5918.94240
-5906.57776
-5928.41719
-5927.66730
-5948.51632
-5928.43022
-5944.28967
-5936.73208
-5925.19842
-5919.53174
-5923.28279
-5920.43871
-5890.46553
-5897.48238
-5912.88695
-5905.87443
-5875.80958
-5871.69147
-5874.15595
-5892.06329
-5908.92370
-5907.47515
-5901.75251
-5914.32678
-5898.20815
-5899.65064
-5927.84577
-5904.14236
-5888.68721
-5899.33882
-5900.02802
-5903.65763
-5902.08559
-5893.31094
-5905.40660
-5880.56345
-5883.61163
-5880.51542
-5887.12027
-5891.40882
-5895.87869
-5912.65488
-5912.30513
-5902.06862
-5901.34605
-5920.07815
-5894.19731
-5898.03455
-5894.99753
-5891.63354
-5901.44341
-5905.16256
-5917.71922
-5915.72502
-5921.65996
-5921.47746
-5921.90921
-5915.19056
-5946.38985
-5938.28121
-5928.30860
-5946.84770
-5947.98453
-5955.89399
-5960.22844
-5952.26566
-5947.59149
-5948.37061
-5934.61465
-5911.75444
-5927.96425
-5899.46567
-5941.47149
-5925.98057
-5927.90985
-5933.52726
-5928.70385
-5926.83423
-5919.25207
-5933.07165
-5939.86904
-5923.64965
-5931.30158
-5937.47074
-5931.13678
-5922.50412
-5955.36205
-5967.77631
-5939.49801
-5943.44110
-5938.32877
-5912.70030
-5914.46752
-5917.25207
-5933.61699
-5942.95104
-5932.78881
-5914.84992
-5908.58257
-5913.60912
-5939.61534
-5935.65294
-5937.65180
-5942.67176
-5970.37293
-5952.44053
-5956.44597
-5945.75684
-5928.41748
-5942.75700
-5946.84555
-5919.53435
-5907.74098
-5910.99362
-5924.42362
-5910.13795
-5912.72050
-5895.98286
-5927.55273
-5929.19960
-5940.10462
-5945.45018
-5951.99286
-5937.82972
-5939.36299
-5941.28803
-5938.52847
-5928.83503
-5907.56053
-5910.78897
-5924.63185
-5931.58523
-5928.12669
-5930.29089
-5916.57941
-5934.14661
-5934.89665
-5945.79576
-5945.75096
-5934.34614
-5900.37124
-5906.83193
-5922.59378
-5905.74951
-5884.20066
-5874.43753
-5868.13394
-5876.70518
-5880.84178
-5873.31006
-5894.68086
-5902.26470
-5892.40406
-5876.73159
-5880.83371
-5902.72602
-5890.09182
-5871.91188
-5877.49831
-5895.85524
-5894.35001
-5893.35709
-5895.54704
-5905.45157
-5900.45190
-5905.58762
-5898.22927
-5906.33590
-5900.99598
-5895.56170
-5881.98103
-5873.48430
-5884.06662
-5894.00665
-5892.58762
-5886.33687
-5887.40283
-5863.04013
-5866.05032
-5864.16445
-5883.72772
-5885.92572
-5887.79882
-5895.99437
-5890.95225
-5901.09977
-5932.88344
-5931.11141
-5910.59438
-5907.58901
-5889.79849
-5918.68363
-5914.50485
-5924.28738
-5909.58048
-5905.91352
-5905.84852
-5882.97712
-5886.59054
-5897.99945
-5918.68775
-5893.86480
-5910.26795
-5903.44094
-5907.65604
-5910.57434
-5915.01797
-5921.72817
-5923.54093
-5906.99553
-5913.04471
-5945.14507
-5932.86134
-5937.25574
-5940.40502
-5939.93097
-5951.75232
-5935.71669
-5943.53209
-5927.73705
-5932.53790
-5934.95124
-5923.07977
-5930.53117
-5926.21035
-5925.42091
-5932.34214
-5954.00097
-5959.93304
-5938.64054
-5939.75236
-5920.84483
-5948.72398
-5925.05197
-5924.71093
-5944.54139
-5952.84108
-5946.68338
-5945.43694
-5960.56679
-5950.32197
-5962.34093
-5947.79682
-5926.02240
-5969.83612
-5967.90957
-5958.68918
-5953.86938
-5949.45983
-5942.60944
-5946.83373
-5937.49349
-5929.78838
-5927.23497
-5928.79305
-5935.56448
-5922.58935
-5893.29812
-5894.67372
-5930.07993
-5925.80129
-5909.80778
-5913.47061
-5902.31588
-5901.79068
-5910.35330
-5910.48548
-5939.96681
-5943.08105
-5946.86028
-5953.90772
-5957.93725
-5957.43580
-5946.58239
-5938.49002
-5952.84208
-5944.21479
-5959.21744
-5944.35047
-5941.13984
-5935.52055
-5937.90881
-5939.46987
-5917.28270
-5928.72892
-5914.47294
-5921.22175
-5897.67809
-5902.63379
-5900.81456
-5907.69312
-5921.12676
-5919.56108
-5941.58093
-5935.43229
-5917.04505
-5915.45805
-5911.09665
-5902.76480
-5923.77742
-5929.61144
-5922.15073
-5911.74992
-5924.61222
-5928.95465
-5892.89327
-5921.48941
-5921.92441
-5940.39550
-5930.36141
-5918.50712
-5918.13017
-5904.89006
-5906.02807
-5916.59892
-5917.18901
-5937.20078
-5928.29299
-5931.48180
-5941.81470
-5942.92149
-5937.69340
-5938.01994
-5945.76300
-5937.54682
-5924.46542
-5933.70574
-5920.13053
-5894.46093
-5896.34829
-5912.46915
-5952.43511
-5958.56631
-5941.41160
-5942.48383
-5958.23065
-5950.24322
-5958.46898
-5961.13087
-5945.55673
-5951.67883
-5952.36266
-5953.34081
-5954.92810
-5965.45746
-5952.70320
-5934.99054
-5949.68014
-5927.04118
-5929.27946
-5918.68730
-5907.26424
-5919.04603
-5921.60378
-5926.50745
-5918.98232
-5933.99131
-5932.38712
-5910.47803
-5892.06011
-5892.04689
-5864.75552
-5875.05845
-5875.22308
-5868.79077
-5883.26269
-5894.80433
-5906.86529
-5890.76132
-5884.28880
-5891.91203
-5891.08515
-5880.97580
-5902.31704
-5881.59811
-5888.24556
-5907.92584
-5908.02898
-5918.45787
-5895.94950
-5897.56694
-5908.36043
-5941.69826
-5923.39145
-5912.88032
-5907.06964
-5905.48916
-5887.13758
-5869.96567
-5875.11198
-5886.37475
-5903.45751
-5885.46143
-5893.97267
-5893.50658
-5906.82504
-5912.93495
-5918.20666
-5915.12953
-5915.78435
-5888.03495
-5903.37936
-5913.77864
-5912.99455
-5922.74848
-5916.38144
-5901.64080
-5891.70564
-5891.51137
-5887.90368
-5894.39786
-5904.14095
-5928.91204
-5925.27023
-5928.89355
-5922.17159
-5943.40168
-5939.74461
-5934.99028
-5901.91550
-5902.66122
-5896.02910
-5890.38571
-5910.61507
-5892.37484
-5922.92342
-5929.29465
-5928.57166
-5919.49939
-5914.05936
-5919.49178
-5908.05773
-5907.41539
-5901.19760
-5883.79858
-5870.23886
-5882.84918
-5873.68111
-5867.85351
-5876.70902
-5872.82576
-5869.76790
-5863.74657
-5882.34395
-5873.60100
-5874.59124
-5879.19814
-5874.85560
-5898.13320
-5898.92282
-5894.80960
-5901.77558
-5903.38457
-5891.93219
-5891.01731
-5895.40131
-5911.63523
-5922.66346
-5935.29074
-5927.69754
-5906.72186
-5902.25140
-5884.48577
-5928.78668
-5912.51050
-5903.62437
-5899.11117
-5881.48171
-5926.16127
-5909.90070
-5887.68856
-5886.57475
-5909.42791
-5894.60641
-5902.16082
-5902.05706
-5889.89906
-5890.69525
-5901.44648
-5889.22731
-5911.18404
-5916.15983
-5920.94652
-5926.91497
-5910.92056
-5910.37887
-5921.26671
-5914.59956
-5920.73026
-5911.59169
-5915.25333
-5945.10215
-5933.44573
-5934.50475
-5917.12538
-5899.33164
-5903.74262
-5907.41165
-5909.60238
-5917.79685
-5937.55118
-5923.23220
-5932.37111
-5912.72028
-5914.65387
-5917.91831
-5918.78137
-5943.66295
-5943.26410
-5946.18962
-5956.96508
-5944.67972
-5923.24699
-5956.20907
-5937.57136
-5948.29995
-5935.90808
-5936.81135
-5943.73271
-5952.93832
-5937.83893
-5941.95456
-5946.55712
-5941.38991
-5944.68897
-5942.09126
-5922.90767
-5913.21594
-5918.16076
-5927.90117
-5948.09073
-5940.47466
-5911.34390
-5907.59592
-5904.76864
-5897.21806
-5907.07944
-5921.49203
-5917.49568
-5914.84082
-5895.53075
-5901.89527
-5919.76206
-5932.57783
-5910.93346
-5908.34134
-5901.83461
-5884.76301
-5897.28072
-5882.70796
-5887.13540
-5896.98345
-5894.30077
-5904.74942
-5923.33087
-5926.88883
-5919.31711
-5900.57062
-5900.32807
-5926.59618
-5884.56557
-5884.86084
-5881.38120
-5908.74707
-5898.79947
-5899.98771
-5867.52060
-5889.75962
-5906.00798
-5897.19018
-5909.41791
-5914.72113
-5912.13808
-5898.31155
-5882.86159
-5887.44046
-5878.33907
-5894.16312
-5916.28067
-5906.25976
-5916.19074
-5916.36424
-5923.99183
-5937.21570
-5944.27581
-5926.25545
-5930.45095
-5916.24821
-5919.76998
-5907.65604
-5913.69626
-5940.14247
-5953.44076
-5920.32590
-5934.86276
-5937.57012
-5924.63261
-5898.45086
-5902.53564
-5896.45414
-5910.89705
-5921.40235
-5941.79892
-5930.73512
-5920.63867
-5918.31126
-5924.62034
-5906.19034
-5909.15885
-5908.90413
-5915.45927
-5903.31116
-5925.36217
-5916.67404
-5927.70296
-5921.94398
-5911.16124
-5921.92759
-5937.45027
-5927.17669
-5932.01799
-5928.06721
-5913.73179
-5899.81102
-5901.65104
-5926.01189
-5943.21894
-5950.85817
-5957.09107
-5950.26684
-5933.93735
-5918.94308
-5906.45306
-5916.83917
-5916.40381
-5906.19194
-5920.97264
-5926.30059
-5928.20445
-5928.81195
-5933.49007
-5933.80292
-5939.33300
-5927.52347
-5929.31190
-5940.92244
-5928.19275
-5923.24849
-5934.66636
-5927.09249
-5919.44958
-5925.42157
-5904.89834
-5889.85566
-5884.65264
-5895.94247
-5915.93053
-5900.17033
-5907.06638
-5913.89606
-5919.98743
-5911.65651
-5907.18253
-5914.93790
-5928.48162
-5923.92582
-5930.24731
-5944.82476
-5955.63084
-5961.06060
-5935.80995
-5948.99173
-5937.57918
-5935.14858
-5947.08741
-5946.28085
-5948.01987
-5974.30073
-5950.24026
-5965.61175
-5979.68771
-5993.13428
-5991.33664
-5955.43504
-5927.83379
-5929.22386
-5939.31905
-5941.50024
-5967.68980
-5962.92457
-5949.86470
-5956.94308
-5949.43520
-5938.24073
-5948.43027
-5947.26223
-5918.20279
-5898.12752
-5923.13918
-5947.14366
-5947.99104
-5927.38546
-5935.58435
-5923.46269
-5935.66255
-5934.84554
-5949.32004
-5933.37675
-5947.78765
-5943.10609
-5968.29119
-5962.85283
-5970.61986
-5970.73930
-5959.14304
-5953.83945
-5947.73266
-5946.61165
-5947.60051
-5959.78040
-5957.44123
-5943.26789
-5944.01129
-5941.53818
-5943.20434
-5949.29753
-5951.36413
-5951.12888
-5959.07181
-5945.88741
-5968.12657
-5961.03121
-5962.12111
-5971.82762
-5962.52855
-5956.50529
-5957.06755
-5960.67374
-5970.08225
-5958.95654
-5958.81276
-5937.01937
-5929.90657
-5948.43846
-5960.62525
-5963.06126
-5949.26598
-5960.64347
-5944.58064
-5947.91829
-5952.25879
-5930.68924
-5937.43954
-5948.27478
-5940.44668
-5951.34348
-5946.84244
-5934.94830
-5947.23275
-5935.83562
-5955.47586
-5947.96201
-5938.29543
-5936.56434
-5927.00187
-5918.68305
-5906.66033
-5893.94762
-5901.02769
-5917.28626
-5921.17658
-5899.01726
-5902.68804
-5890.87902
-5904.01961
-5914.18595
-5905.34688
-5882.51782
-5866.53228
-5891.08378
-5905.35309
-5897.97194
-5896.91180
-5905.15449
-5898.02929
-5914.10846
-5906.48880
-5901.22904
-5896.02120
-5881.87775
-5880.77404
-5894.45406
-5892.50454
-5916.44791
-5916.09617
-5908.32843
-5908.88123
-5911.56946
-5899.56545
-5909.91072
-5909.03420
-5919.51941
-5894.13438
-5901.48182
-5919.32440
-5896.29435
-5873.57553
-5882.96543
-5895.46728
-5884.34891
-5861.16211
-5874.32163
-5879.10915
-5921.30553
-5915.90363
-5910.65173
-5907.69750
-5888.03030
-5901.06675
-5890.83451
-5871.33891
-5884.43152
-5901.76795
-5895.99272
-5892.11913
-5907.35156
-5901.73679
-5922.69011
-5921.66725
-5914.10076
-5927.96315
-5930.29228
-5929.10801
-5935.87994
-5950.04015
-5951.65977
-5950.48803
-5951.23291
-5949.81861
-5944.97542
-5949.80771
-5952.93459
-5965.95256
-5972.67587
-5956.46117
-5935.60728
-5921.74785
-5911.50561
-5911.73885
-5893.64535
-5904.81488
-5893.71602
-5920.81621
-5911.79861
-5909.03919
-5931.73430
-5936.88295
-5917.58993
-5916.40276
-5922.19581
-5903.07488
-5908.37444
-5911.78619
-5902.82230
-5897.12072
-5919.44754
-5920.60090
-5934.81660
-5929.02741
-5939.69344
-5909.59267
-5940.43560
-5945.37815
-5945.99710
-5946.61115
-5944.59539
-5940.31973
-5938.29427
-5947.75007
-5952.46723
-5948.05316
-5944.02434
-5955.13177
-5957.57832
-5950.52135
-5942.13759
-5931.22449
-5923.15539
-5936.10526
-5943.64823
-5947.27484
-5931.58143
-5958.80520
-5973.33113
-5974.76959
-5946.82069
-5936.59055
-5954.43228
-5965.34245
-5969.74575
-5978.36699
-5961.54788
-5946.13884
-5939.09236
-5958.22199
-5953.03208
-5966.50080
-5967.24637
-5967.42382
-5962.89870
-5945.36184
-5942.41497
-5960.47449
-5965.81279
-5940.02717
-5954.42685
-5976.57470
-5986.02620
-5972.01990
-5963.85499
-5975.39321
-5958.06086
-5973.19334
-5967.70966
-5937.50587
-5938.58833
-5932.03227
-5921.72793
-5939.83902
-5946.71014
-5936.02396
-5941.87436
-5943.42320
-5970.44247
-5953.40953
-5989.49773
-5986.10293
-5969.69700
-5953.42757
-5957.68003
-5939.01674
-5970.83951
-5955.64840
-5952.76964
-5959.98227
-5960.17707
-5949.09601
-5936.90414
-5950.74447
-5962.04056
-5966.21865
-5963.43153
-5955.18704
-5945.07758
-5952.47848
-5934.70531
-5960.23887
-5976.25526
-5975.06966
-5972.60860
-5965.66526
-5949.33982
-5926.79382
-5916.00848
-5909.89989
-5924.01904
-5919.59429
-5895.32526
-5903.73104
-5933.19148
-5916.80267
-5925.72023
-5946.12841
-5939.58995
-5945.38886
-5935.36110
-5922.10453
-5929.98746
-5916.44221
-5896.95650
-5896.38961
-5872.46603
-5886.86456
-5890.21013
-5898.65443
-5908.60239
-5904.91226
-5911.64169
-5918.17017
-5940.25427
-5919.94750
-5890.76333
-5890.28190
-5925.36215
-5922.69511
-5908.39919
-5916.12931
-5927.29366
-5925.94082
-5921.64563
-5946.46018
-5967.06080
-5946.19419
-5970.30505
-5964.22296
-5942.23780
-5918.58189
-5927.01793
-5915.34989
-5906.18386
-5916.80389
-5916.48557
-5894.10156
-5930.60041
-5938.32521
-5898.91965
-5896.19695
-5891.61710
-5896.57504
-5869.62872
-5868.22143
-5864.21901
-5882.33655
-5890.43185
-5902.56940
-5885.84294
-5888.19272
-5880.08501
-5906.07917
-5911.19637
-5898.41698
-5882.80263
-5881.48024
-5906.07014
-5888.24125
-5873.23603
-5864.63020
-5866.57017
-5889.34145
-5874.70481
-5898.41355
-5894.09187
-5895.80227
-5902.57930
-5923.19988
-5936.17722
-5927.62166
-5929.57689
-5928.06675
-5926.97455
-5922.88956
-5935.47488
-5916.31489
-5917.34810
-5913.23198
-5931.88365
-5937.25484
-5925.49511
-5898.18597
-5905.34612
-5941.65790
-5946.94281
-5935.75414
-5949.31123
-5934.76482
-5948.99621
-5941.73692
-5948.58703
-5942.38183
-5940.38081
-5936.70848
-5927.93892
-5920.95200
-5913.98786
-5928.24722
-5933.64760
-5941.61186
-5945.70056
-5973.25389
-5950.26360
-5943.65260
-5924.39960
-5940.37577
-5942.60884
-5929.73527
-5930.04864
-5939.34538
-5955.39175
-5932.15285
-5944.20238
-5956.55405
-5956.50889
-5953.18314
-5971.16837
-5958.86531
-5938.77186
-5934.97306
-5932.35419
-5937.68140
-5939.63781
-5917.35125
-5944.18355
-5946.67781
-5932.53976
-5912.51390
-5906.04898
-5910.37285
-5905.42875
-5910.20296
-5937.21419
-5938.89337
-5934.35405
-5933.64785
-5909.39985
-5933.52218
-5922.69763
-5911.35658
-5894.31523
-5917.78183
-5884.54819
-5884.77166
-5881.04910
-5895.39657
-5890.70394
-5860.58114
-5868.78942
-5892.22829
-5855.39734
-5866.78146
-5881.05743
-5885.98094
-5895.29801
-5911.22968
-5919.01693
-5926.94889
-5936.67841
-5941.41827
-5946.87990
-5938.98322
-5940.30158
-5936.26006
-5948.94839
-5957.26429
-5950.22828
-5955.36720
-5964.18781
-5946.39154
-5947.57804
-5953.30824
-5940.19283
-5935.64249
-5948.24129
-5933.66008
-5938.22872
-5931.69302
-5922.91106
-5936.25736
-5933.37750
-5926.80312
-5912.25105
-5948.08383
-5921.10084
-5938.47698
-5942.74161
-5941.05265
-5922.75057
-5934.55952
-5930.68040
-5949.36646
-5959.92968
-5958.72104
-5941.24570
-5959.61436
-5946.73130
-5946.89002
-5931.90011
-5927.50762
-5936.31127
-5950.76308
-5953.18379
-5935.98255
-5915.57635
-5873.40906
-5870.83267
-5877.26778
-5883.41791
-5884.12625
-5903.98832
-5873.60479
-5868.72107
-5898.98785
-5918.29168
-5919.58769
-5928.90638
-5916.79693
-5920.43641
-5929.54275
-5937.94093
-5910.40638
-5899.49219
-5883.92607
-5888.22774
-5899.31092
-5922.99933
-5932.83360
-5940.36980
-5949.98446
-5944.28250
-5949.47160
-5945.82535
-5953.84165
-5965.34340
-5937.20392
-5909.04807
-5917.09244
-5896.47464
-5898.77945
-5920.71317
-5926.40903
-5926.35242
-5932.93619
-5952.16208
-5953.00602
-5959.23035
-5945.12528
-5933.57929
-5944.92374
-5928.06937
-5925.31677
-5907.57432
-5921.95685
-5921.02549
-5917.46013
-5927.38980
-5906.90869
-5930.48466
-5907.87502
-5911.29830
-5912.84992
-5900.64898
-5890.72305
-5915.64638
-5915.66480
-5933.74492
-5918.70098
-5906.25841
-5909.92749
-5909.64753
-5903.39792
-5897.90591
-5905.40804
-5914.55726
-5898.25181
-5922.55135
-5915.97986
-5922.72729
-5921.44052
-5925.73605
-5931.86845
-5921.84594
-5924.57727
-5903.91805
-5894.53833
-5897.27801
-5896.48597
-5927.67279
-5917.10568
-5901.90211
-5899.04074
-5887.89436
-5879.72750
-5877.10547
-5916.79761
-5930.94729
-5923.95559
-5935.68491
-5931.50760
-5933.50961
-5929.25537
-5920.45928
-5899.71576
-5922.81133
-5909.16460
-5936.01105
-5939.87259
-5946.80936
-5939.41131
-5925.80348
-5935.20489
-5929.88596
-5928.01524
-5933.44156
-5928.99205
-5945.27760
-5919.26356
-5891.38747
-5901.84335
-5910.03426
-5900.77847
-5893.58987
-5890.57885
-5922.01462
-5948.00697
-5923.43871
-5923.07951
-5905.91572
-5928.64525
-5934.76543
-5923.83015
-5909.22890
-5918.62362
-5914.80537
-5887.98944
-5899.02573
-5902.34259
-5909.21105
-5904.27626
-5907.63877
-5902.10174
-5915.93445
-5935.38007
-5905.77254
-5917.71336
-5908.73747
-5919.04402
-5926.81448
-5927.06333
-5919.85256
-5930.79690
-5933.11628
-5932.38429
-5944.32329
-5929.10447
-5935.81500
-5919.34536
-5921.01360
-5913.19690
-5927.51446
-5941.06269
-5913.97679
-5908.25694
-5938.22115
-5954.67139
-5948.36852
-5947.35028
-5931.47674
-5936.92148
-5906.66194
-5907.33660
-5897.00613
-5906.72411
-5912.10981
-5913.75412
-5918.67833
-5925.97962
-5938.10513
-5950.64311
-5921.93892
-5930.57400
-5942.78014
-5925.64528
-5938.61470
-5940.52176
-5945.71055
-5950.67112
-5933.83666
-5939.79852
-5945.48413
-5947.91498
-5940.11668
-5942.24025
-5908.29920
-5911.44429
-5893.80904
-5892.23537
-5901.16389
-5904.79671
-5905.90188
-5919.88930
-5910.01783
-5903.80991
-5900.08024
-5892.04334
-5893.18023
-5890.90794
-5901.31869
-5870.16624
-5886.50641
-5890.90626
-5901.59203
-5905.40420
-5925.98508
-5928.41626
-5901.07714
-5907.02720
-5911.35868
-5920.61176
-5915.47838
-5931.04693
-5899.21156
-5911.23863
-5927.73621
-5915.65658
-5902.23480
-5890.26038
-5887.52362
-5867.86231
-5901.80388
-5873.87385
-5897.76417
-5892.24367
-5882.63254
-5884.53952
-5886.67487
-5886.33570
-5920.03969
-5891.04672
-5924.55679
-5913.36678
-5932.30007
-5915.28463
-5926.29100
-5927.03072
-5919.96842
-5928.02746
-5922.19782
-5940.08875
-5927.98662
-5923.95002
-5916.92542
-5940.01217
-5947.12251
-5941.01154
-5931.53423
-5928.29161
-5900.50608
-5898.39868
-5883.05781
-5891.59877
-5902.65260
-5907.78410
-5921.39597
-5941.37304
-5963.22481
-5960.47529
-5950.81633
-5958.07801
-5943.19236
-5945.56335
-5969.44255
-5956.74266
-5972.82639
-5969.49779
-5966.77035
-5971.11708
-5946.26492
-5971.27034
-5956.05073
-5970.97022
-5960.73159
-5982.93455
-5982.34133
-6001.23911
-5987.64837
-5981.89745
-5960.63442
-5978.20756
-5976.67544
-5963.82597
-5959.10787
-5928.15899
-5943.76422
-5948.05929
-5946.68912
-5966.46521
-5951.60006
-5948.53157
-5961.51399
-5952.20689
-5954.33259
-5956.98051
-5957.82360
-5950.09751
-5945.66944
-5941.09002
-5945.05614
-5931.93490
-5909.81539
-5914.31481
-5895.80932
-5899.70715
-5870.26511
-5872.45656
-5876.13271
-5884.57767
-5898.85014
-5905.84174
-5916.22191
-5902.62653
-5919.55744
-5927.29252
-5890.17657
-5904.00562
-5909.83656
-5933.70894
-5927.15724
-5916.35397
-5917.78081
-5945.98021
-5939.01245
-5938.35339
-5939.11509
-5941.74700
-5943.22347
-5927.34816
-5922.40685
-5913.77557
