-5289.46373
-5232.39434
-5249.93026
-5219.19229
-5212.21583
-5216.09122
-5266.17158
-5234.16497
-5218.65715
-5250.51332
-5235.96952
-5213.47693
-5191.35058
-5225.42415
-5236.01854
-5239.00093
-5265.06469
-5279.68192
-5216.02996
-5238.26251
-5234.12482
-5243.05167
-5215.26220
-5252.89893
-5234.26758
-5259.60409
-5244.97347
-5278.51408
-5267.04842
-5251.26039
-5261.98196
-5250.49037
-5238.18367
-5236.50234
-5226.46495
-5255.24469
-5237.02751
-5272.60863
-5260.01540
-5273.74197
-5233.96497
-5249.69731
-5229.41304
-5233.15618
-5259.74724
-5210.15144
-5236.71326
-5217.23713
-5266.27338
-5275.74109
-5257.55621
-5260.87720
-5259.32330
-5247.70024
-5258.63920
-5263.59736
-5262.84409
-5279.16554
-5265.66546
-5254.00761
-5258.65543
-5263.04077
-5274.96178
-5249.76860
-5249.13829
-5239.14524
-5271.94713
-5248.68714
-5235.05115
-5206.43250
-5206.45056
-5278.57635
-5233.99524
-5256.21076
-5264.79050
-5261.10581
-5295.07957
-5304.76186
-5317.37202
-5265.92361
-5230.75704
-5198.44023
-5280.51589
-5275.48852
-5269.71560
-5262.09951
-5262.55007
-5258.01374
-5260.23642
-5266.24041
-5260.06778
-5211.39951
-5252.96185
-5266.44796
-5258.89734
-5241.59751
-5240.01500
-5257.13837
-5278.06451
-5273.81867
-5264.03995
-5236.92486
-5235.65360
-5236.67024
-5228.85298
-5244.49718
-5258.63079
-5261.93602
-5248.78928
-5241.52103
-5264.53649
-5249.16914
-5245.69830
-5245.58326
-5245.15751
-5266.00870
-5281.38296
-5263.54567
-5275.78739
-5260.50448
-5279.62369
-5247.13085
-5214.33663
-5241.80849
-5243.48195
-5241.20927
-5250.75821
-5255.46063
-5259.65865
-5216.34942
-5239.26237
-5231.01050
-5216.18368
-5244.89776
-5271.04263
-5251.56866
-5274.84583
-5240.01665
-5244.71815
-5265.12733
-5253.06474
-5240.33020
-5268.86460
-5301.89536
-5303.24781
-5262.81659
-5239.32145
-5234.39443
-5276.75803
-5250.63929
-5234.87343
-5257.80115
-5253.52828
-5264.36001
-5292.23300
-5288.02750
-5317.49147
-5263.43685
-5267.83380
-5215.76755
-5233.54807
-5252.65194
-5244.94811
-5222.18860
-5241.17350
-5303.19813
-5273.35092
-5274.46385
-5242.96934
-5243.94268
-5240.53806
-5236.23914
-5244.91986
-5197.47096
-5250.18235
-5246.83812
-5243.25015
-5277.15783
-5277.64295
-5253.96944
-5282.38150
-5280.26802
-5267.42700
-5239.80332
-5250.56474
-5219.39122
-5197.09934
-5222.63635
-5259.71545
-5246.93087
-5249.64253
-5229.14052
-5228.04021
-5216.27747
-5267.11085
-5266.53391
-5259.09593
-5254.06314
-5253.21306
-5248.83179
-5258.03652
-5246.73258
-5255.32829
-5240.47293
-5267.79915
-5233.01013
-5250.51604
-5258.00360
-5253.73100
-5237.88378
-5265.35555
-5212.46955
-5288.91440
-5255.61275
-5199.90002
-5212.09973
-5256.49278
-5273.43735
-5307.96322
-5221.83808
-5285.28191
-5268.36006
-5277.67688
-5286.35297
-5273.01180
-5272.26189
-5258.45658
-5228.20929
-5261.43743
-5269.01190
-5231.75310
-5250.11143
-5230.26853
-5237.51499
-5250.84981
-5272.69117
-5309.57461
-5244.46326
-5268.50037
-5249.98903
-5279.87478
-5281.89668
-5265.05647
-5267.30466
-5252.31820
-5259.99438
-5266.61047
-5276.66496
-5240.34759
-5239.56761
-5235.62358
-5254.32703
-5236.82129
-5243.42907
-5260.07880
-5285.52581
-5254.02121
-5307.94133
-5255.55639
-5244.69081
-5234.57542
-5256.41798
-5225.84876
-5244.48604
-5217.01917
-5216.90858
-5263.52802
-5285.98597
-5288.36852
-5229.95274
-5286.75269
-5290.42813
-5245.24257
-5235.33345
-5238.67572
-5223.76711
-5239.35166
-5205.11799
-5247.90426
-5231.81803
-5213.79897
-5261.51008
-5270.53293
-5225.98080
-5260.31128
-5272.34831
-5232.88904
-5240.96160
-5241.86924
-5258.87278
-5272.06385
-5282.04722
-5275.44767
-5271.91275
-5271.63925
-5260.89069
-5282.42574
-5281.01417
-5246.17271
-5276.33236
-5242.18029
-5227.62711
-5254.73158
-5227.24420
-5261.85960
-5304.00805
-5261.53803
-5221.11141
-5191.81844
-5248.82118
-5239.71339
-5223.91073
-5250.78790
-5223.86666
-5236.99329
-5258.36224
-5278.04542
-5254.33928
-5262.83732
-5279.66422
-5277.01979
-5258.87984
-5237.32301
-5235.76997
-5270.16845
-5245.57211
-5243.22219
-5259.65208
-5257.42821
-5247.30445
-5253.90866
-5243.54653
-5235.75219
-5240.87048
-5213.25700
-5270.48604
-5222.27696
-5210.26734
-5230.37031
-5245.46982
-5245.93361
-5203.94868
-5165.04097
-5228.49246
-5269.95302
-5276.67970
-5256.57814
-5252.48891
-5244.44738
-5241.04470
-5233.85007
-5260.17331
-5245.71927
-5276.43041
-5230.98063
-5195.61409
-5199.66260
-5235.83564
-5263.08807
-5266.16929
-5225.43800
-5261.82393
-5243.27274
-5222.38233
-5245.09169
-5251.05912
-5271.52977
-5247.77168
-5261.51357
-5244.72439
-5255.24785
-5268.20179
-5214.14171
-5256.34134
-5250.43076
-5206.94872
-5218.33404
-5253.29907
-5270.78787
-5251.61603
-5268.27225
-5263.14667
-5243.73068
-5254.80365
-5219.16063
-5218.51267
-5240.45913
-5203.17491
-5277.26042
-5251.44001
-5235.79278
-5262.68385
-5227.41374
-5261.12315
-5185.66027
-5212.34334
-5209.36649
-5237.37665
-5229.62881
-5233.51153
-5241.20785
-5290.82759
-5244.22563
-5268.10111
-5269.21320
-5269.65732
-5252.08259
-5245.97312
-5240.57511
-5221.43773
-5178.50514
-5218.44343
-5270.43561
-5233.55469
-5231.29063
-5217.63739
-5199.31979
-5245.89820
-5229.79262
-5269.25117
-5233.28172
-5229.74113
-5228.76143
-5228.96552
-5198.59627
-5241.64299
-5244.35339
-5220.16171
-5236.69873
-5243.87833
-5272.12113
-5280.55309
-5291.58718
-5299.22634
-5261.24423
-5246.71514
-5252.18645
-5288.20210
-5260.91278
-5317.03038
-5266.66987
-5266.20421
-5232.24399
-5212.14456
-5230.97253
-5254.19840
-5254.64274
-5281.35506
-5290.82838
-5298.91272
-5298.56432
-5288.65831
-5259.47116
-5290.85229
-5249.61409
-5211.00194
-5230.39929
-5210.31713
-5269.37153
-5263.52374
-5294.87500
-5255.67964
-5262.45295
-5274.63028
-5278.91176
-5263.58570
-5243.57677
-5271.71957
-5227.86298
-5237.66214
-5271.81250
-5251.01034
-5244.24438
-5205.66957
-5265.88918
-5269.10095
-5273.59657
-5265.16849
-5279.90792
-5257.29544
-5248.52884
-5267.13201
-5253.51578
-5231.75261
-5232.18246
-5252.13385
-5280.56248
-5223.65415
-5243.03363
-5242.48491
-5254.89307
-5227.23352
-5238.73623
-5291.01542
-5282.51926
-5265.62557
-5247.91595
-5289.24269
-5241.11510
-5249.38444
-5279.97992
-5271.13609
-5250.43871
-5214.29159
-5201.52263
-5238.82172
-5248.94286
-5214.61506
-5251.57236
-5223.62305
-5238.69286
-5273.54927
-5264.34564
-5243.40081
-5246.52074
-5229.91553
-5246.65747
-5235.79437
-5251.26622
-5258.48978
-5285.65543
-5276.20184
-5283.94419
-5255.89486
-5250.09643
-5248.95353
-5243.10298
-5247.25215
-5212.77754
-5244.05031
-5236.22690
-5224.00226
-5282.34042
-5242.08662
-5247.96991
-5222.10896
-5244.39254
-5223.24706
-5224.59154
-5274.82547
-5259.85240
-5268.48146
-5243.94233
-5236.15107
-5240.53826
-5228.61193
-5251.31046
-5258.90702
-5276.33041
-5272.07919
-5251.09082
-5277.38055
-5224.36929
-5252.41272
-5200.17841
-5255.57120
-5262.38908
-5243.97768
-5240.76774
-5234.05131
-5202.60864
-5186.83953
-5247.33921
-5221.53417
-5250.41720
-5251.33300
-5284.96489
-5240.89818
-5259.81353
-5213.23628
-5216.79471
-5239.23848
-5260.36644
-5250.09156
-5267.28927
-5285.18667
-5306.19856
-5275.20965
-5244.28460
-5282.36524
-5265.36481
-5241.33225
-5261.13463
-5241.23485
-5233.32559
-5212.65048
-5217.03650
-5211.17007
-5234.65734
-5235.01471
-5231.97525
-5225.78457
-5264.46468
-5229.53253
-5258.28722
-5242.84774
-5267.12494
-5216.01861
-5211.13488
-5259.88292
-5263.90880
-5244.65553
-5247.65096
-5262.36099
-5202.63897
-5235.03313
-5205.37444
-5252.61924
-5263.88175
-5237.64679
-5240.37290
-5254.43974
-5268.16857
-5268.25379
-5202.97082
-5222.88107
-5204.37479
-5263.26853
-5280.42676
-5279.06957
-5269.81335
-5319.29045
-5262.17889
-5236.58420
-5242.83998
-5282.37803
-5280.18450
-5285.30057
-5273.56794
-5269.79091
-5247.57474
-5234.21583
-5241.90163
-5239.70706
-5232.05066
-5235.88914
-5232.28088
-5286.31856
-5239.99311
-5236.19793
-5249.31922
-5268.16747
-5227.41858
-5222.34647
-5270.61337
-5266.73156
-5252.80730
-5277.56550
-5244.68238
-5238.87729
-5260.33375
-5213.57731
-5219.68439
-5234.77521
-5248.53992
-5250.40907
-5287.09296
-5284.96955
-5289.05505
-5275.89828
-5256.85793
-5227.11926
-5270.71333
-5279.87090
-5254.37621
-5230.69615
-5215.85550
-5249.80348
-5233.13623
-5299.26295
-5260.81931
-5256.14182
-5287.35911
-5250.27016
-5249.04801
-5264.03234
-5245.97232
-5234.65591
-5246.71624
-5235.97455
-5234.67525
-5218.70217
-5249.44860
-5258.65870
-5254.71585
-5274.38644
-5245.20457
-5254.51218
-5247.78332
-5254.87176
-5233.21955
-5250.36567
-5243.79659
-5216.38334
-5231.34502
-5248.60921
-5278.63667
-5238.93188
-5271.34482
-5255.78435
-5257.81792
-5248.76099
-5288.36036
-5273.73986
-5258.02067
-5259.54893
-5269.32313
-5269.16015
-5268.70704
-5279.36550
-5278.73540
-5283.35032
-5294.39321
-5252.39523
-5244.89481
-5285.30368
-5232.19747
-5224.78761
-5227.41252
-5219.42305
-5250.32716
-5294.19554
-5259.28861
-5232.51319
-5288.60101
-5242.92199
-5233.02600
-5230.78032
-5237.93670
-5237.01521
-5287.42223
-5260.36542
-5267.92485
-5274.66170
-5265.44682
-5290.86035
-5252.32045
-5277.43658
-5275.63391
-5267.76420
-5280.94142
-5272.93520
-5255.70958
-5266.05148
-5243.61054
-5281.57272
-5268.07442
-5239.99918
-5246.40493
-5282.37133
-5294.29241
-5237.87142
-5268.39723
-5263.22083
-5277.38891
-5214.48827
-5207.89160
-5226.45859
-5234.80152
-5254.54916
-5245.37210
-5240.00497
-5229.02606
-5224.20630
-5261.06550
-5266.79207
-5259.33959
-5289.22289
-5263.56181
-5268.30316
-5248.05725
-5230.41318
-5243.88929
-5243.05629
-5214.30734
-5278.31576
-5246.33488
-5244.63115
-5228.19722
-5268.24232
-5281.64991
-5294.27988
-5309.14029
-5272.75094
-5243.81735
-5254.37352
-5215.91007
-5217.58874
-5226.18070
-5219.65829
-5256.16711
-5232.50438
-5242.80743
-5273.10848
-5266.74890
-5262.67225
-5295.45877
-5196.39751
-5233.99020
-5237.28556
-5252.61290
-5261.22798
-5265.58614
-5298.34764
-5276.49447
-5230.86758
-5262.43160
-5271.27854
-5295.55664
-5291.72447
-5243.45322
-5237.13937
-5260.07301
-5270.42414
-5238.67149
-5224.94515
-5274.16132
-5212.21480
-5231.86695
-5217.24175
-5258.20518
-5252.58080
-5222.26989
-5218.61515
-5248.39797
-5269.94675
-5259.56248
-5235.13163
-5223.06843
-5255.34811
-5245.99379
-5259.71924
-5259.29816
-5251.17666
-5294.18319
-5280.04840
-5275.44167
-5261.75042
-5280.85257
-5274.55258
-5281.87673
-5298.73374
-5235.15322
-5219.49058
-5251.30617
-5283.88109
-5289.94003
-5211.81524
-5239.92876
-5257.27145
-5238.48264
-5256.18142
-5243.09001
-5258.19400
-5229.79444
-5272.16353
-5256.99520
-5238.99720
-5251.10234
-5275.01853
-5251.97262
-5266.47426
-5262.97755
-5279.05405
-5275.03246
-5257.15902
-5269.17970
-5230.52182
-5217.76044
-5207.59364
-5223.37722
-5226.18981
-5236.74742
-5244.63543
-5231.81816
-5266.20830
-5268.55284
-5274.07839
-5263.40990
-5249.55153
-5251.60405
-5249.30565
-5239.17760
-5233.06401
-5245.27127
-5252.87587
-5264.75070
-5212.07094
-5239.26853
-5231.25391
-5270.87875
-5246.66091
-5188.24415
-5172.88334
-5225.68686
-5256.76973
-5281.47178
-5292.48695
-5252.72196
-5254.63873
-5266.57573
-5256.55565
-5231.43698
-5228.54295
-5276.76546
-5246.59144
-5288.24785
-5253.66552
-5241.30028
-5247.24106
-5226.94690
-5245.37209
-5217.24915
-5236.92457
-5238.32215
-5235.19185
-5234.98120
-5275.08320
-5260.41211
-5240.30787
-5233.42517
-5250.46444
-5257.52143
-5267.03924
-5269.93192
-5268.75616
-5227.75817
-5259.54151
-5258.38006
-5223.79757
-5244.41194
-5252.25242
-5291.32219
-5236.60506
-5258.73491
-5271.23530
-5259.81738
-5211.32121
-5282.08968
-5294.40419
-5251.93596
-5259.70532
-5310.22851
-5286.86255
-5293.75562
-5259.23597
-5252.63814
-5254.42491
-5288.87133
-5258.88468
-5264.47229
-5289.82707
-5255.25852
-5288.56259
-5252.16384
-5261.07608
-5254.63014
-5229.36526
-5262.02746
-5239.38289
-5274.70839
-5244.84660
-5265.46781
-5307.06064
-5290.20395
-5276.94260
-5219.85051
-5214.22912
-5253.50112
-5237.54189
-5189.99454
-5267.22509
-5270.54736
-5250.43474
-5247.37194
-5272.74188
-5268.01681
-5255.45176
-5269.37332
-5246.33496
-5246.35444
-5241.54162
-5212.08849
-5222.48909
-5248.20139
-5246.60592
-5303.94311
-5279.56398
-5259.19203
-5267.63326
-5242.76967
-5273.36868
-5248.43440
-5237.72160
-5262.09607
-5281.53679
-5266.43892
-5239.21045
-5267.67846
-5246.68663
-5304.37736
-5282.38111
-5260.79376
-5278.43818
-5261.03436
-5287.32375
-5258.45179
-5224.61657
-5257.88837
-5264.90745
-5274.27262
-5272.06606
-5257.14216
-5286.29741
-5306.98653
-5300.87792
-5266.93375
-5228.15643
-5265.93212
-5266.31656
-5235.89032
-5232.51463
-5246.08149
-5264.16517
-5277.14266
-5250.97566
-5273.76714
-5242.38572
-5259.10043
-5224.87374
-5210.39698
-5260.37020
-5214.64200
-5261.35957
-5229.71213
-5222.84919
-5218.63425
-5266.19681
-5271.46618
-5234.27650
-5242.66634
-5236.15485
-5253.67553
-5248.64348
-5255.19627
-5261.88222
-5208.11223
-5270.54059
-5269.21763
-5262.47720
-5288.96364
-5264.09079
-5248.45752
-5278.36080
-5279.25832
-5267.56250
-5222.42991
-5237.61683
-5258.47445
-5244.17252
-5237.51548
-5242.71928
-5251.20731
-5295.34751
-5286.63343
-5275.05068
-5260.31055
-5254.65078
-5252.38246
-5263.59130
-5284.43307
-5286.31842
-5277.85321
-5255.05979
-5218.53648
-5229.72540
-5247.20830
-5236.79461
-5221.15875
-5199.09206
-5215.11836
-5265.01052
-5235.34642
-5233.36560
-5263.68142
-5222.67011
-5204.17470
-5221.61753
-5245.01674
-5230.25668
-5253.64088
-5247.19549
-5276.65809
-5264.07140
-5237.62104
-5256.21133
-5270.04438
-5225.37706
-5227.99082
-5223.08741
-5245.23388
-5283.20359
-5233.23133
-5197.92514
-5252.40916
-5203.10604
-5243.14410
-5207.87470
-5279.17769
-5236.61863
-5277.15540
-5297.36926
-5270.85475
-5279.91306
-5285.02248
-5246.71638
-5251.50773
-5244.61731
-5248.88662
-5247.83731
-5231.22199
-5248.22208
-5289.98456
-5301.68955
-5277.57666
-5275.85575
-5245.12721
-5258.73123
-5254.62126
-5263.66901
-5290.70760
-5278.66643
-5293.89081
-5277.14504
-5276.45103
-5265.92865
-5269.44376
-5248.78820
-5233.12202
-5244.86641
-5228.54222
-5266.75597
-5241.07158
-5246.20230
-5265.80295
-5258.84033
-5264.58543
-5292.07722
-5280.72057
-5242.45659
-5237.00780
-5209.79083
-5248.40582
-5252.91239
-5289.56996
-5248.62377
-5266.01070
-5300.18407
-5255.46332
-5268.86915
-5260.00877
-5279.81992
-5287.01240
-5294.56217
-5283.63730
-5254.36328
-5245.64354
-5292.21883
-5243.87159
-5231.85728
-5246.72074
-5237.85229
-5230.75748
-5207.64261
-5222.85271
-5237.26411
-5242.36582
-5248.84492
-5280.13740
-5251.43614
-5258.16671
-5231.42754
-5249.30603
-5248.38284
-5234.44715
-5256.39886
-5249.04919
-5269.92305
-5256.04490
-5283.87306
-5268.53306
-5237.74447
-5264.72077
-5279.82257
-5277.26761
-5275.47236
-5265.77513
-5278.01804
-5266.70631
-5292.32533
-5261.97149
-5286.98648
-5282.42363
-5243.83992
-5239.68457
-5276.08893
-5271.48773
-5266.92008
-5265.00441
-5266.11220
-5258.85977
-5215.72398
-5260.23478
-5264.17553
-5234.84789
-5233.77635
-5254.62531
-5267.13154
-5263.40064
-5245.10509
-5247.14295
-5252.69041
-5210.08982
-5254.33921
-5220.78866
-5254.99458
-5203.24915
-5217.31934
-5242.33762
-5267.13575
-5239.22506
-5233.42229
-5250.94801
-5243.16433
-5264.34922
-5284.84496
-5265.88096
-5226.17955
-5224.92012
-5239.72935
-5200.14876
-5226.97583
-5259.31642
-5226.27203
-5253.39245
-5217.55579
-5253.63184
-5267.46444
-5236.64701
-5226.61557
-5255.40794
-5263.58543
-5230.71490
-5275.97441
-5267.39257
-5241.76276
-5239.01039
-5237.18952
-5301.77528
-5253.65133
-5271.69876
-5251.24807
-5261.61930
-5217.97326
-5231.58938
-5238.25342
-5241.21148
-5240.88066
-5213.16362
-5246.51215
-5253.99262
-5257.50337
-5267.16924
-5237.84096
-5196.80478
-5242.23566
-5226.92461
-5258.76728
-5304.58667
-5258.60964
-5234.54610
-5253.19613
-5236.70299
-5221.47100
-5250.67623
-5238.27335
-5259.30177
-5267.42030
-5235.21886
-5225.78401
-5245.14642
-5275.87362
-5295.45526
-5262.81695
-5288.26904
-5228.73296
-5206.03114
-5250.22850
-5232.15509
-5205.27279
-5282.54957
-5214.18458
-5266.92089
-5272.42786
-5285.33761
-5236.47697
-5237.20478
-5271.48362
-5246.42903
-5229.72736
-5244.84956
-5237.50494
-5186.25312
-5202.77643
-5258.49300
-5241.91855
-5229.12945
-5272.37936
-5257.76383
-5270.18957
-5278.18049
-5264.89578
-5264.42713
-5249.73774
-5248.25023
-5249.83658
-5225.77331
-5195.05986
-5204.33401
-5212.92914
-5196.53395
-5222.87291
-5219.24579
-5254.26789
-5250.76139
-5256.02424
-5235.31444
-5240.84373
-5256.71476
-5229.67840
-5207.12130
-5232.73158
-5276.83347
-5279.94222
-5246.78923
-5247.47561
-5231.08949
-5237.11879
-5247.81007
-5254.11713
-5253.45937
-5251.75149
-5229.48751
-5249.70732
-5224.66361
-5265.88790
-5267.30397
-5269.59489
-5236.29797
-5254.88055
-5243.31487
-5264.73147
-5267.47453
-5271.73556
-5235.35972
-5241.32046
-5226.33628
-5229.31590
-5247.57373
-5268.03828
-5312.96042
-5242.79740
-5272.26875
-5255.37368
-5293.08462
-5250.36250
-5275.52359
-5300.90573
-5239.85830
-5237.77441
-5235.44403
-5270.06883
-5235.49395
-5255.82526
-5265.46666
-5262.07694
-5285.06357
-5270.27517
-5262.04739
-5291.90076
-5267.81072
-5212.09564
-5190.22772
-5241.16229
-5254.76515
-5253.52180
-5266.77101
-5254.45059
-5234.34254
-5242.34928
-5278.12684
-5275.45221
-5294.77484
-5268.71818
-5256.41471
-5244.42319
-5261.21090
-5227.28175
-5257.05345
-5220.76435
-5266.64010
-5273.89152
-5230.61245
-5199.12968
-5257.62213
-5231.53729
-5279.54601
-5251.07967
-5246.03379
-5249.43257
-5236.60268
-5223.21149
-5248.37605
-5285.08391
-5277.79301
-5227.05221
-5239.96424
-5225.31182
-5285.13044
-5254.85539
-5192.95445
-5255.42248
-5266.95762
-5232.60528
-5275.84442
-5281.14103
-5262.70787
-5249.00020
-5241.93481
-5243.03729
-5223.41200
-5252.25350
-5200.56810
-5227.70363
-5254.92708
-5240.91887
-5247.18454
-5233.19497
-5233.44637
-5238.72015
-5242.40856
-5251.29485
-5199.21700
-5229.01197
-5202.36831
-5223.98186
-5185.69708
-5270.20613
-5278.63590
-5269.52913
-5277.89074
-5262.00850
-5261.36637
-5289.64089
-5254.77050
-5252.28549
-5265.07454
-5270.85775
-5241.84455
-5228.81687
-5238.88734
-5267.63598
-5272.51444
-5263.61132
-5265.32721
-5249.89113
-5229.38254
-5226.37725
-5194.01096
-5224.95312
-5261.17326
-5228.71198
-5278.72519
-5307.79754
-5303.64634
-5252.56792
-5244.22969
-5278.98842
-5213.83094
-5206.27399
-5229.71221
-5226.11952
-5237.03390
-5197.40706
-5261.98033
-5251.31615
-5295.64590
-5256.01919
-5259.71384
-5245.46695
-5229.94189
-5225.46976
-5212.88073
-5254.48898
-5247.56967
-5263.42233
-5229.00046
-5225.37499
-5227.00879
-5239.54008
-5304.01699
-5249.76664
-5270.78110
-5236.09333
-5243.78929
-5259.84265
-5261.96693
-5240.49969
-5211.27040
-5240.30263
-5232.24483
-5178.74939
-5254.80016
-5238.05172
-5277.71181
-5213.14091
-5280.69662
-5272.99912
-5262.31410
-5253.63708
-5275.71809
-5273.10727
-5220.48501
-5229.66335
-5270.79418
-5267.17305
-5241.85158
-5253.93205
-5274.42537
-5250.39276
-5232.34929
-5252.86478
-5291.44498
-5274.66139
-5283.80557
-5280.16833
-5279.01185
-5240.84352
-5277.90969
-5274.71248
-5226.18613
-5249.11820
-5218.42505
-5250.61308
-5266.03521
-5253.59123
-5246.01794
-5280.22129
-5244.93332
-5258.61866
-5262.33670
-5253.46608
-5275.78525
-5257.12660
-5252.76034
-5227.81731
-5259.95600
-5218.77212
-5242.04490
-5268.70359
-5243.39036
-5288.16097
-5247.87425
-5272.81679
-5237.73656
-5287.76141
-5289.39531
-5252.34159
-5281.99987
-5254.68406
-5223.94551
-5241.79368
-5263.27359
-5232.47228
-5218.57997
-5241.89173
-5241.62386
-5237.03361
-5246.90320
-5235.01916
-5203.28107
-5213.20426
-5240.33821
-5281.83808
-5258.06048
-5276.70754
-5266.91429
-5249.31794
-5241.61730
-5247.01686
-5279.42869
-5269.71132
-5265.84443
-5274.37778
-5238.43151
-5288.87432
-5247.37240
-5275.38320
-5256.60887
-5240.88148
-5227.01011
-5245.76697
-5227.53295
-5253.17072
-5224.14578
-5236.27045
-5238.84945
-5204.55756
-5249.29313
-5264.21346
-5245.42321
-5232.54107
-5247.28472
-5217.89722
-5209.45117
-5232.20753
-5228.07362
-5250.45154
-5245.98480
-5205.88685
-5247.30102
-5230.63535
-5254.36841
-5252.66266
-5238.76827
-5250.86945
-5262.13592
-5237.76176
-5310.53442
-5296.06263
-5277.14027
-5273.70612
-5264.73650
-5292.25636
-5268.35538
-5255.70312
-5227.64070
-5232.36713
-5232.42108
-5213.52052
-5253.38478
-5237.06460
-5264.25901
-5252.91528
-5269.56930
-5261.54574
-5243.38528
-5268.37757
-5262.86327
-5243.10837
-5281.50181
-5296.92052
-5249.81093
-5217.35828
-5240.56956
-5244.53196
-5244.06212
-5248.27313
-5247.67711
-5264.08898
-5256.67532
-5247.09421
-5238.03149
-5233.20939
-5253.96898
-5242.93164
-5243.45947
-5261.17611
-5245.89323
-5214.02479
-5227.61346
-5294.83695
-5279.26730
-5276.23306
-5280.60081
-5237.97507
-5262.22534
-5260.70589
-5238.26465
-5227.75724
-5278.81314
-5276.88861
-5260.76535
-5237.67707
-5247.54349
-5242.41910
-5267.94344
-5236.05247
-5249.46811
-5285.46522
-5282.61200
-5261.20021
-5290.69091
-5312.10972
-5288.28100
-5266.54074
-5280.00861
-5258.36211
-5221.58205
-5224.26544
-5234.14849
-5246.82841
-5247.69215
-5260.06241
-5244.28706
-5246.61199
-5236.88202
-5260.66305
-5265.13428
-5311.45017
-5215.93949
-5249.67307
-5249.52601
-5254.30723
-5255.01579
-5237.96589
-5248.93388
-5232.47168
-5213.35880
-5224.53216
-5248.33289
-5243.76586
-5194.08974
-5222.96347
-5230.58212
-5263.58328
-5287.34240
-5257.56331
-5271.96605
-5271.02645
-5269.70044
-5213.08174
-5249.15408
-5257.02426
-5273.94683
-5293.62122
-5259.80594
-5225.32011
-5246.62595
-5263.13622
-5266.63149
-5276.11797
-5254.21825
-5199.47884
-5250.49071
-5289.03714
-5260.45924
-5263.16140
-5272.53452
-5246.14779
-5254.04959
-5231.69217
-5272.19798
-5255.75380
-5252.63413
-5218.75934
-5218.56363
-5251.14779
-5253.19637
-5225.59474
-5236.43152
-5239.87823
-5258.16815
-5266.10999
-5237.84534
-5203.19323
-5237.20719
-5227.31424
-5244.90770
-5252.39601
-5260.05976
-5240.38061
-5250.68117
-5229.14215
-5248.44786
-5237.05352
-5220.99853
-5247.46649
-5203.22062
-5264.47803
-5217.26165
-5252.01198
-5245.80761
-5295.72254
-5308.44931
-5289.24573
-5257.28753
-5254.49767
-5258.10563
-5264.05667
-5261.95416
-5274.48303
-5256.73696
-5199.34927
-5252.11347
-5277.10458
-5253.50677
-5235.09403
-5236.71532
-5261.31140
-5230.88554
-5228.47935
-5241.45451
-5254.60727
-5275.96873
-5262.51589
-5244.27714
-5248.34248
-5252.20309
-5279.38296
-5273.58451
-5251.18775
-5209.47810
-5223.80937
-5245.60013
-5244.89988
-5264.22175
-5229.15480
-5286.65297
-5253.43817
-5260.04636
-5252.07998
-5263.73627
-5283.98353
-5268.05451
-5251.80604
-5251.90472
-5262.20836
-5263.09737
-5260.34229
-5234.94772
-5271.40839
-5222.28931
-5266.93123
-5249.17110
-5275.82814
-5271.77824
-5239.58584
-5225.02167
-5232.25225
-5265.58326
-5266.56050
-5272.90119
-5224.50368
-5275.29783
-5282.20360
-5239.29874
-5223.01137
-5258.07911
-5239.07394
-5257.61479
-5281.25310
-5254.38907
-5231.19583
-5234.14467
-5224.46719
-5233.74757
-5241.93675
-5242.42413
-5241.38063
-5229.47684
-5273.80564
-5221.82281
-5226.84431
-5256.05614
-5265.41465
-5299.70401
-5242.41831
-5265.38557
-5281.11912
-5251.32955
-5241.04800
-5232.66749
-5252.31461
-5271.55636
-5309.24398
-5269.99830
-5267.01974
-5259.07538
-5222.01047
-5252.73877
-5234.41417
-5218.29936
-5241.43429
-5263.16418
-5238.23304
-5268.30540
-5278.28580
-5252.27598
-5273.69140
-5252.33050
-5278.62690
-5251.49052
-5252.32522
-5273.72640
-5262.13058
-5220.75423
-5250.65470
-5246.93556
-5236.37328
-5270.41497
-5252.59602
-5254.87017
-5255.17616
-5264.91912
-5221.11501
-5250.11249
-5234.75338
-5260.98940
-5249.26530
-5237.02701
-5233.02482
-5262.93882
-5263.83558
-5259.43138
-5216.86405
-5195.07734
-5256.34638
-5266.77910
-5222.59267
-5220.11364
-5230.83955
-5228.85659
-5240.79669
-5244.55938
-5261.21495
-5263.00342
-5249.66589
-5285.87162
-5252.80560
-5283.47557
-5279.38445
-5261.61432
-5241.02575
-5244.73983
-5266.89830
-5268.97991
-5271.64624
-5275.05894
-5247.64882
-5228.77929
-5244.01094
-5253.89686
-5206.64780
-5221.42046
-5266.80544
-5289.99107
-5267.82673
-5220.99795
-5260.53043
-5291.16130
-5273.89369
-5263.60040
-5264.63306
-5242.23839
-5284.86417
-5261.72305
-5228.33418
-5223.39598
-5245.33885
-5250.64205
-5231.22293
-5280.02553
-5233.12272
-5233.96634
-5254.99958
-5248.82420
-5217.38888
-5262.32173
-5294.35537
-5311.19765
-5260.66446
-5247.23929
-5251.88943
-5248.85614
-5260.76205
-5241.54721
-5212.85268
-5248.42465
-5249.41164
-5203.71259
-5216.78670
-5245.49068
-5280.87569
-5274.54455
-5270.17125
-5265.95870
-5206.97237
-5257.50451
-5256.00218
-5271.07502
-5240.27793
-5188.37003
-5197.61716
-5257.80057
-5212.76964
-5222.16633
-5219.04938
-5241.07074
-5280.86303
-5259.06669
-5245.89419
-5233.98906
-5237.51301
-5267.14986
-5263.75255
-5277.60584
-5250.53306
-5271.45625
-5236.66708
-5270.09411
-5242.37122
-5237.35984
-5227.19205
-5266.78151
-5264.52834
-5227.20529
-5234.28962
-5251.70308
-5221.08129
-5255.45779
-5248.15219
-5211.76373
-5291.77624
-5302.72703
-5259.08379
-5240.37081
-5231.49304
-5262.67057
-5252.67463
-5242.43912
-5235.43635
-5242.17065
-5227.47502
-5231.11725
-5249.46427
-5260.67958
-5245.95940
-5254.00229
-5280.80401
-5254.67719
-5262.27533
-5291.88508
-5266.97220
-5268.81266
-5239.98456
-5224.86959
-5270.99659
-5291.28034
-5292.57156
-5264.93239
-5274.93184
-5232.43545
-5216.77514
-5256.27271
-5231.05132
-5280.23967
-5255.70698
-5255.31833
-5255.84620
-5286.59570
-5270.76383
-5236.34298
-5243.65347
-5183.45262
-5232.91661
-5263.71698
-5210.96203
-5272.80098
-5280.58268
-5253.01462
-5259.80933
-5215.93195
-5243.55031
-5257.53954
-5295.21953
-5294.45483
-5252.26916
-5227.09854
-5273.02726
-5252.95185
-5260.04400
-5255.04902
-5265.88284
-5225.32117
-5233.89094
-5254.63548
-5296.76597
-5267.23630
-5253.52083
-5221.80853
-5224.19693
-5218.20060
-5291.31890
-5287.09675
-5240.96006
-5279.51686
-5266.00752
-5298.39273
-5248.30374
-5240.15656
-5244.27382
-5253.79825
-5260.21338
-5251.05911
-5295.98867
-5259.69359
-5260.10462
-5287.86250
-5275.46631
-5255.41218
-5268.48956
-5252.45906
-5284.67590
-5285.75866
-5260.68363
-5240.68583
-5248.21174
-5267.33818
-5275.52815
-5304.10327
-5266.16528
-5257.93644
-5267.79429
-5254.22681
-5243.28438
-5245.19521
-5242.52917
-5253.95747
-5243.23677
-5253.58923
-5255.84186
-5253.11980
-5278.60741
-5300.24603
-5282.26503
-5285.14936
-5274.46663
-5244.27344
-5257.78881
-5231.44840
-5225.39767
-5235.02051
-5220.30252
-5223.31493
-5238.81741
-5252.54358
-5253.82624
-5291.07671
-5273.22188
-5225.81799
-5292.83854
-5283.66164
-5233.30949
-5284.22205
-5281.06178
-5265.73406
-5258.62609
-5252.02001
-5245.76923
-5265.64766
-5211.01083
-5221.50383
-5273.73379
-5257.28702
-5232.00215
-5265.84512
-5246.92658
-5283.07678
-5294.70563
-5232.39953
-5250.40840
-5269.34027
-5249.93858
-5235.32129
-5226.61140
-5235.00996
-5222.20752
-5199.01105
-5262.26056
-5251.86594
-5214.87240
-5239.89361
-5285.49186
-5236.73768
-5238.59806
-5256.61323
-5260.35801
-5257.14236
-5267.14618
-5263.26529
-5236.37590
-5234.76524
-5246.62306
-5232.71980
-5236.92844
-5271.80755
-5254.23403
-5289.61420
-5261.56829
-5245.86859
-5231.97926
-5251.73125
-5275.27172
-5238.13134
-5280.24121
-5238.45486
-5228.06583
-5252.58578
-5229.72443
-5254.13341
-5222.91203
-5248.76349
-5270.45494
-5259.00496
-5277.01935
-5259.62040
-5272.22589
-5204.80780
-5227.36111
-5228.99093
-5285.63547
-5259.52483
-5278.37417
-5255.27166
-5227.07156
-5253.81271
-5251.95138
-5227.22001
-5277.43922
-5260.08171
-5270.62444
-5229.50836
-5240.25984
-5219.07689
-5271.70312
-5241.96319
-5264.71959
-5222.22086
-5243.39179
-5253.80943
-5268.64767
-5271.77663
-5272.15945
-5268.06977
-5274.72456
-5268.46297
-5231.66399
-5217.67256
-5237.46227
-5255.96091
-5230.90781
-5238.11083
-5229.93106
-5218.06861
-5232.62575
-5230.75585
-5246.16211
-5214.22712
-5269.58462
-5291.76491
-5276.23145
-5242.12225
-5247.36501
-5271.73642
-5290.04039
-5229.62615
-5256.21403
-5219.23926
-5235.03124
-5266.60487
-5281.33319
-5292.31196
-5291.99987
-5249.46245
-5255.54812
-5281.49638
-5279.28605
-5295.45754
-5264.24310
-5269.90445
-5301.10719
-5265.12441
-5244.36990
-5260.07494
-5254.11836
-5224.01722
-5240.13826
-5250.77360
-5223.69814
-5269.47409
-5265.68226
-5261.55339
-5275.26493
-5256.41842
-5240.28824
-5238.93875
-5227.79118
-5234.37568
-5251.50821
-5240.92594
-5249.92268
-5280.56251
-5311.33961
-5261.82005
-5229.88671
-5235.47825
-5229.88048
-5181.93879
-5219.18399
-5242.14533
-5224.03209
-5279.60063
-5237.44782
-5266.25865
-5260.27887
-5245.34575
-5287.27966
-5285.71487
-5279.55864
-5267.65913
-5294.52291
-5244.65032
-5220.96726
-5243.37999
-5228.75386
-5238.37449
-5292.84350
-5262.23627
-5276.81839
-5279.77024
-5255.71198
-5223.62959
-5197.89772
-5247.19782
-5291.67271
-5286.91205
-5253.13770
-5232.10048
-5229.27142
-5236.46878
-5240.55968
-5252.86735
-5252.90434
-5200.50673
-5259.51475
-5233.76348
-5212.39376
-5265.32268
-5282.60539
-5251.46235
-5283.68652
-5244.03908
-5199.81938
-5242.27423
-5247.74022
-5212.59058
-5222.49093
-5250.61376
-5256.11780
-5258.33152
-5243.61365
-5221.77654
-5278.94704
-5243.50929
-5214.21257
-5256.10155
-5240.75833
-5255.93072
-5228.93298
-5259.44884
-5249.05389
-5243.18413
-5239.22733
-5245.44971
-5237.02825
-5260.94613
-5251.91513
-5244.56942
-5242.11715
-5224.39427
-5234.26292
-5265.09335
-5286.14465
-5265.54784
-5240.09400
-5259.27614
-5234.43419
-5258.11018
-5281.55398
-5240.68005
-5232.40351
-5231.57768
-5246.22738
-5224.99870
-5244.64578
-5246.26791
-5258.60627
-5271.59463
-5253.77708
-5223.45143
-5239.90040
-5251.33649
-5260.21548
-5240.74985
-5277.50465
-5287.49357
-5273.84707
-5255.66145
-5267.35718
-5244.78437
-5229.33152
-5220.90278
-5245.69641
-5244.97328
-5258.09911
-5261.07192
-5220.98862
-5205.47637
-5267.39442
-5252.26810
-5260.62902
-5221.84836
-5227.38709
-5261.69930
-5262.49670
-5225.24608
-5289.34322
-5265.44777
-5224.20370
-5233.53392
-5199.03933
-5234.11988
-5224.55921
-5263.42452
-5254.92201
-5246.48909
-5249.92990
-5261.25849
-5260.04846
-5214.30716
-5231.58841
-5228.64626
-5256.92938
-5233.34826
-5253.57582
-5234.36074
-5213.86617
-5266.64277
-5251.46263
-5257.20752
-5244.75800
-5249.61296
-5256.44669
-5281.68077
-5237.86239
-5221.73781
-5267.18698
-5278.50262
-5257.81252
-5255.92053
-5248.41241
-5223.33833
-5233.99297
-5278.85345
-5271.59474
-5243.20792
-5271.12325
-5240.25381
-5214.15082
-5222.64038
-5258.54627
-5230.40676
-5191.40773
-5216.27043
-5255.56286
-5272.69822
-5256.45980
-5243.92532
-5227.75272
-5222.67592
-5242.54002
-5273.86781
-5277.55743
-5225.29834
-5226.62196
-5296.88110
-5307.26353
-5254.50216
-5256.28882
-5229.13805
-5247.34716
-5265.29269
-5241.59252
-5245.48688
-5243.21237
-5253.24259
-5264.87856
-5287.82916
-5251.63467
-5269.03805
-5233.78756
-5254.42618
-5260.48424
-5270.03541
-5254.84700
-5247.42477
-5259.50569
-5231.08618
-5265.38593
-5265.46708
-5242.00388
-5221.42642
-5225.96986
-5268.48737
-5217.42615
-5263.88078
-5209.68248
-5249.47201
-5252.53165
-5263.72831
-5280.70581
-5253.29067
-5242.20053
-5258.17524
-5241.00578
-5206.18782
-5214.36258
-5270.92347
-5216.10067
-5227.31434
-5266.46319
-5243.05464
-5289.56748
-5264.82978
-5250.85716
-5250.30814
-5223.28761
-5244.40144
-5250.61604
-5266.95578
-5296.02115
-5314.24838
-5278.58582
-5275.89211
-5272.81317
-5279.56916
-5266.15501
-5260.86830
-5268.98233
-5246.15499
-5223.00117
-5267.90425
-5259.87335
-5261.38674
-5260.35781
-5247.48395
-5232.51075
-5238.69200
-5222.86230
-5217.23179
-5202.76980
-5235.26599
-5246.71561
-5214.52883
-5242.19253
-5244.62380
-5282.15036
-5204.15668
-5264.65034
-5250.47798
-5250.03775
-5275.68587
-5304.90116
-5284.30868
-5288.97612
-5273.90345
-5264.36384
-5240.77890
-5257.21797
-5277.06726
-5259.94901
-5259.97374
-5290.25140
-5273.04549
-5269.62670
-5260.85414
-5234.91933
-5267.84968
-5250.55759
-5258.56326
-5261.38400
-5263.32598
-5274.99919
-5271.73887
-5237.77579
-5201.98163
-5195.09834
-5238.13634
-5243.32921
-5216.78826
-5248.10323
-5273.99154
-5242.21333
-5235.58230
-5236.82841
-5242.02671
-5240.98978
-5242.05836
-5236.73588
-5276.84737
-5238.34108
-5256.86681
-5230.96006
-5260.16235
-5254.29148
-5263.40796
-5257.99993
-5273.42820
-5235.93368
-5257.87212
-5213.82426
-5233.20582
-5257.44327
-5258.61248
-5254.28340
-5238.57522
-5240.06788
-5214.54906
-5217.04389
-5263.49089
-5286.27329
-5280.41273
-5262.38600
-5198.88041
-5260.79965
-5282.01497
-5244.73216
-5222.38340
-5271.35149
-5282.49257
-5252.40189
-5231.67847
-5253.86911
-5261.84882
-5284.15559
-5252.80994
-5257.52379
-5269.25097
-5256.54680
-5264.80314
-5281.88198
-5228.64169
-5196.90142
-5200.58237
-5240.79756
-5238.60177
-5228.54263
-5260.41908
-5203.48334
-5225.89417
-5260.73603
-5237.25372
-5253.03989
-5244.60346
-5252.36620
-5250.71651
-5247.84234
-5244.98865
-5268.19745
-5220.59395
-5222.20011
-5272.65784
-5329.53210
-5257.37700
-5287.94646
-5254.58019
-5260.14895
-5287.37103
-5265.04096
-5236.40464
-5245.74908
-5222.44278
-5256.93627
-5253.67082
-5257.36829
-5279.85923
-5298.56660
-5318.99530
-5292.01872
-5244.94458
-5227.85066
-5246.66571
-5274.69226
-5242.21142
-5284.77188
-5241.56122
-5266.74651
-5293.92760
-5263.97163
-5303.45928
-5241.61035
-5254.32213
-5244.86466
-5238.33678
-5262.54747
-5281.26351
-5286.29726
-5217.77457
-5231.65778
-5262.04472
-5245.58919
-5273.24843
-5280.55396
-5228.29748
-5253.58730
-5213.72327
-5219.53985
-5248.32749
-5247.34493
-5269.27829
-5282.76766
-5259.53796
-5246.36750
-5207.11726
-5251.59179
-5242.78756
-5253.17863
-5225.33204
-5211.38344
-5200.95877
-5264.27674
-5229.18353
-5262.59900
-5226.45759
-5233.37894
-5228.44742
-5264.29154
-5235.52873
-5281.25686
-5322.53605
-5256.59143
-5225.67732
-5239.81857
-5291.67013
-5273.46589
-5288.27024
-5280.61478
-5259.38617
-5254.19306
-5250.86617
-5243.87748
-5270.14317
-5236.79726
-5222.79739
-5232.39225
-5256.69771
-5253.65189
-5258.77835
-5259.52294
-5265.49762
-5262.19741
-5280.96796
-5242.05864
-5211.20143
-5235.69989
-5212.85488
-5221.63086
-5278.04581
-5253.19880
-5252.94324
-5225.95678
-5218.58624
-5247.07352
-5209.72545
-5246.45905
-5210.87159
-5273.13249
-5273.94826
-5248.22664
-5239.32429
-5253.70902
-5254.48547
-5214.38378
-5218.59175
-5260.95457
-5240.52468
-5227.59740
-5163.29849
-5228.53063
-5247.61675
-5207.87670
-5221.62035
-5245.48334
-5248.24116
-5268.44321
-5222.88731
-5250.47835
-5256.04025
-5274.42310
-5237.17439
-5244.41323
-5256.65668
-5230.21718
-5219.70534
-5224.13198
-5269.74858
-5252.88199
-5273.17356
-5246.24529
-5238.61994
-5185.59569
-5234.29769
-5281.88952
-5246.11598
-5249.27460
-5234.00915
-5194.78168
-5199.82873
-5258.33342
-5222.75731
-5251.84043
-5254.98027
-5236.76817
-5242.01417
-5252.04037
-5220.27034
-5225.49966
-5266.22847
-5234.37568
-5254.57137
-5254.61228
-5242.57075
-5260.36518
-5269.41726
-5241.77375
-5257.66347
-5267.87617
-5256.43662
-5282.12755
-5284.10571
-5224.33541
-5227.98021
-5256.71142
-5232.02383
-5229.54059
-5248.98482
-5226.31270
-5261.57925
-5314.76382
-5305.27519
-5243.73599
-5231.08564
-5210.38404
-5280.88143
-5245.63169
-5251.48928
-5263.26686
-5247.86055
-5228.35669
-5253.28947
-5256.98823
-5234.70644
-5247.07885
-5250.35634
-5258.48811
-5261.98801
-5254.67138
-5290.82103
-5260.95937
-5254.17585
-5254.70989
-5215.75872
-5249.67522
-5225.52867
-5252.75691
-5265.87492
-5251.93645
-5276.74985
-5267.32539
-5248.78830
-5227.82963
-5255.98769
-5294.75063
-5270.82131
-5271.97663
-5242.07122
-5225.98414
-5270.86174
-5261.58249
-5236.99095
-5233.43087
-5242.43863
-5261.20932
-5261.23067
-5268.35265
-5274.95523
-5211.09514
-5219.31983
-5251.71592
-5269.09177
-5238.36388
-5276.41295
-5292.48882
-5275.31477
-5231.44290
-5255.25064
-5252.57075
-5236.16117
-5247.86380
-5253.06824
-5252.26196
-5211.78459
-5275.84132
-5257.84494
-5257.29644
-5238.48494
-5235.52637
-5220.58014
-5224.62435
-5234.05234
-5254.94625
-5241.28867
-5226.21217
-5194.05550
-5234.16394
-5243.41775
-5258.19784
-5262.47994
-5283.03604
-5216.55030
-5230.86401
-5199.06737
-5226.93416
-5254.03153
-5288.79960
-5270.10432
-5266.90128
-5260.24126
-5256.50371
-5213.96353
-5238.04064
-5229.94634
-5265.96411
-5257.36060
-5270.00926
-5264.90525
-5278.69090
-5265.29914
-5261.26115
-5261.42022
-5219.82649
-5230.69715
-5257.81584
-5221.13932
-5252.27761
-5255.37838
-5249.61020
-5257.99398
-5256.10464
-5230.09381
-5233.02622
-5208.15585
-5252.33147
-5208.72491
-5218.70218
-5233.73686
-5276.93608
-5223.16938
-5215.97785
-5232.66060
-5268.48571
-5246.49557
-5222.77811
-5223.53968
-5236.62356
-5246.96323
-5234.59750
-5232.11490
-5304.28287
-5267.93854
-5273.99086
-5247.00105
-5241.69178
-5246.23444
-5265.83809
-5237.85054
-5241.09306
-5254.60507
-5230.67622
-5242.41629
-5224.65098
-5243.64497
-5242.80051
-5282.98822
-5305.47201
-5279.53264
-5263.57718
-5213.08915
-5241.33993
-5272.75097
-5266.08455
-5262.13510
-5240.30009
-5265.19831
-5263.83472
-5289.36194
-5264.47619
-5294.90271
-5265.91392
-5274.70929
-5290.07308
-5272.73310
-5293.85772
-5256.27232
-5223.72713
-5208.62260
-5225.85110
-5245.72558
-5240.67236
-5260.45324
-5250.55403
-5229.87543
-5281.28397
-5288.43168
-5259.35111
-5235.36638
-5244.53112
-5269.50388
-5254.45650
-5223.56312
-5204.69647
-5203.41109
-5227.15000
-5258.85410
-5277.96413
-5271.06976
-5271.33014
-5283.54831
-5256.09412
-5291.54367
-5254.55491
-5271.68608
-5251.17214
-5203.94966
-5218.77796
-5248.65620
-5291.98744
-5302.52211
-5255.60514
-5288.09296
-5238.31045
-5234.31969
-5253.74601
-5200.12437
-5262.37684
-5258.05256
-5232.61827
-5230.47150
-5226.37518
-5247.46045
-5224.59587
-5230.10120
-5226.64828
-5214.18200
-5226.61312
-5219.33645
-5225.91065
-5251.19846
-5248.61226
-5247.21576
-5246.57638
-5245.53867
-5260.89088
-5249.45901
-5256.70705
-5247.29268
-5263.22032
-5250.70233
-5242.07043
-5245.51102
-5223.95821
-5213.75351
-5240.50656
-5244.14466
-5253.79373
-5228.54052
-5216.92637
-5240.75270
-5262.15190
-5237.05649
-5225.16384
-5225.99162
-5242.35427
-5255.11705
-5239.20391
-5277.92938
-5270.21219
-5258.48666
-5248.65119
-5279.27841
-5243.64588
-5253.20022
-5263.48432
-5252.51973
-5269.96335
-5252.99010
-5261.72823
-5264.97635
-5258.45764
-5220.97277
-5259.61066
-5266.50278
-5271.04115
-5309.46882
-5306.27176
-5271.50998
-5251.15843
-5214.46684
-5213.24158
-5219.82140
-5242.19021
-5281.29727
-5248.74359
-5259.13760
-5231.72709
-5221.12355
-5235.74988
-5236.61720
-5284.97459
-5237.72429
-5261.88496
-5255.43989
-5233.73166
-5250.70293
-5256.41775
-5227.48906
-5231.45695
-5239.19889
-5321.17206
-5311.42359
-5263.56827
-5278.86034
-5269.80516
-5270.89116
-5221.12956
-5283.37176
-5227.39540
-5240.87764
-5232.26230
-5257.19363
-5248.05943
-5271.22060
-5274.78391
-5257.91900
-5243.71808
-5237.86726
-5233.10612
-5250.37004
-5243.15227
-5221.77015
-5195.54076
-5184.03345
-5245.71503
-5256.22789
-5191.23618
-5242.23081
-5251.61581
-5271.41130
-5221.43261
-5269.80477
-5234.38842
-5235.40995
-5274.60370
-5233.68375
-5256.33894
-5219.84152
-5207.91840
-5234.81556
-5268.09384
-5236.34431
-5271.51664
-5254.91658
-5218.79651
-5217.28409
-5240.02916
-5247.23204
-5304.90443
-5299.46257
-5220.36901
-5266.07618
-5239.96656
-5196.38459
-5205.18100
-5222.54301
-5228.39524
-5266.63367
-5247.26872
-5209.08181
-5279.33960
-5231.69394
-5262.70226
-5222.07401
-5227.90875
-5224.47584
-5205.96758
-5256.93348
-5245.67631
-5234.16247
-5277.80374
-5237.20484
-5213.13419
-5187.08674
-5227.59863
-5254.39040
-5236.21730
-5251.13016
-5213.80033
-5236.74131
-5234.51967
-5264.22795
-5244.61099
-5261.90404
-5241.28196
-5250.16123
-5230.73565
-5229.87108
-5236.30106
-5186.46369
-5282.84403
-5262.43548
-5275.26703
-5287.06880
-5272.67098
-5266.19175
-5251.09379
-5272.85028
-5210.87628
-5228.65914
-5205.20013
-5254.51124
-5274.51626
-5246.98600
-5253.63193
-5262.44654
-5250.03834
-5257.54744
-5251.31349
-5244.03260
-5266.71830
-5265.30808
-5277.02544
-5289.07195
-5256.53188
-5236.90962
-5240.17153
-5225.55737
-5289.56273
-5279.84230
-5286.82552
-5224.90773
-5211.46582
-5259.36495
-5274.54548
-5257.02530
-5265.87522
-5265.68785
-5262.22290
-5266.20550
-5226.41976
-5270.15790
-5280.15925
-5246.08171
-5225.88617
-5212.76056
-5204.34012
-5237.88221
-5208.92049
-5205.86286
-5253.98054
-5239.90922
-5255.44505
-5191.41623
-5205.67920
-5265.69859
-5263.60769
-5242.68614
-5213.68218
-5267.75784
-5237.03822
-5248.47530
-5227.99434
-5249.69236
-5261.36890
-5264.07967
-5258.31298
-5240.58295
-5220.27698
-5265.79975
-5283.36524
-5268.76024
-5271.75591
-5219.43842
-5236.06280
-5288.50377
-5250.75745
-5232.00835
-5257.13159
-5226.30979
-5221.24585
-5281.02787
-5325.28912
-5300.55749
-5277.26149
-5278.73954
-5243.42944
-5213.13339
-5246.85629
-5282.22740
-5279.37727
-5246.30211
-5256.02468
-5248.61441
-5253.47632
-5228.05242
-5231.41747
-5260.70420
-5240.47308
-5218.52218
-5227.69094
-5225.72394
-5255.48861
-5231.39440
-5247.55042
-5281.10391
-5240.11818
-5236.17197
-5260.78472
-5265.06430
-5273.49417
-5231.68720
-5253.08128
-5223.57818
-5245.79205
-5269.33294
-5245.90302
-5238.68832
-5247.55870
-5291.27317
-5266.91448
-5287.62942
-5270.10617
-5248.85458
-5243.18657
-5261.16677
-5250.64386
-5219.76722
-5234.06827
-5229.66864
-5219.66188
-5229.26423
-5238.16444
-5241.36194
-5271.58894
-5284.41523
-5274.32142
-5254.56010
-5253.97786
-5269.47278
-5232.84358
-5210.71600
-5212.28134
-5239.46814
-5248.70063
-5264.50766
-5224.96921
-5252.53487
-5256.62338
-5231.70500
-5262.66377
-5238.35861
-5258.60477
-5236.50854
-5247.57967
-5277.53758
-5282.87669
-5311.90701
-5244.76262
-5257.93691
-5261.89734
-5252.89317
-5262.71904
-5262.87939
-5303.35220
-5231.15057
-5226.99357
-5221.14059
-5267.70777
-5227.33937
-5205.99386
-5225.47367
-5221.54654
-5221.47309
-5251.65853
-5263.51636
-5226.03641
-5237.52873
-5248.58237
-5270.13854
-5266.66486
-5245.56850
-5262.80227
-5274.27071
-5228.00778
-5250.06597
-5274.02279
-5240.11262
-5256.46641
-5268.72719
-5241.24694
-5256.94314
-5264.69259
-5299.49267
-5338.89732
-5306.58650
-5265.06340
-5265.04645
-5216.74367
-5244.34553
-5219.80306
-5232.41222
-5209.58274
-5257.19561
-5246.09918
-5209.84355
-5230.46964
-5203.46331
-5223.91682
-5281.17357
-5239.96129
-5230.49983
-5257.43250
-5260.98337
-5226.41148
-5246.25159
-5271.17849
-5235.98091
-5250.62874
-5247.43202
-5244.50313
-5218.24225
-5225.48137
-5235.86850
-5265.12266
-5286.33719
-5235.34106
-5251.80916
-5270.56118
-5246.59904
-5241.28721
-5259.68997
-5242.69751
-5255.26887
-5238.77896
-5229.55696
-5218.61335
-5207.98412
-5223.73261
-5235.17088
-5271.97166
-5238.64936
-5255.05946
-5253.42778
-5268.33281
-5236.85495
-5253.54442
-5226.97471
-5213.92838
-5247.09327
-5226.40911
-5247.18608
-5268.18269
-5235.25903
-5244.63758
-5258.87529
-5244.12713
-5240.33451
-5258.18270
-5251.43712
-5251.96811
-5228.95279
-5229.87608
-5264.67597
-5252.87342
-5270.60808
-5267.86966
-5280.54011
-5258.42199
-5233.73915
-5268.54771
-5256.52782
-5253.29913
-5252.84366
-5272.25888
-5274.78291
-5278.67855
-5201.39476
-5237.48186
-5231.56904
-5296.59010
-5310.10530
-5209.60458
-5246.09740
-5240.72531
-5255.68068
-5263.14597
-5294.29322
-5255.67720
-5237.42832
-5277.01641
-5279.99207
-5283.95500
-5248.31582
-5262.85944
-5288.84969
-5250.62439
-5253.25578
-5254.44715
-5225.05116
-5249.50845
-5262.30422
-5276.39530
-5266.26694
-5272.96223
-5225.90873
-5235.44985
-5242.21378
-5237.20352
-5247.77367
-5257.89333
-5251.11557
-5265.13199
-5286.29248
-5278.86130
-5246.43451
-5244.94431
-5297.45123
-5277.23033
-5266.88876
-5234.95632
-5258.37483
-5290.52649
-5284.48754
-5255.88966
-5230.52557
-5258.84533
-5262.90581
-5211.34572
-5205.08261
-5223.01830
-5214.03322
-5257.68727
-5251.88345
-5254.70603
-5223.40565
-5245.36834
-5245.43891
-5249.48593
-5262.21016
-5279.69978
-5229.74076
-5252.73969
-5272.25436
-5264.44856
-5244.29529
-5242.51900
-5286.53377
-5264.17562
-5219.95778
-5229.67343
-5295.53707
-5288.55616
-5250.37007
-5280.13861
-5265.87667
-5272.24916
-5273.27290
-5216.11043
-5264.97526
-5215.87452
-5214.78866
-5238.84501
-5247.99544
-5252.67399
-5252.39541
-5236.50968
-5252.59440
-5257.26136
-5205.11475
-5205.71626
-5256.45208
-5262.34354
-5231.13099
-5253.72975
-5193.28603
-5260.81357
-5220.15714
-5212.42660
-5223.01723
-5215.54305
-5282.66434
-5287.46794
-5297.69436
-5288.27510
-5290.03024
-5217.58213
-5223.05988
-5256.99323
-5271.70500
-5283.59367
-5275.37614
-5295.74794
-5279.79506
-5251.28310
-5225.92726
-5247.53689
-5243.46888
-5258.10090
-5269.47574
-5234.26647
-5258.22222
-5283.51998
-5298.53255
-5246.89464
-5220.98934
-5248.04865
-5256.53766
-5292.64906
-5226.33034
-5253.70179
-5276.79657
-5284.22203
-5270.16583
-5243.56603
-5247.61975
-5257.20318
-5239.52911
-5221.70591
-5259.63733
-5279.40090
-5293.41768
-5273.37866
-5283.30140
-5257.20437
-5289.15410
-5284.16980
-5249.60889
-5241.43264
-5237.94654
-5228.95611
-5248.21596
-5249.72777
-5243.02907
-5248.52116
-5290.39574
-5240.39340
-5244.52312
-5247.28985
-5273.53078
-5267.43359
-5255.23138
-5241.13221
-5240.39152
-5267.08095
-5237.56007
-5270.07511
-5264.69970
-5226.00593
-5254.98791
-5228.10784
-5222.47278
-5250.90202
-5270.58045
-5251.88583
-5200.29849
-5216.39737
-5229.85948
-5238.47442
-5232.51788
-5242.93524
-5251.06513
-5252.46037
-5271.08335
-5234.59201
-5248.70596
-5225.50474
-5242.10318
-5259.36029
-5220.14244
-5225.88071
-5276.54977
-5312.39579
-5309.88263
-5282.37330
-5263.23259
-5245.68357
-5258.49401
-5249.16897
-5236.34564
-5278.79380
-5243.05304
-5265.23297
-5261.52595
-5253.27038
-5256.68793
-5203.97420
-5224.46639
-5298.12995
-5278.91248
-5254.77169
-5237.99440
-5309.88712
-5276.11019
-5242.45991
-5264.59375
-5246.09921
-5258.11301
-5213.82614
-5248.93370
-5256.73981
-5242.53944
-5225.99368
-5256.57580
-5255.61675
-5267.69282
-5279.23329
-5264.26651
-5248.79372
-5258.85127
-5240.05602
-5208.98826
-5237.32731
-5245.31527
-5266.89324
-5260.38514
-5280.84101
-5248.63506
-5260.42202
-5247.64665
-5282.75108
-5290.60574
-5231.68292
-5264.81824
-5257.78182
-5241.14645
-5271.14688
-5230.70403
-5212.33603
-5233.56175
-5251.67119
-5257.89925
-5264.12744
-5238.62846
-5281.67754
-5264.92665
-5247.69450
-5252.65618
-5261.64981
-5231.28309
-5237.66761
-5248.54646
-5251.60752
-5252.88359
-5185.94081
-5197.61946
-5217.95490
-5213.38495
-5237.50726
-5252.08048
-5237.39220
-5213.84656
-5249.19227
-5258.43950
-5269.54506
-5265.94516
-5268.18076
-5244.39644
-5264.23051
-5265.83315
-5217.37789
