-5425.20239
-5417.70460
-5430.96253
-5391.73950
-5391.86024
-5375.58308
-5391.58462
-5404.80707
-5399.79143
-5387.68891
-5418.67114
-5402.99060
-5402.96988
-5420.60060
-5375.80801
-5408.06680
-5382.62715
-5410.21257
-5395.30855
-5403.96471
-5411.76713
-5389.33239
-5373.34181
-5393.53241
-5417.54180
-5398.78150
-5383.94735
-5427.20914
-5424.10532
-5389.15364
-5384.16812
-5369.67856
-5416.08139
-5461.36188
-5387.73970
-5382.61083
-5363.45410
-5414.86688
-5433.59270
-5405.92240
-5385.78788
-5371.81888
-5409.71296
-5412.86535
-5427.25371
-5410.80087
-5417.28105
-5418.49356
-5401.22136
-5426.54117
-5432.95065
-5426.19733
-5462.32701
-5453.94346
-5451.82683
-5420.70363
-5400.80843
-5408.48396
-5439.08905
-5443.14949
-5402.26110
-5414.52829
-5459.28392
-5451.29673
-5435.87091
-5427.28591
-5484.47907
-5470.60221
-5452.62449
-5459.15629
-5463.11988
-5423.16712
-5407.04853
-5431.99141
-5419.08063
-5424.74081
-5428.40046
-5434.74508
-5405.10952
-5398.83200
-5410.80195
-5422.34021
-5445.32558
-5408.24744
-5392.57031
-5386.11371
-5408.07149
-5415.88108
-5381.41885
-5387.48623
-5378.84705
-5423.72638
-5431.60617
-5423.75985
-5400.26139
-5419.25931
-5420.51693
-5417.45339
-5437.39403
-5438.70629
-5403.61579
-5371.89663
-5388.77110
-5391.33993
-5401.98904
-5432.96205
-5396.21116
-5393.83552
-5410.75938
-5396.76215
-5395.18861
-5364.14209
-5428.60359
-5402.90235
-5365.97598
-5418.42094
-5394.07346
-5435.14297
-5432.63065
-5435.74267
-5418.12020
-5400.98202
-5411.72079
-5418.10060
-5412.25367
-5417.38256
-5433.76392
-5379.51395
-5374.85787
-5387.08992
-5388.11448
-5372.11186
-5399.92130
-5409.93961
-5385.52886
-5398.25421
-5389.14553
-5381.11858
-5378.30430
-5415.74410
-5425.95712
-5405.65444
-5470.63124
-5443.64978
-5428.78371
-5427.70405
-5447.91125
-5438.36557
-5418.34915
-5352.51444
-5351.04486
-5364.42922
-5387.92172
-5414.51805
-5380.85246
-5398.85759
-5383.01708
-5416.83394
-5420.30603
-5431.33568
-5449.26979
-5434.42559
-5440.16806
-5423.17680
-5444.94469
-5431.48917
-5422.97051
-5404.28482
-5400.09151
-5373.28607
-5372.48576
-5419.26035
-5411.46980
-5388.04502
-5417.55641
-5393.35937
-5421.12541
-5388.29266
-5384.79617
-5416.02509
-5430.81430
-5398.66699
-5384.45415
-5427.05026
-5418.49081
-5428.23237
-5401.37561
-5407.76037
-5409.92045
-5439.08591
-5438.13427
-5438.37608
-5420.40111
-5396.02548
-5404.99171
-5396.22949
-5408.63362
-5381.74091
-5405.31985
-5376.20014
-5375.54181
-5356.49742
-5374.85497
-5371.38946
-5402.90797
-5401.65583
-5408.28193
-5378.88165
-5398.91774
-5412.61197
-5418.47186
-5399.59238
-5371.00383
-5399.86868
-5389.64122
-5403.39384
-5413.16216
-5444.05677
-5423.91536
-5444.57168
-5453.98140
-5446.88558
-5398.33727
-5369.72720
-5422.93581
-5427.23638
-5417.34253
-5413.86722
-5384.77548
-5369.84265
-5372.13892
-5397.80238
-5410.96997
-5396.54050
-5404.55069
-5404.81314
-5405.00439
-5399.19596
-5380.72194
-5363.52490
-5392.61157
-5418.33260
-5384.74948
-5395.25284
-5423.58411
-5399.64820
-5384.59766
-5405.92928
-5428.20096
-5396.35461
-5400.83191
-5358.47588
-5379.95965
-5410.97271
-5432.14306
-5426.00427
-5434.61290
-5442.55005
-5414.13088
-5449.57638
-5414.91198
-5406.25614
-5402.38950
-5396.25991
-5412.70786
-5412.37807
-5425.88746
-5422.90190
-5362.50622
-5413.26275
-5415.68787
-5418.52838
-5409.28962
-5392.53100
-5382.89378
-5365.79182
-5399.39651
-5396.73709
-5401.68322
-5395.47426
-5370.62497
-5374.02401
-5398.86085
-5373.67751
-5387.47198
-5378.32592
-5408.43039
-5414.75076
-5407.68466
-5413.16107
-5427.94020
-5445.29161
-5422.36651
-5430.72220
-5461.67476
-5480.19063
-5449.13870
-5377.59824
-5392.24870
-5377.47991
-5385.45262
-5406.44495
-5426.94300
-5415.19047
-5444.92083
-5420.43336
-5417.29193
-5426.23464
-5460.31502
-5429.68345
-5456.76326
-5458.59842
-5429.05479
-5422.11100
-5452.63806
-5428.52110
-5401.76227
-5419.36267
-5413.07429
-5410.92915
-5387.45042
-5397.24360
-5401.55348
-5387.26591
-5391.90727
-5401.06866
-5380.46781
-5380.26605
-5381.69254
-5395.11314
-5395.60371
-5399.84700
-5410.45305
-5431.61599
-5402.77494
-5419.32471
-5416.85909
-5423.23073
-5446.45236
-5432.62617
-5413.14021
-5390.20769
-5406.43089
-5417.32272
-5427.86771
-5416.68489
-5412.52850
-5421.11054
-5405.96519
-5377.47741
-5361.88363
-5374.05554
-5394.26272
-5393.68003
-5391.61005
-5385.82111
-5402.48869
-5399.65102
-5386.72551
-5381.65748
-5424.21845
-5402.20751
-5431.39606
-5411.01709
-5431.14786
-5449.34997
-5438.56307
-5432.82640
-5418.13576
-5387.42227
-5394.70959
-5426.06751
-5435.30258
-5418.15270
-5423.71096
-5439.13477
-5440.63021
-5423.69254
-5431.93411
-5407.23189
-5417.25234
-5415.61356
-5379.10171
-5396.07677
-5392.31899
-5371.02821
-5393.58151
-5407.56267
-5416.81487
-5348.98895
-5402.71177
-5425.35927
-5414.19775
-5411.87350
-5426.73455
-5421.35880
-5403.77337
-5384.08712
-5371.20781
-5389.51604
-5401.74275
-5420.31644
-5417.45482
-5426.83405
-5446.14747
-5429.61567
-5391.50927
-5385.15110
-5384.33583
-5384.08956
-5427.89904
-5393.13530
-5381.38731
-5384.85254
-5421.51173
-5397.52481
-5406.37062
-5348.53590
-5399.67248
-5440.18572
-5431.38725
-5402.94073
-5422.03389
-5407.80710
-5424.49032
-5393.59520
-5422.10927
-5416.42656
-5407.25766
-5405.36725
-5378.43381
-5390.16416
-5393.05409
-5400.97244
-5381.11752
-5438.74604
-5455.23537
-5443.06311
-5421.47229
-5444.76836
-5453.67195
-5443.48137
-5432.68928
-5434.31868
-5425.90914
-5372.26461
-5409.28438
-5431.14640
-5434.46330
-5425.91500
-5414.88071
-5401.10948
-5428.56892
-5428.02494
-5421.79601
-5405.41759
-5405.85014
-5388.04383
-5363.17309
-5371.57803
-5411.72615
-5388.90713
-5405.14375
-5403.71983
-5413.99978
-5386.79356
-5388.68023
-5362.70125
-5380.69869
-5386.68194
-5380.49428
-5398.49571
-5385.47568
-5413.16333
-5398.75084
-5349.29240
-5359.86033
-5393.76460
-5352.74869
-5372.26846
-5433.63340
-5394.59721
-5356.73720
-5342.80848
-5392.70714
-5372.75647
-5351.33490
-5398.88454
-5434.49659
-5435.34070
-5417.56467
-5392.70587
-5404.33142
-5386.51263
-5367.14560
-5388.25782
-5397.01666
-5417.15954
-5411.44147
-5390.79595
-5393.91606
-5418.84899
-5456.13725
-5450.17621
-5419.63274
-5466.55500
-5419.57574
-5392.55357
-5398.11069
-5369.61134
-5358.44717
-5385.16844
-5380.32051
-5389.09345
-5401.96412
-5442.41898
-5420.01398
-5394.95989
-5399.73915
-5384.72787
-5401.94745
-5391.08031
-5404.28770
-5404.01982
-5425.12091
-5428.86057
-5429.20340
-5400.91603
-5434.70512
-5426.75546
-5397.19872
-5390.80208
-5429.97441
-5409.09182
-5403.11333
-5423.80603
-5376.56566
-5397.71593
-5395.75112
-5419.64770
-5425.27012
-5439.29506
-5417.65608
-5429.47877
-5414.55363
-5403.83906
-5412.71783
-5434.30405
-5406.17555
-5414.30678
-5373.36702
-5361.81923
-5407.23684
-5412.14754
-5379.64632
-5379.10314
-5380.17321
-5416.92984
-5440.98864
-5468.53591
-5453.71813
-5397.76652
-5394.24016
-5414.87546
-5423.63468
-5397.19146
-5411.45354
-5381.60558
-5378.11154
-5400.69244
-5396.47129
-5377.19882
-5432.59072
-5445.98230
-5409.42919
-5390.59536
-5391.64542
-5435.77142
-5413.69065
-5400.16183
-5404.06994
-5423.84570
-5412.62388
-5436.01838
-5387.63391
-5382.62615
-5412.83592
-5395.76250
-5379.01549
-5416.62304
-5385.94293
-5392.48234
-5390.08439
-5403.42304
-5411.64945
-5383.33628
-5402.17433
-5409.55365
-5404.36340
-5401.15752
-5402.17595
-5411.33140
-5401.18776
-5401.26069
-5387.23723
-5414.75639
-5418.64034
-5381.38285
-5384.83957
-5416.24499
-5418.88067
-5419.28472
-5383.02369
-5441.80022
-5423.02419
-5397.28579
-5388.00013
-5439.35048
-5403.46884
-5433.45508
-5416.17203
-5405.94601
-5387.62233
-5439.85171
-5434.24233
-5454.98865
-5436.11132
-5419.25209
-5425.51406
-5468.59798
-5428.60182
-5409.84570
-5439.90909
-5458.62207
-5435.62320
-5387.10852
-5405.86514
-5401.68243
-5415.12516
-5385.03781
-5390.75969
-5376.20041
-5386.42888
-5388.39026
-5418.81415
-5406.88890
-5414.19643
-5434.63136
-5404.68113
-5398.91908
-5401.07576
-5432.25046
-5439.43188
-5440.33682
-5391.98953
-5427.39808
-5417.27118
-5384.16328
-5371.76072
-5358.37786
-5418.18227
-5419.07239
-5418.81050
-5428.10124
-5450.14591
-5387.69730
-5408.60034
-5369.42436
-5394.68679
-5366.15508
-5431.70604
-5425.37007
-5389.71262
-5422.57943
-5406.13601
-5443.22487
-5416.58809
-5441.65369
-5450.84122
-5421.21837
-5426.79424
-5438.22418
-5412.72557
-5435.35089
-5426.39290
-5415.43806
-5387.57909
-5386.22240
-5411.20925
-5360.31341
-5375.12628
-5388.37484
-5389.82127
-5407.61974
-5411.82825
-5444.00585
-5402.62137
-5408.70015
-5441.17014
-5431.83391
-5430.29709
-5470.77535
-5400.93047
-5412.39026
-5402.20561
-5416.08407
-5422.47829
-5413.37524
-5412.30279
-5411.51117
-5412.33128
-5388.09628
-5390.73920
-5403.36807
-5431.99459
-5422.49800
-5393.49017
-5386.08118
-5351.71426
-5388.53658
-5382.08835
-5402.46187
-5377.49823
-5400.03750
-5404.67020
-5399.56971
-5418.41214
-5383.86798
-5389.31570
-5392.95083
-5395.03256
-5423.49057
-5395.76350
-5396.56631
-5406.27035
-5416.89502
-5411.15352
-5371.00545
-5404.48074
-5417.23391
-5438.81745
-5411.25048
-5399.52090
-5436.25342
-5427.02344
-5400.31456
-5414.40974
-5440.89564
-5427.32061
-5425.88514
-5437.00711
-5407.01986
-5429.84708
-5442.67543
-5406.10117
-5420.91331
-5425.36410
-5426.30875
-5429.32280
-5436.93789
-5407.81683
-5393.98219
-5395.46641
-5400.23576
-5396.45324
-5437.88432
-5426.23005
-5384.63105
-5388.09167
-5364.26706
-5402.89185
-5369.60055
-5392.82172
-5415.65279
-5386.15984
-5433.03341
-5423.47095
-5418.16582
-5429.80803
-5411.47007
-5428.40111
-5438.54008
-5415.95398
-5405.96981
-5385.82205
-5399.70342
-5419.62421
-5391.99015
-5383.04487
-5404.77825
-5403.45710
-5408.75715
-5445.71723
-5422.59317
-5440.82729
-5376.95444
-5363.03979
-5405.93625
-5405.93257
-5388.26905
-5414.05397
-5419.22681
-5421.97378
-5394.39265
-5383.33306
-5386.30765
-5378.99874
-5431.43679
-5419.87536
-5388.91836
-5397.76333
-5445.03477
-5432.92659
-5404.98830
-5393.79334
-5397.22216
-5401.01114
-5400.68593
-5380.17090
-5403.46137
-5375.14115
-5371.95681
-5378.37958
-5398.24385
-5417.75514
-5420.84781
-5370.95783
-5411.88365
-5398.03519
-5401.33258
-5401.88371
-5400.07969
-5382.91215
-5401.29957
-5444.58719
-5414.08294
-5435.10601
-5412.63763
-5431.77379
-5396.39219
-5396.63237
-5402.48334
-5362.20517
-5406.64671
-5399.96857
-5405.08454
-5430.07866
-5408.01672
-5406.70981
-5434.03262
-5397.07981
-5398.39974
-5415.33846
-5404.47893
-5410.24949
-5379.10446
-5363.74367
-5362.99040
-5374.39977
-5389.28959
-5390.04977
-5361.19118
-5365.10573
-5393.96123
-5431.57183
-5405.09361
-5439.55015
-5462.73428
-5438.73123
-5422.17011
-5413.10866
-5407.97317
-5394.30427
-5406.17142
-5385.02224
-5389.94301
-5375.51182
-5375.64688
-5383.02286
-5415.25074
-5463.79219
-5417.78269
-5412.60872
-5426.02811
-5436.63634
-5429.08550
-5398.49260
-5406.32612
-5410.20871
-5429.92887
-5392.42735
-5395.51660
-5401.17402
-5397.08492
-5383.00487
-5386.88458
-5414.90776
-5397.44340
-5389.53201
-5379.65577
-5409.00269
-5413.17670
-5421.96624
-5387.37326
-5386.74412
-5403.70453
-5374.30308
-5398.22550
-5410.65676
-5399.82984
-5408.29763
-5437.21501
-5452.86493
-5415.72086
-5416.21888
-5393.01064
-5404.48684
-5385.68022
-5377.94093
-5380.77915
-5401.78733
-5396.40301
-5412.97908
-5409.53397
-5404.84819
-5388.46668
-5394.11955
-5392.02179
-5384.24040
-5374.46740
-5391.40615
-5431.09016
-5407.44868
-5398.65266
-5405.18525
-5385.83859
-5422.94916
-5408.87534
-5360.05330
-5399.03834
-5417.52562
-5409.38422
-5401.31644
-5418.16435
-5413.20880
-5416.31999
-5415.43364
-5404.27244
-5415.31469
-5405.60516
-5382.64949
-5379.95632
-5423.00123
-5397.04780
-5393.08895
-5388.80373
-5420.34313
-5421.78452
-5440.21524
-5426.24275
-5441.76509
-5431.87901
-5445.97025
-5421.01610
-5431.54842
-5436.55868
-5437.29244
-5453.86036
-5422.74781
-5437.96394
-5432.42376
-5441.20759
-5448.16852
-5440.73767
-5424.71768
-5452.54322
-5426.82843
-5418.13946
-5387.81967
-5447.44678
-5457.37457
-5421.12378
-5419.36056
-5415.87114
-5401.35420
-5403.16865
-5388.20439
-5422.10740
-5404.29864
-5418.98861
-5414.50332
-5421.03774
-5413.23163
-5414.86365
-5414.07882
-5415.55558
-5435.71088
-5418.82540
-5447.98799
-5425.11853
-5375.68102
-5391.55157
-5396.92346
-5400.90855
-5396.67671
-5379.06666
-5416.14007
-5391.95433
-5413.47773
-5393.22263
-5387.56787
-5392.22641
-5460.14454
-5410.57314
-5403.16426
-5418.51759
-5431.46539
-5394.26797
-5403.41132
-5420.57298
-5402.24543
-5399.88984
-5445.66602
-5476.98853
-5405.36105
-5426.03579
-5404.45212
-5399.97786
-5410.17136
-5416.05721
-5419.76448
-5398.57481
-5388.52329
-5413.60167
-5399.52123
-5412.35209
-5395.38906
-5424.09944
-5425.68069
-5424.01257
-5385.41052
-5408.86667
-5427.36506
-5436.48885
-5400.21482
-5414.76791
-5447.73384
-5439.76646
-5421.52348
-5382.59553
-5368.52329
-5387.36705
-5369.91525
-5360.74709
-5358.35293
-5385.44121
-5402.35401
-5385.10814
-5395.10447
-5386.45639
-5389.28020
-5416.44845
-5400.14343
-5401.87159
-5413.75304
-5407.37168
-5412.97838
-5426.08708
-5419.96563
-5397.91674
-5380.43934
-5379.10466
-5409.71569
-5396.46592
-5418.01400
-5430.71847
-5442.49701
-5435.48219
-5411.54169
-5433.51671
-5417.60667
-5435.88859
-5366.15663
-5367.21002
-5386.56924
-5396.70676
-5383.42126
-5422.43763
-5446.11528
-5404.13734
-5420.17170
-5406.41248
-5381.13042
-5419.39208
-5395.55815
-5404.86735
-5398.13391
-5407.45954
-5438.68149
-5421.47081
-5392.59036
-5374.94550
-5353.32750
-5402.43063
-5409.88897
-5395.21493
-5370.33092
-5394.76965
-5449.26547
-5440.01663
-5420.89881
-5411.87085
-5408.25002
-5436.58620
-5437.61156
-5381.99555
-5395.11264
-5412.56134
-5420.06888
-5425.57789
-5421.51557
-5431.18614
-5409.37310
-5402.87346
-5409.48026
-5418.81581
-5411.35090
-5435.41408
-5398.47448
-5403.68193
-5412.62102
-5375.60000
-5384.88236
-5406.35908
-5375.16878
-5381.53877
-5378.96709
-5412.48021
-5445.81917
-5436.74338
-5414.84342
-5390.47631
-5428.46522
-5473.73657
-5465.47681
-5404.84035
-5414.79643
-5444.45472
-5419.61966
-5424.10097
-5391.59635
-5425.44274
-5376.75542
-5375.18328
-5378.89318
-5393.30206
-5398.50980
-5382.99886
-5386.14798
-5363.29653
-5389.82584
-5437.24168
-5399.57868
-5412.32785
-5401.84862
-5404.08419
-5400.06073
-5372.00243
-5396.13415
-5436.59398
-5419.36001
-5413.37319
-5373.79285
-5389.36490
-5368.27671
-5388.40708
-5390.06763
-5384.68695
-5384.11540
-5404.60143
-5390.33262
-5434.84233
-5437.45066
-5390.56239
-5395.90600
-5400.30582
-5405.92254
-5441.17535
-5417.54350
-5389.96662
-5410.11816
-5401.97022
-5398.53785
-5412.53926
-5414.06423
-5388.34482
-5408.05441
-5414.82896
-5410.58631
-5415.72399
-5384.31198
-5418.26815
-5439.01202
-5416.37615
-5414.02930
-5428.53723
-5409.85008
-5404.62799
-5429.62917
-5438.39636
-5450.23917
-5427.72023
-5373.84241
-5432.46524
-5421.55319
-5426.13278
-5399.50666
-5385.62032
-5389.41034
-5389.26269
-5427.57673
-5399.20958
-5394.63182
-5402.44214
-5438.04108
-5450.47973
-5423.64941
-5414.20228
-5427.05730
-5434.98783
-5428.94445
-5390.69437
-5408.75549
-5437.83818
-5437.55183
-5403.31955
-5400.89624
-5387.66985
-5390.56367
-5376.90862
-5421.61601
-5425.42706
-5419.67326
-5395.46872
-5355.08732
-5388.81461
-5397.33627
-5397.00173
-5389.18099
-5387.35442
-5428.30692
-5436.69824
-5415.93059
-5392.45539
-5396.15523
-5399.38400
-5381.02733
-5380.89368
-5414.66472
-5448.36106
-5423.15526
-5418.05996
-5410.96181
-5417.59600
-5420.90900
-5424.95024
-5425.97441
-5393.70607
-5407.75141
-5413.80776
-5419.16150
-5431.67163
-5394.37024
-5416.23684
-5424.56577
-5415.02369
-5422.64003
-5415.42383
-5424.53814
-5424.93179
-5407.02301
-5412.46982
-5413.84717
-5444.57181
-5421.69695
-5439.33508
-5437.55818
-5431.20965
-5410.19871
-5391.18306
-5413.75737
-5414.06521
-5400.86025
-5399.65172
-5407.95119
-5388.65507
-5393.39519
-5399.52809
-5373.98720
-5395.90389
-5380.18304
-5389.02987
-5405.42064
-5405.12685
-5422.77184
-5420.27471
-5407.23702
-5385.81696
-5417.19998
-5432.29300
-5394.78180
-5412.38160
-5392.06733
-5390.15533
-5412.19292
-5429.46160
-5399.66904
-5394.37522
-5403.44448
-5421.89709
-5453.60905
-5460.22262
-5419.86243
-5395.85786
-5417.24007
-5445.97764
-5396.52862
-5396.85285
-5417.50592
-5406.21185
-5404.96041
-5413.98695
-5405.52561
-5419.65629
-5389.13429
-5403.45952
-5433.63810
-5440.67992
-5398.32170
-5395.01506
-5393.85853
-5402.29289
-5429.33911
-5407.36492
-5426.21843
-5447.10843
-5417.35710
-5380.18462
-5417.88872
-5455.59900
-5438.62949
-5428.26889
-5375.67293
-5392.64957
-5388.69019
-5384.21036
-5376.37389
-5380.47269
-5413.50902
-5401.38741
-5393.08046
-5386.67482
-5398.21579
-5422.70298
-5420.06499
-5404.02598
-5405.11168
-5436.28569
-5393.44428
-5381.54624
-5372.01901
-5388.91834
-5422.63690
-5446.95257
-5419.75906
-5407.86964
-5433.95231
-5434.84298
-5424.42941
-5418.49386
-5411.11363
-5408.59521
-5389.68149
-5361.29468
-5385.05479
-5415.40411
-5388.20771
-5376.79542
-5386.59209
-5394.85480
-5409.14911
-5415.47963
-5408.20308
-5388.00617
-5390.34111
-5422.08862
-5406.84191
-5382.60150
-5382.33458
-5376.27721
-5390.78483
-5412.57234
-5425.83928
-5392.91085
-5377.26159
-5383.13238
-5411.38865
-5394.54263
-5404.56734
-5407.41376
-5413.72719
-5378.79687
-5413.11627
-5408.62492
-5396.13297
-5397.60880
-5404.22419
-5387.83761
-5397.76806
-5397.51881
-5405.22342
-5419.46693
-5459.65808
-5437.45652
-5443.68487
-5410.50627
-5380.53798
-5368.19985
-5386.16437
-5405.50606
-5421.56066
-5396.57236
-5391.08984
-5399.20903
-5403.80013
-5434.14491
-5407.05403
-5409.34695
-5426.69903
-5443.00427
-5420.52325
-5413.20165
-5418.67512
-5411.69991
-5396.80830
-5414.53695
-5422.38993
-5421.22860
-5430.75374
-5429.70049
-5457.97086
-5384.53386
-5442.70267
-5467.69413
-5431.83250
-5461.34943
-5411.88609
-5432.09810
-5419.61000
-5424.00906
-5400.92565
-5403.56343
-5394.90519
-5357.63343
-5412.92490
-5370.36389
-5417.06248
-5414.47019
-5398.84177
-5400.12720
-5463.15238
-5416.79277
-5377.69739
-5435.07826
-5418.16663
-5376.31244
-5378.14749
-5389.58237
-5389.92207
-5421.61821
-5419.85721
-5441.60471
-5408.00536
-5399.46576
-5399.51898
-5464.08890
-5430.90896
-5436.83369
-5421.01013
-5432.91764
-5431.46929
-5419.61262
-5447.76745
-5407.09689
-5420.34631
-5431.36165
-5429.60346
-5404.01744
-5392.69754
-5386.64911
-5385.91975
-5412.80874
-5416.18322
-5424.62617
-5411.08411
-5385.86798
-5385.05960
-5380.20027
-5399.13715
-5417.73135
-5434.20164
-5445.34902
-5436.82979
-5402.73869
-5441.58525
-5413.57533
-5411.18227
-5398.95020
-5425.71779
-5413.65593
-5431.62580
-5441.07850
-5437.13304
-5409.41521
-5380.62605
-5392.17605
-5367.93583
-5413.29021
-5419.19733
-5386.84557
-5376.65107
-5384.46156
-5375.01441
-5423.68343
-5426.96392
-5444.75656
-5439.95714
-5392.77379
-5449.02760
-5397.32951
-5413.98964
-5413.37007
-5395.15961
-5434.46281
-5443.49814
-5457.02206
-5421.68564
-5463.20428
-5443.46420
-5409.83432
-5410.62063
-5405.44862
-5394.69961
-5413.39159
-5415.55051
-5418.58847
-5421.29291
-5417.63592
-5427.08938
-5431.63181
-5420.71649
-5433.67737
-5421.65546
-5406.82348
-5401.88486
-5371.31136
-5379.69355
-5368.17551
-5406.93944
-5423.57280
-5434.07450
-5421.81134
-5397.57927
-5399.57884
-5376.59736
-5427.23822
-5422.57531
-5397.02116
-5422.74452
-5404.69902
-5437.95061
-5410.75515
-5388.86483
-5400.86413
-5377.32254
-5388.30562
-5364.79063
-5364.39986
-5373.26503
-5431.60264
-5405.65106
-5392.13030
-5390.95665
-5405.10801
-5405.11322
-5430.26464
-5422.71968
-5432.45410
-5434.02617
-5452.25947
-5406.09122
-5418.37287
-5442.64437
-5481.06257
-5452.99115
-5436.79153
-5394.23333
-5393.06876
-5404.23002
-5380.82021
-5370.24988
-5349.44699
-5358.83992
-5394.86269
-5408.89263
-5403.79419
-5430.62283
-5422.08254
-5423.60729
-5440.28489
-5423.12462
-5408.98347
-5436.17987
-5425.44277
-5428.59333
-5438.50160
-5403.05116
-5394.72933
-5429.46747
-5418.89788
-5404.83681
-5448.08560
-5473.91652
-5447.09814
-5443.20845
-5376.87644
-5426.95310
-5395.04599
-5408.25029
-5429.40789
-5384.56261
-5400.61268
-5413.48211
-5408.07741
-5384.91014
-5383.35321
-5408.50701
-5430.33151
-5417.43247
-5429.28912
-5430.08275
-5409.33579
-5397.89484
-5417.13607
-5416.89715
-5402.76372
-5419.25519
-5417.84936
-5442.44811
-5407.31774
-5431.97479
-5455.10692
-5395.94194
-5381.61338
-5379.88512
-5405.60920
-5406.76150
-5424.27773
-5417.93475
-5390.94188
-5426.27051
-5394.31324
-5389.29890
-5415.03484
-5438.19713
-5422.84359
-5454.59741
-5455.60726
-5439.43176
-5463.98476
-5447.78832
-5400.70859
-5402.86796
-5399.64869
-5403.91317
-5409.94372
-5382.71713
-5361.97667
-5364.28366
-5423.02346
-5388.89239
-5390.13278
-5397.13304
-5392.97831
-5421.67012
-5421.38301
-5428.67677
-5419.68470
-5405.12192
-5418.52250
-5393.40649
-5419.14929
-5401.20076
-5405.01467
-5370.85861
-5366.00211
-5397.52379
-5418.01461
-5432.21400
-5433.35408
-5408.47734
-5400.78208
-5396.74066
-5416.01897
-5422.96965
-5409.18454
-5434.55624
-5419.26291
-5391.27374
-5412.69127
-5435.09971
-5419.01446
-5429.81541
-5414.17820
-5391.01469
-5430.07432
-5413.09720
-5389.89882
-5410.38972
-5453.27940
-5443.27336
-5411.75198
-5439.36243
-5420.27357
-5397.17453
-5390.75955
-5401.87122
-5409.72938
-5433.85300
-5429.80254
-5407.36595
-5405.26335
-5434.72230
-5454.85965
-5410.70776
-5389.83743
-5407.64574
-5384.46236
-5435.73589
-5398.79495
-5444.32457
-5429.95509
-5421.36148
-5397.50266
-5415.11095
-5427.34965
-5427.87324
-5437.16767
-5418.34777
-5398.53775
-5437.09423
-5470.44455
-5467.11046
-5454.39235
-5435.76736
-5408.64657
-5408.11661
-5419.82697
-5396.53342
-5413.51221
-5411.99383
-5441.51720
-5429.97012
-5409.99335
-5387.36010
-5381.30852
-5392.94299
-5359.21332
-5375.99411
-5415.87745
-5400.60472
-5360.54749
-5403.87574
-5391.77395
-5414.19167
-5413.02274
-5441.91712
-5470.02397
-5436.05801
-5407.96700
-5414.56148
-5408.01581
-5418.46198
-5392.58972
-5436.42338
-5416.28338
-5381.55589
-5369.82441
-5357.40564
-5380.21648
-5390.29549
-5364.03841
-5416.40147
-5426.04194
-5413.49504
-5414.59011
-5395.17361
-5396.83233
-5417.39277
-5449.98195
-5468.21497
-5462.35187
-5424.45109
-5437.72579
-5443.52933
-5392.78100
-5411.18258
-5410.45653
-5407.83755
-5409.24792
-5418.11054
-5456.15746
-5425.32152
-5439.97674
-5407.30557
-5430.26398
-5412.33260
-5452.56420
-5429.56392
-5415.10410
-5435.97562
-5414.78983
-5408.93980
-5400.75740
-5378.10105
-5398.68251
-5383.47658
-5420.14921
-5415.69157
-5420.89935
-5413.90633
-5410.96976
-5409.57239
-5424.82481
-5427.75357
-5398.21773
-5396.83701
-5417.49838
-5428.02268
-5391.99821
-5398.20088
-5382.03145
-5429.43240
-5432.86890
-5406.28308
-5379.00245
-5379.11756
-5370.84404
-5394.26952
-5400.40247
-5402.28276
-5430.98852
-5401.27344
-5429.78077
-5405.47319
-5402.03736
-5397.70683
-5437.91383
-5429.37776
-5409.82714
-5401.67760
-5424.67086
-5425.43110
-5409.05071
-5385.79499
-5410.10414
-5436.21249
-5392.46809
-5391.87387
-5403.27385
-5405.16296
-5388.68680
-5420.40366
-5411.84389
-5398.90302
-5412.25155
-5420.11820
-5397.92657
-5405.20839
-5439.93259
-5419.00405
-5453.38132
-5380.23044
-5382.88360
-5404.04376
-5403.12615
-5398.08873
-5391.25203
-5388.50437
-5380.42627
-5366.78332
-5388.57358
-5384.79875
-5434.82076
-5425.29016
-5451.75810
-5432.28110
-5446.91253
-5413.41830
-5402.69182
-5418.31955
-5421.37678
-5373.56462
-5378.97210
-5416.71889
-5415.41935
-5397.55041
-5436.09404
-5453.40396
-5414.45094
-5421.96209
-5409.45779
-5376.14604
-5398.58416
-5372.78773
-5386.33523
-5377.45838
-5399.32397
-5404.08594
-5384.22334
-5395.14454
-5408.22660
-5382.18704
-5404.70497
-5428.48688
-5419.50896
-5389.59404
-5406.07480
-5413.19205
-5422.80040
-5445.08126
-5411.05433
-5415.53364
-5407.97074
-5421.37116
-5424.69146
-5443.86695
-5404.44841
-5431.15145
-5449.75683
-5398.32620
-5382.42871
-5385.58394
-5412.50635
-5404.04244
-5435.23839
-5454.41624
-5443.91857
-5445.79709
-5428.79365
-5423.07898
-5436.95669
-5428.29189
-5409.42173
-5437.32688
-5441.58920
-5387.65808
-5414.41015
-5395.28008
-5400.09265
-5390.07903
-5368.73132
-5391.25073
-5413.28662
-5418.54465
-5432.21327
-5416.04975
-5416.08425
-5424.94861
-5421.31907
-5401.41767
-5408.48399
-5416.16840
-5433.10413
-5434.73454
-5391.97067
-5352.44820
-5350.65033
-5383.27719
-5425.12236
-5449.52555
-5453.56495
-5419.73519
-5437.37413
-5429.75203
-5387.73322
-5424.94601
-5439.49690
-5411.57435
-5409.91655
-5431.14743
-5421.06331
-5402.07991
-5419.55656
-5419.91193
-5402.32827
-5381.53096
-5413.55938
-5372.48971
-5404.62737
-5381.45645
-5365.26465
-5389.01883
-5399.96259
-5420.64603
-5405.65998
-5391.20037
-5413.45246
-5417.62483
-5441.72100
-5418.79580
-5430.88551
-5399.96470
-5403.28463
-5383.90066
-5376.54026
-5402.02251
-5397.50869
-5429.70264
-5409.79005
-5380.89302
-5384.92061
-5386.38352
-5420.83079
-5408.72239
-5387.97956
-5378.73474
-5431.95350
-5426.28418
-5402.46878
-5391.74445
-5387.61944
-5420.30045
-5414.44583
-5438.76967
-5429.24869
-5413.13910
-5427.04250
-5437.02704
-5417.50092
-5398.22140
-5444.75551
-5433.81347
-5433.25510
-5423.02087
-5383.96138
-5359.62521
-5380.10416
-5402.35428
-5408.72288
-5400.76997
-5413.28893
-5388.72405
-5382.41856
-5412.44455
-5434.12801
-5423.79691
-5355.81556
-5390.25584
-5428.05544
-5398.90220
-5368.74939
-5411.68485
-5422.64075
-5421.84503
-5409.62615
-5429.13333
-5423.33074
-5394.18010
-5384.36584
-5408.89559
-5431.41136
-5427.94157
-5372.29018
-5403.05094
-5408.15931
-5417.85741
-5430.21538
-5397.94783
-5382.59735
-5394.05915
-5391.03230
-5389.58389
-5424.30278
-5428.68284
-5409.32064
-5364.98041
-5390.43809
-5417.97694
-5415.67621
-5434.26536
-5451.38078
-5420.00987
-5435.10899
-5425.38077
-5396.79358
-5391.17299
-5389.81864
-5442.78576
-5388.50709
-5403.47510
-5416.02440
-5432.51093
-5396.47320
-5384.98272
-5408.31227
-5427.17411
-5396.21437
-5413.38672
-5392.12408
-5387.60441
-5428.68226
-5393.71431
-5428.01215
-5409.22952
-5429.61410
-5405.93968
-5414.52205
-5460.51691
-5450.10118
-5433.72637
-5429.32165
-5434.48233
-5385.10986
-5415.68401
-5410.30380
-5450.67653
-5427.47615
-5459.77193
-5464.84945
-5430.05306
-5407.69467
-5385.43566
-5393.86299
-5384.92485
-5425.96909
-5396.20920
-5453.74675
-5439.04639
-5443.82370
-5439.78299
-5409.19038
-5387.72924
-5398.23001
-5384.16767
-5411.35658
-5432.59278
-5459.73231
-5438.79325
-5441.47545
-5447.27959
-5449.43554
-5432.06290
-5441.44614
-5422.76948
-5394.21343
-5397.20641
-5418.33468
-5426.26394
-5427.09481
-5393.54946
-5404.15840
-5395.93942
-5409.90784
-5414.64878
-5392.12742
-5407.28702
-5397.12633
-5398.04095
-5393.21696
-5421.13364
-5404.67057
-5403.24125
-5432.17797
-5421.36159
-5396.42662
-5382.37570
-5382.29369
-5359.94417
-5382.23097
-5424.92847
-5419.93560
-5398.83766
-5403.85102
-5380.15199
-5410.84302
-5397.47238
-5408.01069
-5411.82414
-5421.82220
-5433.54098
-5444.86932
-5437.21126
-5421.13197
-5409.23905
-5451.78974
-5391.37050
-5384.91394
-5412.81577
-5420.40543
-5417.02782
-5364.33000
-5373.79177
-5366.81707
-5354.69313
-5349.79334
-5379.33151
-5399.73162
-5403.80746
-5393.28003
-5458.08668
-5454.92359
-5399.05607
-5407.26713
-5430.13997
-5412.76736
-5437.00149
-5415.90235
-5405.29033
-5430.32642
-5411.72025
-5410.34774
-5423.26163
-5431.16595
-5438.26581
-5405.14982
-5431.73808
-5422.26320
-5382.59507
-5422.56447
-5433.30147
-5444.03868
-5440.35654
-5431.74744
-5395.93122
-5409.53093
-5406.29077
-5401.46320
-5413.41262
-5407.05692
-5390.54434
-5366.29724
-5390.74702
-5387.98552
-5414.52934
-5399.68770
-5396.48574
-5394.45368
-5413.44031
-5380.65291
-5405.15054
-5428.28985
-5425.07031
-5442.60514
-5440.39785
-5430.20416
-5399.28611
-5395.44357
-5408.75194
-5405.66381
-5405.94737
-5415.75205
-5406.17526
-5452.53671
-5405.60724
-5412.77325
-5409.54809
-5404.02858
-5422.28918
-5411.61974
-5393.51603
-5377.88148
-5364.63398
-5417.75159
-5405.50986
-5426.06282
-5449.33586
-5435.12851
-5422.50510
-5371.68005
-5378.91033
-5387.57119
-5415.83818
-5409.62542
-5428.15476
-5433.68525
-5399.89435
-5390.17302
-5370.79276
-5396.38325
-5375.53754
-5387.57198
-5404.47312
-5380.87533
-5419.69570
-5366.99422
-5377.10892
-5426.19500
-5411.56950
-5407.16082
-5415.99134
-5403.79178
-5435.70268
-5433.88624
-5405.30746
-5403.92279
-5391.05858
-5384.62789
-5376.49968
-5410.20318
-5395.53000
-5400.54763
-5401.60819
-5432.62625
-5427.08963
-5390.22066
-5442.42928
-5428.18942
-5398.64193
-5405.68348
-5408.49515
-5396.89341
-5448.57619
-5423.67601
-5436.66126
-5419.84641
-5434.61544
-5395.60880
-5384.57371
-5383.69339
-5384.01352
-5396.29920
-5415.41637
-5437.83585
-5399.34527
-5411.38686
-5410.69917
-5401.92204
-5409.83632
-5364.05868
-5394.18738
-5410.06851
-5404.94060
-5437.46607
-5460.30977
-5439.77460
-5412.87273
-5392.34843
-5409.94001
-5408.31837
-5410.53980
-5388.58092
-5411.16497
-5430.93509
-5409.47506
-5399.15342
-5398.79854
-5436.76992
-5403.92973
-5432.32926
-5410.54949
-5421.90284
-5423.05223
-5427.79753
-5437.34115
-5387.61353
-5383.14446
-5402.89408
-5398.44297
-5431.60897
-5420.13396
-5404.67697
-5414.00866
-5422.42170
-5469.99965
-5423.27415
-5379.90733
-5399.37968
-5391.03015
-5401.43734
-5381.41972
-5353.87968
-5370.01760
-5340.90630
-5378.67774
-5401.68441
-5385.33768
-5389.10481
-5405.72647
-5402.82721
-5401.59234
-5382.33248
-5383.47904
-5416.77613
-5427.91640
-5433.00325
-5418.78550
-5429.12501
-5415.60238
-5362.91252
-5397.01971
-5367.00504
-5405.80197
-5411.75971
-5429.25176
-5440.28655
-5388.67688
-5386.55469
-5439.94282
-5443.40062
-5441.43977
-5382.07691
-5407.83375
-5409.72297
-5413.03506
-5437.26001
-5417.49634
-5387.67051
-5423.33707
-5444.48902
-5398.83401
-5386.79707
-5403.35841
-5393.21214
-5431.57582
-5414.46175
-5390.27771
-5405.29488
-5386.25142
-5387.52266
-5384.88243
-5397.00640
-5390.50805
-5408.21508
-5413.65392
-5415.37808
-5424.42346
-5425.27841
-5408.42329
-5438.96816
-5436.03470
-5435.13458
-5421.86869
-5433.46616
-5427.53262
-5403.10746
-5379.02876
-5406.76638
-5406.29458
-5410.70213
-5455.16067
-5457.22243
-5465.52672
-5437.56423
-5412.09674
-5428.68333
-5436.85252
-5429.70054
-5435.44651
-5405.07298
-5420.53032
-5439.59928
-5416.35466
-5415.59091
-5415.67708
-5417.03450
-5409.49571
-5420.63157
-5411.86270
-5381.68777
-5402.68875
-5426.98849
-5411.79807
-5423.05319
-5407.71836
-5399.33690
-5445.62121
-5447.25853
-5399.68210
-5401.08659
-5413.65119
-5424.09884
-5467.21250
-5463.27269
-5426.40865
-5390.30180
-5389.24549
-5420.86252
-5404.77159
-5411.81941
-5435.48218
-5430.42388
-5428.85361
-5425.61390
-5432.45977
-5407.08277
-5415.42686
-5376.55150
-5401.46816
-5427.23241
-5418.30412
-5410.87097
-5409.68870
-5381.28942
-5398.28999
-5366.23533
-5373.46214
-5422.78016
-5435.77843
-5458.73136
-5462.50287
-5414.57015
-5398.28744
-5383.46457
-5413.86564
-5438.22048
-5430.89277
-5393.99798
-5401.81774
-5417.35765
-5408.62914
-5420.62509
-5452.50080
-5433.24913
-5429.36597
-5424.78356
-5424.40265
-5419.54248
-5404.38977
-5419.07908
-5412.11422
-5395.94039
-5412.95191
-5390.60121
-5369.34655
-5392.92554
-5406.31402
-5412.47832
-5426.82466
-5420.97233
-5408.18696
-5410.84804
-5388.64139
-5379.71198
-5399.12596
-5375.66469
-5391.01150
-5357.35337
-5400.02987
-5418.49118
-5427.23854
-5411.60290
-5414.28588
-5374.08078
-5379.91210
-5383.83029
-5395.01452
-5407.37123
-5425.70087
-5439.02383
-5408.94101
-5424.29723
-5435.54873
-5402.02567
-5398.61217
-5414.12577
-5405.11513
-5419.02872
-5432.21512
-5422.89773
-5413.00876
-5403.77031
-5401.63522
-5429.81328
-5409.16824
-5414.34426
-5410.49287
-5389.05050
-5373.75648
-5422.10518
-5388.59249
-5398.64956
-5383.80120
-5385.43053
-5359.16657
-5398.74105
-5402.65182
-5446.31582
-5452.40027
-5424.94247
-5407.94635
-5386.40713
-5393.60775
-5414.34454
-5445.54249
-5438.68146
-5413.86029
-5421.86154
-5401.68397
-5426.93890
-5407.26720
-5394.56822
-5414.87631
-5421.39888
-5421.69667
-5432.18812
-5419.77966
-5438.70016
-5387.16817
-5378.81344
-5397.81413
-5390.79775
-5422.42574
-5387.09320
-5420.25589
-5377.79247
-5389.59200
-5379.71460
-5391.06284
-5410.09322
-5402.25128
-5383.51040
-5425.76592
-5405.03943
-5394.13154
-5389.49655
-5408.60788
-5420.89286
-5418.34322
-5430.81256
-5427.70532
-5385.71416
-5400.13042
-5377.55063
-5376.75202
-5434.23961
-5418.14978
-5375.78045
-5412.57384
-5415.07423
-5358.33499
-5361.42703
-5391.45078
-5400.32872
-5416.95667
-5397.56489
-5406.62845
-5372.09745
-5399.11554
-5366.26395
-5382.59883
-5381.60491
-5429.00413
-5396.54486
-5419.45871
-5417.18021
-5440.20047
-5410.91917
-5403.76121
-5418.98755
-5421.55567
-5369.88694
-5403.47898
-5443.74925
-5448.31355
-5425.33847
-5381.07004
-5441.34435
-5406.75805
-5382.94817
-5421.67102
-5441.18509
-5443.86666
-5405.21704
-5417.74077
-5442.15458
-5395.52581
-5421.19443
-5438.41838
-5414.99454
-5417.94593
-5439.20775
-5429.95388
-5417.73284
-5432.69019
-5423.27350
-5405.62598
-5381.08794
-5379.35103
-5396.73398
-5417.16774
-5447.81636
-5437.15622
-5444.34724
-5424.93043
-5382.16147
-5407.00373
-5401.51562
-5393.35959
-5430.95841
-5426.03244
-5437.98395
-5478.17262
-5485.46151
-5485.24615
-5442.89512
-5417.40970
-5404.30544
-5416.96976
-5406.07564
-5417.56725
-5412.44101
-5410.75520
-5400.18923
-5402.74930
-5399.33956
-5366.53197
-5393.48931
-5408.43389
-5411.24110
-5398.48941
-5421.96282
-5425.34094
-5425.63012
-5426.52593
-5437.33321
-5398.65784
-5437.02232
-5396.90524
-5424.95768
-5373.83367
-5389.55041
-5400.24981
-5396.43398
-5407.18126
-5420.64650
-5423.77861
-5408.52065
-5403.02578
-5447.12351
-5412.60401
-5415.55276
-5418.70593
-5371.85568
-5378.06114
-5359.96719
-5388.27617
-5371.35226
-5393.75189
-5373.53742
-5426.46023
-5424.98368
-5416.90472
-5413.65837
-5412.62665
-5403.74951
-5417.02075
-5425.78962
-5414.29454
-5423.96996
-5408.72620
-5403.26696
-5419.66243
-5413.85123
-5389.62105
-5424.95377
-5459.58782
-5431.11205
-5427.07566
-5427.78468
-5425.78382
-5370.13154
-5394.93640
-5379.81708
-5389.60674
-5366.35180
-5372.39906
-5386.61518
-5416.58976
-5420.62292
-5413.16605
-5415.67208
-5438.21017
-5391.50037
-5398.00001
-5403.25312
-5408.25181
-5402.75476
-5426.57269
-5375.73422
-5381.40598
-5378.06422
-5387.80756
-5354.24727
-5363.82523
-5379.52540
-5364.52438
-5408.29355
-5393.83537
-5397.73262
-5397.94084
-5389.62801
-5438.73530
-5448.46668
-5411.79247
-5426.23308
-5417.83978
-5422.64246
-5426.09151
-5420.37846
-5407.73870
-5449.59846
-5422.44625
-5371.14961
-5411.26931
-5410.18959
-5417.88592
-5402.28509
-5421.93153
-5416.82672
-5382.34102
-5404.63748
-5409.79847
-5435.87093
-5433.28934
-5413.31751
-5389.26853
-5414.56407
-5425.90539
-5451.64544
-5426.73458
-5405.08292
-5408.65612
-5373.51351
-5375.29972
-5399.34327
-5419.93114
-5457.03173
-5444.17586
-5403.18480
-5383.11791
-5417.17710
-5405.52152
-5429.35725
-5389.12336
-5392.46518
-5406.29977
-5392.41839
-5397.36961
-5412.49271
-5407.29160
-5385.12211
-5439.35139
-5418.69134
-5431.05375
-5420.51942
-5408.36453
-5389.48522
-5378.36942
-5353.42789
-5383.19419
-5400.37468
-5401.85868
-5377.55706
-5373.49693
-5407.53948
-5365.57919
-5375.52430
-5363.49051
-5341.19899
-5418.79279
-5420.05918
-5377.24551
-5429.69178
-5426.31500
-5402.56914
-5447.94559
-5433.80747
-5410.13860
-5437.65311
-5383.57687
-5411.47580
-5408.30560
-5387.36452
-5398.39935
-5418.82653
-5460.32368
-5411.55851
-5377.14013
-5390.37960
-5423.21067
-5406.89944
-5366.38873
-5387.73830
-5385.77163
-5367.34700
-5399.30726
-5379.60287
-5383.29970
-5385.32986
-5373.13015
-5391.58785
-5390.76944
-5392.72644
-5373.14337
-5423.78482
-5423.12658
-5395.71344
-5434.78735
-5433.77289
-5441.77524
-5436.78189
-5400.99432
-5413.25711
-5408.50039
-5384.75522
-5406.04421
-5429.08671
-5400.66311
-5417.28900
-5435.13090
-5455.62338
-5375.00089
-5391.54622
-5401.66542
-5396.38095
-5390.34118
-5396.50186
-5414.83450
-5426.83122
-5404.61663
-5452.82964
-5417.17442
-5443.86812
-5431.35538
-5380.86138
-5393.59530
-5382.83859
-5381.35607
-5401.86492
-5418.54108
-5442.63031
-5430.78994
-5437.88284
-5393.78808
-5375.36527
-5419.15441
-5420.25778
-5426.06746
-5431.55436
-5420.52252
-5391.97647
-5391.41732
-5372.41242
-5398.06603
-5378.46983
-5419.60013
-5382.27761
-5412.31161
-5431.22255
-5403.01473
-5425.84195
-5390.26242
-5410.61392
-5399.60352
-5398.39985
-5392.34589
-5404.88419
-5397.81807
-5412.99260
-5403.85952
-5395.37191
-5429.49022
-5438.96219
-5447.62376
-5448.64038
-5400.98700
-5417.04422
-5388.33389
-5396.30299
-5419.42695
-5397.24293
-5353.47572
-5391.64237
-5426.32010
-5399.09390
-5435.27401
-5459.09039
-5405.05632
-5401.45744
-5393.14872
-5426.53988
-5415.67994
-5447.90880
-5393.13442
-5449.20058
-5446.74007
-5432.38110
-5430.12228
-5400.89058
-5397.81466
-5383.45450
-5367.49303
-5416.15591
-5445.34203
-5409.60235
-5407.09962
-5431.84849
-5410.93764
-5437.44310
-5441.41901
-5416.01320
-5400.45589
-5408.44271
-5411.70901
-5429.25326
-5410.31856
-5378.96420
-5420.96211
-5397.40651
-5406.81781
-5439.50040
-5417.30238
-5399.92728
-5419.17688
-5421.15644
-5427.42471
-5427.87946
-5419.96069
-5401.01059
-5414.18527
-5407.16850
-5405.09660
-5390.45654
-5422.20288
-5445.17308
-5428.16985
-5423.27241
-5444.27998
-5416.67125
-5418.07042
-5393.09356
-5387.53055
-5384.82183
-5434.30314
-5462.50437
-5468.22005
-5424.61396
-5405.72507
-5366.02765
-5420.62664
-5413.28144
-5420.56663
-5404.13092
-5421.27423
-5438.55430
-5454.20727
-5392.88307
-5382.16245
-5398.23393
-5407.37154
-5419.24493
-5414.90628
-5406.18427
-5402.73077
-5409.73236
-5408.83331
-5415.01312
-5422.25253
-5418.01979
-5417.53615
-5413.82609
-5418.95581
-5408.39487
-5384.75163
-5404.88914
-5400.83380
-5448.20034
-5426.17823
-5448.82495
-5415.43275
-5425.73906
-5439.78173
-5436.86617
-5389.93231
-5395.94640
-5431.10587
-5420.84619
-5425.04884
-5433.81125
-5394.01628
-5425.91221
-5386.11413
-5409.38293
-5392.14647
-5419.70044
-5413.28081
-5405.84641
-5419.21782
-5430.94950
-5397.17495
-5422.32979
-5377.70667
-5427.37982
-5411.52169
-5380.08287
-5387.49594
-5433.34403
-5418.68514
-5434.22081
-5415.19049
-5425.11128
-5434.22310
-5408.19272
-5456.91877
-5451.27368
-5421.11044
-5410.20161
-5421.31742
-5368.15844
-5394.29954
-5389.07559
-5389.96007
-5432.26617
-5419.85553
-5416.40783
-5390.74140
-5364.09734
-5397.06734
-5377.95363
-5410.26013
-5404.53231
-5433.57850
-5431.95989
-5376.75955
-5376.83448
-5427.48013
-5428.32660
-5398.83564
-5384.25785
-5380.91237
-5426.21812
-5401.82919
-5407.20717
-5406.82914
-5379.45833
-5355.28738
-5357.65470
-5386.18015
-5422.94095
-5402.66630
-5393.88671
-5409.85711
-5369.78053
-5377.79203
-5394.45776
-5399.64365
-5392.76842
-5397.64159
-5420.11725
-5424.27297
-5376.56558
-5402.81049
-5422.73390
-5439.49994
-5467.41179
-5426.17407
-5387.60917
-5363.25839
-5398.45961
-5420.76260
-5396.79331
-5415.42134
-5410.09291
-5440.17583
-5417.78301
-5396.31887
-5390.31770
-5396.98545
-5376.07290
-5374.78497
-5405.19425
-5390.78994
-5366.73436
-5350.42068
-5424.48061
-5398.56828
-5398.40099
-5373.66775
-5371.62235
-5393.00466
-5383.32132
-5385.95362
-5351.17617
-5383.11811
-5400.74538
-5476.71403
-5434.11197
-5418.85158
-5399.49651
-5439.86983
-5397.15015
-5400.39381
-5367.99896
-5334.26176
-5352.37272
-5401.46508
-5342.23547
-5408.61643
-5411.22005
-5449.09036
-5393.89428
-5371.82120
-5389.37373
-5385.14297
-5408.70148
-5429.97349
-5407.25856
-5393.15949
-5384.27762
-5402.90250
-5436.15937
-5433.72407
-5419.55761
-5424.18743
-5415.31527
-5440.80255
-5385.55425
-5427.73442
-5419.65951
-5412.16957
-5392.08584
-5417.18253
-5425.83417
-5420.52211
-5408.59945
-5438.77514
-5435.30323
-5437.22850
-5408.50389
-5417.49168
-5389.21569
-5421.65403
-5455.76289
-5430.50259
-5405.84119
-5414.80696
-5403.09755
-5410.96008
-5400.73279
-5398.82417
-5424.50745
-5386.36344
-5374.56860
-5382.78084
-5398.27519
-5370.99713
-5398.67280
-5398.60142
-5370.61609
-5366.34052
-5387.54431
-5386.29142
-5388.74699
-5420.45200
-5440.23582
-5449.11932
-5411.05076
-5413.27432
-5395.48302
-5390.89817
-5438.46972
-5418.12135
-5378.69871
-5400.55550
-5416.58728
-5424.79522
-5450.23632
-5462.38331
-5447.92520
-5435.59293
-5415.93010
-5411.95800
-5400.56765
-5421.44907
-5446.99239
-5429.98781
-5385.57750
-5368.17525
-5392.55592
-5431.91946
-5454.43407
-5432.41792
-5411.75781
-5428.76799
-5397.35881
-5381.07679
-5404.38652
-5389.36533
-5390.43135
-5411.50086
-5415.22802
-5440.71985
-5414.65682
-5428.41204
-5420.74253
-5398.61511
-5396.35098
-5419.15193
-5396.45883
-5367.45955
-5399.98299
-5413.98758
-5390.61554
-5411.15546
-5409.71325
-5403.05387
-5413.85368
-5406.53178
-5367.37201
-5411.70112
-5431.35735
-5423.42732
-5406.50326
-5403.41345
-5410.92789
-5399.33388
-5387.79670
-5424.94743
-5393.01579
-5399.42027
-5392.17424
-5406.63560
-5427.09639
-5451.97265
-5431.53815
-5422.69684
-5408.62790
-5409.44950
-5380.86574
-5373.02048
-5396.48706
-5423.23194
-5411.58125
-5401.46293
-5412.63439
-5412.35835
-5405.01828
-5399.67245
-5384.55339
-5370.17144
-5385.17049
-5333.05160
-5376.25210
-5359.61274
-5393.59486
-5372.80503
-5386.25987
-5428.74990
-5403.65192
-5373.62269
-5402.75179
-5400.99330
-5416.24365
-5419.70004
-5379.72949
-5388.07082
-5390.60557
-5398.65383
-5394.97595
-5400.50165
-5421.76586
-5429.93601
-5445.86099
-5397.25635
-5439.58157
-5416.55757
-5423.95619
-5406.33682
-5390.05346
-5381.82594
-5442.78484
-5462.99285
-5444.74418
-5434.65568
-5438.77319
-5382.22921
-5386.82181
-5361.17958
-5398.04951
-5421.50372
-5423.53937
-5414.40795
-5442.59217
-5414.06080
-5405.96320
-5457.64730
-5426.05625
-5435.70784
-5390.38281
-5382.20508
-5394.44073
-5376.03259
-5408.71686
-5404.21797
-5386.32507
-5364.66282
-5407.51035
-5388.25768
-5385.51112
-5413.63989
-5389.13493
-5345.30904
-5368.71998
-5408.66610
-5451.67833
-5445.65586
-5437.59788
-5434.77367
-5401.01744
-5394.17317
-5366.56755
-5402.10920
-5389.89654
-5416.60593
-5429.83813
-5451.92980
-5468.65867
-5421.59425
-5389.57058
-5438.86177
-5441.98560
-5408.03620
-5436.18194
-5421.82033
-5394.79344
-5400.01952
-5411.88465
-5418.27718
-5406.99365
-5392.19242
-5394.08631
-5395.97123
-5416.55718
-5409.29335
-5380.96595
-5377.06168
-5375.95677
-5360.70201
-5407.51651
-5381.15702
-5384.61877
-5391.99941
-5389.29376
-5384.56035
-5430.47260
-5414.70629
-5419.19445
-5447.02434
-5394.71531
-5372.97229
-5400.12576
-5429.66032
-5410.35269
-5395.83298
-5391.32707
-5405.99286
-5380.70524
-5400.51119
-5371.48033
-5365.97402
-5390.68447
-5375.85662
-5374.17430
-5400.31672
-5396.02399
-5390.63453
-5413.08469
-5413.95890
-5414.07982
-5373.72353
-5374.30486
-5376.64084
-5389.76271
-5416.26311
-5403.09027
-5384.84339
-5406.34737
-5422.52724
-5353.16119
-5389.24236
-5414.07265
-5426.66129
-5407.78215
-5372.02121
-5396.27289
-5408.67186
-5392.00988
-5406.94670
-5356.42595
-5381.40488
-5371.73524
-5401.36150
-5378.87833
-5405.73508
-5420.04063
-5417.79181
-5394.69221
-5422.11478
-5421.77812
-5443.40030
-5412.72741
-5415.24421
-5399.09255
-5410.54886
-5427.51298
-5393.06305
-5395.88999
-5404.26965
-5412.81171
-5386.35592
-5418.84477
-5452.06385
-5428.81172
-5382.13013
-5404.93397
-5405.97699
-5397.49548
-5421.51345
-5393.04235
-5439.99597
-5459.70670
-5407.11812
-5407.22120
-5394.73812
-5389.22294
-5419.00294
-5434.22565
-5385.62255
-5418.18317
-5396.45266
-5409.64256
-5443.47440
-5424.12866
-5404.97330
-5422.25160
-5444.25225
-5457.87321
-5425.61450
-5402.53718
-5435.54396
-5431.17469
-5410.46103
-5431.31481
-5412.74108
-5429.40963
-5409.39261
-5422.07445
-5406.44502
-5385.41326
-5382.30738
-5409.09079
-5386.36938
-5400.14506
-5414.06182
-5409.56564
-5401.61692
-5385.06695
-5375.78942
-5429.60325
-5413.40368
-5377.11409
-5403.82405
-5448.48938
-5396.88167
-5376.07930
-5414.09189
-5428.06770
-5391.89521
-5383.82777
-5375.49870
-5427.68789
-5410.00335
-5383.37799
-5374.81471
-5363.65960
-5381.17273
-5380.91057
-5414.64418
-5407.48577
-5413.19185
-5409.40811
-5405.18179
-5414.59990
-5419.22418
-5431.99637
-5380.79825
-5397.34494
-5413.58921
-5373.34443
-5396.48238
-5381.10255
-5422.90680
-5422.86592
-5423.46237
-5407.83407
-5407.20580
-5456.50012
-5467.74180
-5445.98370
-5424.43420
-5423.99546
-5412.83207
-5392.70164
-5397.60134
-5372.56827
-5393.92033
-5393.68273
-5409.54532
-5405.66159
-5408.88931
-5421.55024
-5425.01676
-5391.40382
-5400.77290
-5384.67656
-5393.64675
-5418.89080
-5394.04204
-5379.35340
-5372.41531
-5365.08249
-5424.95795
-5380.95306
-5412.82993
-5411.94297
-5452.10182
-5400.69031
-5374.97219
-5361.07605
-5397.65882
-5394.91324
-5379.44859
-5420.03796
-5422.92551
-5381.72708
-5377.66167
-5377.60033
-5425.60815
-5393.50147
-5363.48719
-5379.60462
-5403.58051
-5421.04715
-5410.27867
-5430.94403
-5431.23255
-5448.99791
-5448.57621
-5442.21435
-5403.61717
-5419.23139
-5421.31953
-5416.79890
-5413.68585
-5395.89220
-5371.96432
-5413.45672
-5396.25872
-5411.33659
-5403.09047
-5427.34135
-5374.33059
-5355.58553
-5337.49545
-5394.98663
-5396.32556
-5398.60123
-5398.98870
-5405.13942
-5417.19702
-5429.62107
-5413.64892
-5440.70043
-5410.59980
-5411.67377
-5417.92208
-5438.02393
-5395.85319
-5426.98134
-5439.44502
-5427.91511
-5422.38859
-5422.24538
-5428.56078
-5407.22644
-5391.37294
-5384.15185
-5376.95454
-5364.79984
-5442.58502
-5416.14555
-5381.77469
-5398.47127
-5427.99623
-5412.11712
-5406.01185
-5422.67755
-5469.32341
-5415.90263
-5425.70450
-5415.28481
-5400.93926
-5407.62811
-5426.06942
-5391.78918
-5389.24016
-5380.95190
-5414.39571
-5402.13680
-5388.71748
-5395.41958
-5411.40315
-5399.76254
-5394.63553
-5413.22513
-5407.22038
-5436.97769
-5457.45529
-5405.59981
-5405.20026
-5389.06032
-5367.35359
-5403.35003
-5382.80806
-5398.40821
-5407.36412
-5388.15895
-5439.26520
-5426.00351
-5416.85704
-5408.22901
-5424.89602
-5422.92898
-5409.07706
-5425.90265
-5416.02767
-5439.94095
-5437.56281
-5401.09649
-5389.44868
-5405.50913
-5417.74641
-5397.52129
-5397.05137
-5394.36480
-5396.85709
-5389.93699
-5397.95717
-5413.69158
-5411.93738
-5414.52345
-5405.85834
-5380.98111
-5357.00632
-5380.07682
-5384.70496
-5376.76685
-5424.36719
-5407.08427
-5404.40834
-5389.83683
-5384.40352
-5380.65080
-5379.00404
-5376.89904
-5396.33919
-5377.26051
-5410.35912
-5425.70245
-5398.87645
-5411.60033
-5413.34604
-5406.64202
-5380.24991
-5362.01726
-5422.70425
-5439.21445
-5444.81751
-5412.27731
