# ssmp-m4
#     Temp       Pres          <diff>               C        <diff>+C
#      (K)      (atm)  (1E-09 m**2/s)  (1E-09 m**2/s)  (1E-09 m**2/s)
     238.0        1.0         0.06183         0.02443         0.08626         0.00397
     258.0        1.0         0.45381         0.07104         0.52484         0.00079
     268.0        1.0         0.74475         0.10573         0.85048         0.01981
     278.0        1.0         1.07282         0.15314         1.22596         0.01844
     298.0        1.0         1.95777         0.28004         2.23781         0.01833
     318.0        1.0         3.04698         0.44645         3.49343         0.00949
     338.0        1.0         4.30449         0.65649         4.96098         0.01887
