-5268.36153
-5255.80428
-5258.92104
-5225.35874
-5245.26484
-5238.78876
-5209.44022
-5227.50940
-5251.90627
-5290.95605
-5260.49772
-5262.41357
-5277.07180
-5290.10247
-5286.51212
-5279.57708
-5278.16307
-5245.38718
-5260.41772
-5265.41231
-5260.86952
-5233.10480
-5240.91447
-5264.81845
-5233.72568
-5250.07869
-5209.08829
-5214.12686
-5255.65388
-5278.40256
-5236.41843
-5242.79937
-5216.50508
-5243.38061
-5243.67855
-5241.82537
-5240.48588
-5282.26430
-5233.62972
-5237.72971
-5268.48268
-5232.68965
-5247.46159
-5266.42740
-5238.03171
-5272.26283
-5294.50986
-5299.85722
-5306.97109
-5279.78644
-5290.48991
-5270.68389
-5303.45339
-5262.41643
-5227.28857
-5254.76206
-5288.11110
-5250.49148
-5221.19101
-5257.21178
-5246.67666
-5240.38956
-5275.62759
-5265.70936
-5234.22670
-5218.73588
-5235.85746
-5240.40901
-5239.18745
-5240.21298
-5282.72665
-5321.77949
-5287.91618
-5293.83688
-5263.22156
-5235.54165
-5258.52590
-5226.52945
-5234.63034
-5238.22710
-5258.46064
-5245.77484
-5248.99902
-5272.68665
-5255.34066
-5238.72446
-5232.88486
-5244.25205
-5257.39009
-5254.68229
-5292.44413
-5230.17098
-5244.05550
-5260.14831
-5232.19002
-5216.72373
-5260.59857
-5259.69468
-5199.07833
-5243.47998
-5222.31648
-5252.52101
-5296.82666
-5280.05346
-5226.33117
-5247.02933
-5283.91316
-5264.99945
-5256.04978
-5259.37258
-5243.54175
-5253.11456
-5222.98752
-5274.56580
-5301.99067
-5247.76601
-5270.72838
-5272.66329
-5215.63042
-5228.65599
-5262.87221
-5262.09428
-5256.70375
-5257.09251
-5239.90292
-5222.93578
-5224.49819
-5221.79067
-5247.73110
-5284.97946
-5256.40051
-5243.05615
-5271.74869
-5258.93941
-5251.77473
-5249.08531
-5267.77957
-5255.43107
-5258.52270
-5262.14847
-5212.69996
-5199.45768
-5218.87049
-5286.10233
-5275.40705
-5246.22342
-5206.40812
-5230.91513
-5226.23813
-5279.08418
-5242.13099
-5223.36075
-5222.59753
-5278.58339
-5240.16506
-5256.44911
-5254.49675
-5238.38404
-5262.41771
-5286.44621
-5240.07595
-5227.33377
-5213.22722
-5216.69505
-5233.15142
-5276.06131
-5283.51696
-5258.55685
-5276.95020
-5251.61411
-5272.58916
-5267.69421
-5269.60945
-5263.00005
-5242.48917
-5228.60986
-5268.95270
-5273.60397
-5307.82883
-5287.18802
-5246.30924
-5233.44745
-5214.33813
-5270.05986
-5237.04310
-5257.97546
-5226.18009
-5249.29143
-5255.85867
-5243.70453
-5254.36459
-5284.40014
-5261.30976
-5264.76045
-5274.93121
-5254.78980
-5264.12968
-5212.09838
-5233.87893
-5248.15974
-5228.82053
-5239.23362
-5209.55940
-5228.69593
-5241.32971
-5228.43089
-5220.33769
-5240.70228
-5242.04322
-5247.52685
-5294.60666
-5236.96457
-5284.41262
-5302.63880
-5276.10874
-5259.97883
-5260.59589
-5222.09558
-5270.75334
-5279.45157
-5275.97484
-5217.08007
-5276.25480
-5310.74102
-5292.88392
-5234.58338
-5206.08022
-5208.49244
-5195.31825
-5211.18687
-5257.24480
-5246.65753
-5230.35170
-5246.19666
-5253.25976
-5264.06620
-5260.43676
-5232.05954
-5244.50055
-5215.33773
-5252.21781
-5251.23651
-5252.78261
-5286.68174
-5220.05481
-5238.89315
-5260.48599
-5249.66919
-5249.86406
-5238.29638
-5254.40795
-5218.48772
-5277.87144
-5246.37740
-5232.46715
-5221.86744
-5244.74745
-5248.91181
-5242.45288
-5232.12967
-5258.10783
-5272.51177
-5280.08240
-5266.76542
-5267.82489
-5271.92423
-5248.88852
-5244.81569
-5241.98068
-5233.35848
-5260.83512
-5236.48580
-5258.17593
-5258.38408
-5255.30537
-5248.33144
-5229.70797
-5250.81326
-5244.29385
-5265.48883
-5256.10980
-5251.52769
-5276.19966
-5284.67792
-5305.94729
-5266.83597
-5279.96203
-5289.40663
-5222.63593
-5276.02198
-5279.64686
-5266.53263
-5279.25921
-5247.31374
-5244.02539
-5242.25950
-5224.82536
-5266.11371
-5263.24373
-5241.68515
-5214.43308
-5269.89129
-5264.88734
-5258.91896
-5226.98559
-5229.02933
-5269.30805
-5280.53397
-5272.38438
-5251.15817
-5246.76933
-5230.07940
-5238.06731
-5240.94369
-5269.55310
-5242.47035
-5263.86038
-5306.26448
-5262.80269
-5253.79439
-5263.18365
-5259.36637
-5282.22846
-5259.13715
-5249.37208
-5255.11891
-5264.32279
-5259.17951
-5278.11519
-5248.77749
-5263.13549
-5262.05940
-5253.52180
-5269.29087
-5284.29185
-5230.18524
-5242.51172
-5233.14113
-5250.28683
-5261.71558
-5249.24882
-5238.03049
-5257.65369
-5255.60772
-5224.04634
-5269.01641
-5267.03315
-5266.32316
-5241.20320
-5200.72474
-5229.13565
-5230.37129
-5250.54565
-5272.98502
-5235.24983
-5272.95831
-5247.65957
-5245.78657
-5263.55364
-5211.95039
-5272.54512
-5239.07080
-5239.01410
-5238.30576
-5229.78216
-5220.63400
-5219.24427
-5233.19371
-5233.62675
-5280.16116
-5279.34346
-5247.10525
-5263.95744
-5278.38053
-5287.26048
-5254.56355
-5218.78215
-5249.50648
-5209.45819
-5243.04480
-5222.13483
-5251.48761
-5234.83403
-5224.17116
-5231.38768
-5229.13772
-5239.15345
-5262.53525
-5242.82815
-5287.42840
-5267.91462
-5272.45818
-5231.54789
-5269.46411
-5199.21442
-5248.64643
-5284.22109
-5217.09110
-5254.95253
-5252.97298
-5262.94545
-5280.06738
-5226.27073
-5220.44697
-5231.95536
-5234.78131
-5242.16467
-5231.46483
-5269.44167
-5251.08914
-5250.55356
-5249.34410
-5219.22383
-5247.18236
-5242.53409
-5231.37288
-5261.77535
-5265.04252
-5248.64855
-5280.27744
-5262.87528
-5230.67667
-5252.90165
-5285.94337
-5261.89423
-5273.84772
-5223.43197
-5245.48192
-5233.13334
-5275.12875
-5244.74237
-5259.12313
-5246.27701
-5287.46984
-5235.19271
-5250.50001
-5254.90835
-5236.20785
-5256.12933
-5239.60332
-5259.36834
-5230.93592
-5262.16938
-5277.93487
-5259.38649
-5225.71137
-5241.84007
-5215.62397
-5227.53011
-5259.56813
-5238.10330
-5240.07490
-5257.38675
-5227.05026
-5247.90682
-5264.04346
-5218.85083
-5232.71439
-5281.06166
-5257.85116
-5234.83815
-5270.63916
-5212.64355
-5236.74674
-5270.26402
-5263.31221
-5268.71443
-5213.12989
-5244.20035
-5263.62785
-5302.99331
-5238.42855
-5276.75032
-5246.23337
-5229.05944
-5233.64526
-5272.84890
-5302.75152
-5288.29243
-5268.69872
-5266.25842
-5256.93015
-5236.01809
-5265.34876
-5253.37894
-5222.09153
-5246.58829
-5213.98731
-5251.86392
-5220.79444
-5189.27157
-5263.57743
-5246.79777
-5256.37091
-5234.89621
-5233.88956
-5238.43166
-5246.28227
-5256.98277
-5286.77076
-5246.97716
-5256.36479
-5279.55117
-5264.09759
-5221.77768
-5242.40242
-5240.88335
-5242.40744
-5236.99032
-5233.50162
-5250.38913
-5249.21347
-5243.81207
-5238.18231
-5248.42974
-5274.63665
-5255.29079
-5249.44468
-5273.10603
-5244.79329
-5268.69993
-5230.08987
-5181.53984
-5219.02452
-5239.20217
-5232.84606
-5255.42338
-5233.12897
-5272.17023
-5261.04308
-5237.08017
-5260.42612
-5280.38723
-5294.32642
-5216.05021
-5251.98010
-5235.05517
-5261.85025
-5235.88985
-5229.69193
-5204.40849
-5245.35095
-5276.38524
-5284.03515
-5242.63830
-5262.77279
-5225.11945
-5258.14660
-5268.34988
-5252.86091
-5269.22964
-5284.83472
-5280.07552
-5256.07189
-5268.07420
-5227.60349
-5233.07576
-5227.34752
-5265.06774
-5277.62096
-5268.95647
-5265.82909
-5268.24099
-5236.45860
-5262.08286
-5263.17469
-5225.80194
-5259.90368
-5255.32944
-5269.28780
-5257.98395
-5250.03763
-5216.08543
-5209.72577
-5243.97083
-5237.91520
-5210.03728
-5241.89341
-5247.42865
-5260.67126
-5275.80642
-5236.03328
-5227.10062
-5211.95906
-5239.68635
-5227.36298
-5225.07002
-5227.15176
-5265.96880
-5263.71824
-5242.74114
-5257.98978
-5269.02627
-5264.32625
-5246.52879
-5225.61041
-5226.88966
-5246.15559
-5272.07715
-5257.71417
-5270.66296
-5260.75151
-5244.22535
-5230.87156
-5240.61251
-5224.35133
-5235.99767
-5274.15954
-5245.82272
-5250.40690
-5198.98834
-5235.90027
-5227.67149
-5240.08578
-5224.45513
-5248.48808
-5216.06979
-5252.21644
-5295.37404
-5217.40092
-5226.85361
-5299.12067
-5266.42549
-5237.86220
-5240.44593
-5265.51072
-5257.18523
-5283.33960
-5240.68848
-5215.88080
-5225.81934
-5236.10636
-5247.82530
-5253.35561
-5227.26001
-5258.32880
-5258.28342
-5267.90638
-5234.00597
-5213.12192
-5213.76048
-5236.91839
-5243.45327
-5213.70719
-5225.15559
-5239.44500
-5252.00022
-5256.76686
-5259.36977
-5245.82057
-5258.00366
-5269.33399
-5253.96496
-5283.46647
-5259.76813
-5240.68276
-5227.20641
-5226.39407
-5269.84456
-5233.99237
-5247.33839
-5247.37323
-5224.87169
-5237.72333
-5229.84065
-5223.77651
-5218.37530
-5239.83054
-5220.49268
-5220.35142
-5213.79038
-5257.38825
-5230.59146
-5266.25875
-5256.89271
-5250.25766
-5238.98561
-5234.12917
-5234.58567
-5222.61556
-5245.29924
-5271.44982
-5220.23865
-5240.14820
-5255.14964
-5271.97400
-5288.50168
-5228.88887
-5225.42062
-5281.43672
-5247.39510
-5230.89517
-5250.60423
-5225.05807
-5233.73218
-5265.46030
-5249.28622
-5262.70366
-5280.73350
-5264.37422
-5214.78389
-5202.96083
-5275.43914
-5286.76751
-5304.27084
-5284.37883
-5253.75419
-5244.58455
-5246.79154
-5249.70433
-5277.35031
-5274.74866
-5229.64299
-5264.80619
-5273.47870
-5242.42077
-5265.41620
-5244.97806
-5251.82129
-5240.87459
-5225.49042
-5242.98966
-5234.55395
-5267.10594
-5258.90784
-5266.20768
-5281.30959
-5234.07837
-5241.46003
-5190.69823
-5174.43403
-5242.57066
-5262.02842
-5264.14827
-5262.56936
-5257.30710
-5263.85055
-5258.45881
-5272.21574
-5273.34439
-5250.28847
-5253.83786
-5263.16617
-5247.85044
-5239.45103
-5284.66944
-5282.19505
-5257.43386
-5229.10776
-5255.43254
-5236.30375
-5251.13634
-5267.26161
-5236.05491
-5271.55655
-5225.63432
-5284.64395
-5273.00512
-5245.87419
-5296.91645
-5260.85738
-5285.46632
-5281.59085
-5221.67434
-5258.97687
-5253.55189
-5257.81776
-5251.58671
-5279.81344
-5272.11593
-5273.15508
-5268.11061
-5256.24044
-5269.87568
-5281.91730
-5264.06520
-5254.92746
-5258.71046
-5248.81091
-5252.23588
-5231.75413
-5242.80775
-5237.11338
-5265.71246
-5238.54710
-5262.95678
-5248.41986
-5252.30747
-5237.90450
-5243.95009
-5252.54832
-5254.30044
-5242.55298
-5247.00839
-5231.37903
-5262.30174
-5250.39245
-5269.65670
-5261.68967
-5258.49825
-5240.00983
-5265.16882
-5253.64032
-5262.54673
-5287.15440
-5249.46151
-5244.58511
-5245.91872
-5243.77639
-5231.18360
-5251.36555
-5232.06801
-5240.20882
-5201.43096
-5245.85994
-5260.79736
-5276.29001
-5266.99712
-5263.26871
-5257.86430
-5244.33695
-5241.33741
-5252.62488
-5268.36650
-5238.61420
-5252.90612
-5229.29767
-5226.54517
-5268.31724
-5272.47617
-5268.79614
-5249.33965
-5225.64479
-5244.00080
-5274.40911
-5232.61269
-5234.53477
-5247.58827
-5224.85887
-5253.09499
-5229.46038
-5228.01394
-5273.50496
-5249.68849
-5253.07991
-5262.04286
-5266.05738
-5265.81645
-5262.31537
-5238.64618
-5248.80918
-5205.98460
-5236.89451
-5300.87394
-5297.24596
-5250.23393
-5240.81381
-5243.90202
-5236.42190
-5243.84409
-5233.14541
-5247.88238
-5256.61251
-5240.75648
-5236.13746
-5273.19378
-5263.69768
-5253.54210
-5228.32817
-5249.51868
-5254.58572
-5250.02827
-5242.88825
-5256.73169
-5223.33427
-5244.86685
-5227.38498
-5217.75480
-5255.02422
-5273.21102
-5255.48414
-5257.43753
-5289.61275
-5237.48903
-5238.72602
-5248.41684
-5251.47323
-5195.04025
-5217.93333
-5242.40786
-5278.04677
-5309.53485
-5268.90474
-5266.61783
-5263.80558
-5258.96567
-5194.40981
-5252.87283
-5282.45334
-5285.44837
-5223.03079
-5262.37791
-5246.46156
-5226.39333
-5258.34079
-5275.62509
-5278.31991
-5246.20789
-5269.95470
-5243.67392
-5259.58443
-5229.40579
-5244.08358
-5235.86962
-5266.94059
-5251.86710
-5244.89092
-5260.51673
-5253.35142
-5244.31291
-5263.99650
-5271.98208
-5280.35980
-5204.66692
-5219.88934
-5237.93162
-5237.82479
-5240.72984
-5245.57054
-5290.77179
-5269.00198
-5283.66383
-5265.21593
-5244.85719
-5208.85185
-5215.21421
-5231.10445
-5243.90559
-5255.60153
-5254.23987
-5242.55227
-5236.95280
-5251.74514
-5268.05962
-5241.10493
-5236.69091
-5269.52750
-5273.46135
-5254.23098
-5252.79251
-5237.07122
-5273.19335
-5290.20068
-5286.54264
-5261.20583
-5250.81095
-5249.95012
-5257.73878
-5233.80533
-5215.32736
-5238.37679
-5242.13903
-5239.64414
-5228.42228
-5259.03554
-5239.11510
-5252.55726
-5228.24447
-5254.69085
-5252.79803
-5263.77809
-5241.04347
-5287.18400
-5275.59865
-5229.93229
-5247.96347
-5235.67002
-5278.35201
-5242.77636
-5223.53143
-5241.66982
-5261.17715
-5255.36027
-5258.25705
-5252.69075
-5279.86208
-5252.43995
-5264.24481
-5245.74000
-5234.54140
-5194.60540
-5242.15638
-5249.71925
-5258.21842
-5240.34226
-5248.64708
-5219.86954
-5237.26917
-5275.55190
-5288.19429
-5264.17050
-5236.44892
-5247.62468
-5210.80261
-5237.21300
-5280.72900
-5238.32222
-5237.33113
-5272.67061
-5281.26811
-5271.78968
-5249.28958
-5283.30818
-5288.00325
-5245.92539
-5262.45647
-5224.61781
-5256.73313
-5249.29933
-5280.32552
-5266.06094
-5281.17834
-5266.47929
-5230.32373
-5257.24754
-5249.60975
-5250.74125
-5203.98632
-5211.45375
-5243.27325
-5256.60585
-5259.01731
-5252.68311
-5236.96149
-5245.36713
-5262.32288
-5216.97608
-5246.35289
-5262.35916
-5227.54220
-5213.72376
-5225.91050
-5190.01516
-5209.00626
-5265.25514
-5291.63314
-5274.16445
-5237.92140
-5225.69908
-5233.81728
-5232.30761
-5231.70583
-5289.22094
-5259.95352
-5281.21824
-5270.37549
-5238.20748
-5244.62665
-5231.35307
-5211.23771
-5245.52567
-5178.47688
-5192.12397
-5222.68975
-5278.79093
-5229.86286
-5243.17322
-5214.65924
-5243.04437
-5223.61331
-5218.83823
-5254.27552
-5245.25573
-5255.84771
-5253.44454
-5244.23165
-5287.21367
-5317.23053
-5277.90148
-5287.47309
-5250.23577
-5236.38746
-5264.81945
-5242.00773
-5248.64789
-5250.93220
-5227.91782
-5280.58825
-5279.63287
-5247.61223
-5269.55613
-5271.20175
-5257.68309
-5248.45913
-5228.84002
-5217.00931
-5213.40317
-5239.94338
-5229.76663
-5219.72282
-5240.27842
-5248.01780
-5237.58445
-5235.18970
-5235.28647
-5271.28981
-5278.93371
-5289.58814
-5233.55188
-5253.67026
-5272.92159
-5254.35281
-5233.99592
-5255.92956
-5310.65331
-5317.03785
-5253.04823
-5264.25051
-5208.54563
-5287.09479
-5235.67690
-5263.62588
-5274.40235
-5227.30332
-5230.57408
-5179.88134
-5225.24257
-5266.42663
-5276.25492
-5244.39400
-5228.69892
-5282.20771
-5246.84564
-5281.66504
-5236.28125
-5253.68122
-5254.85783
-5265.28345
-5279.36556
-5239.47723
-5251.62928
-5226.74641
-5236.66287
-5230.30266
-5249.99738
-5245.80894
-5227.66256
-5245.48455
-5249.18314
-5241.99698
-5256.04113
-5230.36501
-5238.24431
-5288.18767
-5300.59184
-5246.45189
-5213.87326
-5219.78606
-5234.54422
-5271.30547
-5205.20588
-5254.12300
-5233.98605
-5247.32739
-5267.62253
-5231.04006
-5280.93643
-5297.77594
-5258.17873
-5258.49783
-5226.81922
-5238.70201
-5234.53312
-5274.30990
-5221.45395
-5246.57266
-5270.58770
-5221.36361
-5212.02496
-5220.74670
-5245.58086
-5277.11319
-5271.47424
-5307.75805
-5291.05511
-5280.27484
-5234.01041
-5243.93755
-5198.79700
-5193.14763
-5250.48603
-5223.58185
-5260.12412
-5284.64766
-5263.52831
-5291.16867
-5280.66088
-5237.89080
-5195.54985
-5243.81233
-5229.00233
-5226.25631
-5241.85498
-5208.37333
-5243.81706
-5243.25730
-5269.72371
-5246.74298
-5227.04510
-5258.97700
-5231.86627
-5229.70130
-5224.79373
-5233.10452
-5251.21399
-5276.05591
-5277.33768
-5228.61611
-5252.39055
-5251.65729
-5223.47929
-5253.43456
-5267.21248
-5281.05998
-5244.65696
-5247.18729
-5220.48372
-5230.59760
-5253.51388
-5255.71168
-5223.08914
-5247.22303
-5191.11339
-5249.88502
-5237.55335
-5240.44676
-5236.97756
-5274.68696
-5260.69974
-5264.75928
-5254.16160
-5241.48797
-5262.44329
-5258.83460
-5267.85628
-5270.63833
-5284.58966
-5303.25459
-5248.64174
-5238.53012
-5252.24691
-5236.17185
-5239.56270
-5247.33950
-5243.50619
-5264.40173
-5214.71034
-5206.20961
-5269.69920
-5235.65161
-5201.25407
-5260.17022
-5230.94271
-5242.93277
-5247.06047
-5269.58782
-5227.66245
-5244.24747
-5274.26173
-5264.67613
-5305.96096
-5296.08635
-5238.24812
-5268.22891
-5260.00744
-5247.60693
-5230.61902
-5218.78603
-5266.82404
-5211.83066
-5239.74551
-5233.68551
-5259.26766
-5240.74072
-5247.82581
-5271.97693
-5243.81781
-5228.40658
-5245.59856
-5216.90784
-5241.81999
-5263.60096
-5242.89548
-5231.32639
-5201.59560
-5203.72990
-5249.56770
-5223.42654
-5227.12243
-5256.92548
-5242.11167
-5236.99546
-5224.12844
-5230.65064
-5204.49822
-5212.00131
-5242.41712
-5208.52682
-5253.92479
-5241.39964
-5291.47819
-5267.93674
-5222.42327
-5249.36091
-5275.09181
-5256.88284
-5248.76672
-5230.72715
-5246.53221
-5256.84534
-5228.39812
-5251.39506
-5208.41394
-5223.91107
-5210.03527
-5226.75917
-5207.77536
-5240.43987
-5275.36427
-5271.39657
-5264.58797
-5265.92744
-5244.49186
-5216.64531
-5254.47814
-5268.41382
-5262.17289
-5256.45091
-5249.31865
-5235.79186
-5262.70507
-5295.65301
-5257.14402
-5236.43687
-5242.19593
-5244.66649
-5274.46105
-5252.14207
-5264.82300
-5270.12754
-5256.52912
-5258.01210
-5252.76435
-5234.69606
-5264.10753
-5251.85980
-5249.00052
-5255.93464
-5247.78824
-5285.04302
-5254.48390
-5220.93643
-5258.37754
-5256.49013
-5234.75280
-5249.48210
-5269.68695
-5266.96052
-5303.49315
-5274.63831
-5267.56211
-5228.90456
-5238.17315
-5280.22974
-5264.11881
-5247.82149
-5221.25951
-5234.04133
-5255.01567
-5253.26948
-5277.03417
-5273.51923
-5281.37308
-5259.11358
-5251.13622
-5247.83734
-5237.17306
-5239.46118
-5223.01982
-5252.66923
-5242.69414
-5231.50472
-5239.52423
-5265.86308
-5243.74100
-5256.41639
-5246.79445
-5237.65118
-5224.73572
-5235.00141
-5245.94818
-5262.75170
-5273.95683
-5259.58914
-5278.88765
-5273.02815
-5292.07282
-5225.05956
-5239.78423
-5264.59955
-5229.12377
-5228.83186
-5240.66179
-5249.92452
-5232.73775
-5245.43219
-5246.50948
-5247.50095
-5251.55344
-5273.52314
-5250.22629
-5265.68644
-5261.78765
-5263.29796
-5267.09393
-5277.86661
-5266.83449
-5277.69545
-5289.19522
-5247.06692
-5240.45610
-5245.37966
-5198.20221
-5245.82967
-5226.72510
-5212.64324
-5288.43681
-5183.50194
-5216.39400
-5209.82991
-5224.19036
-5254.90410
-5248.38497
-5257.54283
-5256.63985
-5268.78067
-5243.23722
-5241.13597
-5247.25481
-5250.32641
-5234.63402
-5240.74368
-5205.98363
-5276.27108
-5236.43326
-5242.80034
-5233.98410
-5239.82522
-5265.11760
-5229.73362
-5264.87394
-5260.70960
-5251.95005
-5225.52408
-5243.26188
-5254.67838
-5242.69763
-5265.60335
-5282.59598
-5229.15239
-5237.48592
-5254.26699
-5236.00955
-5247.54368
-5226.83103
-5252.13845
-5258.08663
-5235.45745
-5227.63897
-5239.33168
-5226.58302
-5272.47037
-5232.15473
-5224.39076
-5233.63596
-5245.35663
-5211.74529
-5232.16582
-5245.36725
-5252.92745
-5180.67624
-5250.67702
-5288.31404
-5287.59812
-5236.75229
-5263.20514
-5259.65759
-5267.52906
-5272.53251
-5262.21941
-5251.65349
-5261.30454
-5252.32437
-5280.06976
-5254.30619
-5283.71690
-5257.18230
-5279.44230
-5273.09599
-5262.01569
-5264.12756
-5263.04946
-5261.82932
-5302.14585
-5277.49253
-5275.45994
-5247.69846
-5275.27219
-5262.90732
-5261.78955
-5250.53777
-5230.78564
-5257.76939
-5215.60172
-5272.38920
-5236.45563
-5231.95035
-5288.67161
-5252.34322
-5281.86065
-5285.57190
-5275.82079
-5287.13628
-5260.24081
-5243.08186
-5223.74574
-5213.25286
-5186.03001
-5236.47562
-5260.16084
-5246.50767
-5248.16828
-5229.60210
-5260.99100
-5264.07964
-5258.08441
-5275.96259
-5282.18526
-5261.57108
-5267.13507
-5287.07383
-5267.38682
-5227.25832
-5215.18310
-5260.81657
-5258.42875
-5264.96678
-5246.07439
-5227.51482
-5240.68655
-5237.09481
-5243.45777
-5241.45402
-5287.88511
-5287.99020
-5260.45796
-5218.01189
-5252.51404
-5240.08456
-5266.60924
-5253.75073
-5235.68535
-5268.82901
-5227.10950
-5214.31663
-5248.23158
-5267.41489
-5216.62058
-5261.35225
-5285.74639
-5270.79138
-5255.12355
-5273.10737
-5246.02833
-5236.94653
-5252.25194
-5262.04499
-5272.93560
-5268.50786
-5245.10925
-5269.16270
-5255.78891
-5249.25507
-5273.51689
-5220.21045
-5216.17520
-5234.97793
-5205.73246
-5232.85066
-5220.75437
-5229.40749
-5250.34449
-5258.84658
-5213.36921
-5227.09065
-5209.62668
-5210.72082
-5249.40088
-5225.29257
-5205.05935
-5258.96846
-5262.33876
-5225.67244
-5264.38746
-5244.49106
-5267.41787
-5259.47667
-5264.61527
-5245.71040
-5210.51098
-5245.31942
-5292.92032
-5255.46113
-5255.85458
-5274.00401
-5258.68542
-5267.83554
-5258.32657
-5271.04926
-5270.87331
-5255.57213
-5234.35146
-5230.21650
-5264.64595
-5233.18008
-5264.46503
-5278.86536
-5279.46745
-5307.53531
-5260.02753
-5271.71800
-5274.44996
-5244.70785
-5263.47764
-5258.54142
-5227.22541
-5255.78259
-5262.56265
-5232.73895
-5204.73341
-5239.57885
-5270.42537
-5279.16180
-5250.17287
-5235.96468
-5231.80409
-5226.67341
-5239.58104
-5284.48222
-5242.04940
-5246.51731
-5249.32415
-5243.63159
-5252.80473
-5276.37479
-5252.83652
-5216.83323
-5226.32800
-5214.67203
-5263.51184
-5244.34406
-5244.77052
-5218.70163
-5222.23655
-5268.57027
-5265.49303
-5246.67421
-5227.46596
-5209.82396
-5236.81677
-5281.32688
-5277.85370
-5283.81352
-5248.95556
-5233.88641
-5225.26900
-5235.03909
-5237.05915
-5267.82703
-5245.78595
-5246.43813
-5261.06041
-5234.57979
-5242.99231
-5213.46877
-5256.76228
-5274.92721
-5275.32354
-5301.49413
-5274.44483
-5235.83268
-5244.73895
-5281.15460
-5296.77059
-5273.54535
-5259.90552
-5262.30978
-5233.29497
-5246.96851
-5300.60727
-5275.25431
-5289.67478
-5237.56517
-5228.97657
-5223.36828
-5280.70638
-5300.35476
-5311.85242
-5264.29537
-5231.81723
-5244.53708
-5220.33042
-5243.94308
-5228.75514
-5248.98758
-5228.96686
-5278.69533
-5210.80370
-5225.66253
-5230.37483
-5260.66274
-5269.59274
-5257.40801
-5267.69552
-5231.44792
-5219.56000
-5243.20556
-5231.62230
-5251.13661
-5270.74401
-5271.94423
-5228.63714
-5245.96537
-5271.48947
-5239.13646
-5278.75174
-5286.70960
-5288.99509
-5241.11171
-5269.32423
-5239.27644
-5257.87245
-5243.87960
-5268.94526
-5267.29787
-5266.64524
-5247.97228
-5249.90509
-5280.34229
-5292.85081
-5248.04833
-5262.20344
-5220.74212
-5220.36363
-5221.68011
-5223.46154
-5252.23009
-5230.00798
-5217.60334
-5256.41467
-5265.45243
-5245.16685
-5257.47358
-5258.25884
-5216.51938
-5257.73680
-5250.27798
-5265.68745
-5286.29825
-5273.05659
-5258.53837
-5258.55321
-5276.95762
-5297.16833
-5246.86128
-5207.66594
-5239.74623
-5233.75956
-5256.64259
-5270.44920
-5286.50425
-5289.49555
-5290.90430
-5228.64342
-5240.83742
-5272.04582
-5254.86887
-5272.02698
-5277.13317
-5282.63627
-5288.63105
-5250.59434
-5217.24206
-5226.18154
-5218.16105
-5233.08419
-5241.40883
-5252.10892
-5251.91617
-5237.47104
-5287.38061
-5266.05051
-5265.14012
-5234.12425
-5239.65324
-5291.94895
-5274.46177
-5219.59245
-5256.80433
-5249.95099
-5245.95008
-5241.69704
-5242.11145
-5227.90633
-5182.98059
-5232.20226
-5272.96869
-5264.20247
-5260.28493
-5256.27291
-5236.69393
-5231.18815
-5228.61853
-5240.97041
-5210.91036
-5204.56350
-5236.54982
-5262.74879
-5194.63562
-5186.75922
-5232.25732
-5247.07569
-5207.54701
-5231.49871
-5243.26518
-5211.32547
-5223.79854
-5276.14289
-5294.33271
-5293.58270
-5261.14594
-5258.07009
-5257.30074
-5266.99434
-5261.23263
-5240.18519
-5232.23906
-5246.57482
-5294.03659
-5252.85073
-5252.37124
-5213.91444
-5256.18970
-5280.59833
-5254.43661
-5257.65762
-5274.89123
-5245.77353
-5226.80371
-5233.99761
-5247.08495
-5275.71951
-5259.60527
-5243.77895
-5217.64247
-5245.14085
-5219.50585
-5214.64947
-5229.47465
-5257.92416
-5255.36606
-5253.75214
-5276.42460
-5253.79746
-5260.16872
-5261.09727
-5230.26507
-5242.29453
-5268.16866
-5262.20017
-5260.60267
-5265.18757
-5205.73064
-5223.74975
-5231.38089
-5217.92328
-5238.42376
-5251.84668
-5268.74713
-5235.37919
-5231.82972
-5263.91851
-5232.86207
-5254.39964
-5251.52841
-5268.72330
-5262.57454
-5247.17507
-5222.49479
-5180.11993
-5227.30927
-5226.22850
-5226.28698
-5253.77023
-5284.68255
-5240.11019
-5223.33452
-5228.98132
-5237.77348
-5270.05185
-5272.27051
-5219.61433
-5256.48712
-5230.73563
-5251.28405
-5276.87110
-5257.66759
-5248.76013
-5261.28087
-5248.95123
-5295.27592
-5272.49743
-5249.72692
-5246.58670
-5255.84545
-5244.51489
-5281.92747
-5273.01852
-5263.87342
-5282.72469
-5282.32981
-5212.17059
-5203.77470
-5238.24698
-5233.53079
-5250.62938
-5258.05496
-5271.50445
-5260.75827
-5255.94356
-5231.65596
-5229.16727
-5259.73258
-5250.96551
-5242.54402
-5248.53279
-5264.48157
-5234.22493
-5285.40278
-5279.03281
-5287.13422
-5276.18992
-5249.50429
-5264.27650
-5268.36705
-5277.73071
-5270.55895
-5251.41073
-5275.90570
-5266.72227
-5272.24179
-5213.81315
-5235.60651
-5284.16362
-5265.59516
-5273.28104
-5213.20319
-5232.62454
-5231.05025
-5238.37966
-5257.75726
-5224.63213
-5238.70526
-5225.38891
-5214.83727
-5225.34806
-5247.23968
-5229.91480
-5252.90943
-5214.14681
-5225.73157
-5248.49920
-5247.18313
-5252.99892
-5245.23913
-5230.13997
-5247.18515
-5276.11764
-5245.75892
-5286.02610
-5252.80495
-5242.88231
-5234.00266
-5236.67629
-5251.04554
-5257.03186
-5260.46541
-5234.37163
-5237.53147
-5240.19433
-5262.45729
-5255.42730
-5264.11898
-5299.77932
-5270.89287
-5291.49322
-5237.52101
-5268.62244
-5254.56778
-5236.74388
-5245.28003
-5294.79212
-5283.82666
-5274.11524
-5257.78568
-5251.43152
-5220.59082
-5279.39369
-5285.48886
-5247.42988
-5248.80029
-5286.79443
-5222.05459
-5245.81235
-5233.26281
-5244.28843
-5241.56575
-5256.58645
-5275.75151
-5228.98884
-5223.87205
-5209.50253
-5233.85978
-5292.56165
-5290.46732
-5258.81411
-5252.12581
-5243.22788
-5209.57640
-5230.28234
-5216.88067
-5254.76236
-5252.82400
-5255.98416
-5283.61374
-5278.63054
-5246.68187
-5244.49874
-5248.39472
-5223.51286
-5248.16001
-5232.34168
-5252.78940
-5250.51960
-5257.09243
-5258.99096
-5270.17971
-5273.01104
-5254.64894
-5238.75365
-5269.67365
-5237.33645
-5233.37709
-5242.74482
-5248.77712
-5231.35581
-5243.73387
-5230.12915
-5258.72186
-5220.65783
-5239.08332
-5234.94804
-5239.97665
-5211.76123
-5237.11063
-5264.38294
-5255.23517
-5283.31910
-5270.12580
-5246.81781
-5265.75098
-5263.55481
-5264.28845
-5270.21929
-5233.71265
-5204.09881
-5272.72932
-5259.80114
-5259.20929
-5247.57127
-5274.65732
-5246.59077
-5214.31138
-5242.54728
-5227.77878
-5257.25562
-5250.97918
-5233.09267
-5268.47440
-5268.22306
-5232.71836
-5237.11648
-5225.47151
-5244.07196
-5260.03251
-5259.22884
-5239.99823
-5220.53649
-5231.95735
-5243.64549
-5299.65089
-5259.00369
-5259.63824
-5252.16505
-5236.82504
-5254.57497
-5286.03085
-5280.41082
-5271.01945
-5258.53909
-5216.95440
-5252.62438
-5267.75751
-5237.09813
-5254.54264
-5243.72040
-5245.06877
-5243.65688
-5245.98730
-5264.38886
-5300.56359
-5232.14090
-5239.04397
-5248.10681
-5219.17949
-5215.11219
-5245.79896
-5231.61252
-5272.72536
-5267.80287
-5259.53647
-5287.59304
-5276.53228
-5220.37556
-5260.64193
-5289.28987
-5250.12050
-5279.62547
-5282.46515
-5281.47007
-5253.16963
-5265.53196
-5240.26002
-5210.11754
-5231.80096
-5227.70473
-5226.05707
-5278.85088
-5270.09034
-5230.24128
-5231.42953
-5235.35549
-5237.64513
-5275.97737
-5302.13945
-5236.03257
-5232.82725
-5254.60524
-5245.82972
-5218.63261
-5220.96358
-5253.67836
-5231.57989
-5220.97618
-5222.43574
-5252.53446
-5235.31118
-5236.95980
-5198.76080
-5233.77584
-5225.56810
-5246.08142
-5256.79365
-5279.13550
-5271.96191
-5272.65055
-5227.37907
-5247.47179
-5251.63395
-5256.21613
-5280.86967
-5242.54890
-5206.00433
-5247.40881
-5218.30720
-5186.35030
-5206.69584
-5280.44407
-5263.30267
-5253.68770
-5222.86203
-5207.27052
-5213.98222
-5260.92773
-5239.71660
-5272.87451
-5279.91268
-5255.29816
-5217.11354
-5199.99893
-5237.38310
-5248.26288
-5227.23092
-5252.31040
-5241.21420
-5205.61086
-5245.58415
-5304.23862
-5305.48575
-5221.71470
-5229.44619
-5265.76181
-5244.44608
-5273.07910
-5219.11159
-5250.41697
-5254.17392
-5203.15990
-5202.81170
-5220.72671
-5256.78631
-5280.62495
-5250.16555
-5239.77215
-5251.17692
-5231.44497
-5250.59896
-5283.78197
-5236.20773
-5228.59478
-5222.90791
-5223.33768
-5240.82940
-5215.10819
-5213.64467
-5231.28692
-5223.50926
-5216.41149
-5231.56383
-5267.06835
-5242.55495
-5234.06962
-5282.25955
-5275.93660
-5275.18775
-5245.86919
-5241.46543
-5267.10360
-5247.82556
-5234.83011
-5272.42926
-5294.21471
-5276.88666
-5271.44259
-5280.80380
-5245.32007
-5265.02850
-5205.76951
-5260.25404
-5274.02012
-5251.04446
-5229.56084
-5263.19055
-5250.33308
-5237.92134
-5281.91526
-5252.88215
-5262.82240
-5260.88215
-5226.36621
-5241.11015
-5260.18532
-5225.45516
-5244.79459
-5254.45624
-5262.19836
-5293.92292
-5269.72361
-5277.33865
-5243.34815
-5230.81022
-5262.37834
-5240.47145
-5255.47246
-5262.76243
-5250.61439
-5234.87684
-5249.35995
-5264.81004
-5231.82948
-5252.95454
-5294.59171
-5270.44804
-5244.55244
-5240.38434
-5280.14169
-5283.55268
-5241.75826
-5267.54888
-5247.10215
-5272.79786
-5265.46024
-5234.98581
-5243.25572
-5241.96650
-5213.28328
-5268.64303
-5300.59782
-5267.41647
-5237.62857
-5244.34583
-5253.24434
-5258.62700
-5278.64433
-5260.86524
-5295.55981
-5204.97849
-5262.80817
-5254.93080
-5219.16442
-5226.41615
-5266.30680
-5268.30961
-5244.72099
-5254.61442
-5204.24611
-5194.31290
-5216.00110
-5205.90406
-5224.14561
-5277.02551
-5249.25467
-5274.42993
-5287.58453
-5220.23321
-5282.72940
-5289.79825
-5283.71318
-5278.22774
-5258.84390
-5268.76329
-5271.98212
-5251.29312
-5225.37725
-5236.21682
-5260.53382
-5235.13126
-5239.89676
-5230.30397
-5247.05834
-5256.14789
-5235.55787
-5280.27628
-5279.70434
-5263.99523
-5276.06539
-5271.42141
-5231.39758
-5220.25093
-5212.53935
-5269.56770
-5218.10969
-5224.22241
-5228.02748
-5227.53877
-5282.84670
-5293.42796
-5241.18630
-5200.11633
-5248.80313
-5234.20784
-5258.23156
-5213.81666
-5233.65708
-5229.89066
-5252.79651
-5211.76473
-5276.35852
-5273.31712
-5284.88200
-5282.88808
-5271.24283
-5256.37806
-5242.38513
-5263.83035
-5241.29614
-5245.94036
-5258.47775
-5233.92749
-5240.60362
-5242.60542
-5253.45063
-5264.99129
-5234.88121
-5252.02641
-5257.29091
-5268.66459
-5287.98729
-5284.63437
-5275.12417
-5262.22823
-5235.46868
-5213.13281
-5239.44516
-5256.32910
-5252.98337
-5242.36805
-5226.65422
-5264.69642
-5252.37709
-5270.77463
-5259.58109
-5270.69381
-5268.00531
-5257.84533
-5234.46853
-5263.81503
-5252.15967
-5221.02129
-5242.50888
-5234.93672
-5241.96448
-5266.47770
-5255.43349
-5281.12810
-5279.75434
-5264.13389
-5272.71569
-5280.18397
-5264.08938
-5252.16259
-5276.48344
-5307.83879
-5296.10917
-5263.06545
-5281.19356
-5272.12843
-5267.78751
-5290.27524
-5269.86093
-5264.46538
-5262.11061
-5276.98621
-5241.70204
-5241.60461
-5253.89330
-5259.64760
-5271.94758
-5248.13701
-5256.28829
-5287.63831
-5268.50778
-5254.40237
-5268.64118
-5209.35186
-5263.16017
-5241.41784
-5267.60117
-5264.86895
-5213.24399
-5257.52694
-5231.87396
-5249.93350
-5259.39213
-5256.64367
-5244.00127
-5228.38360
-5287.69616
-5253.83993
-5248.26487
-5235.92496
-5257.43375
-5259.39235
-5295.04706
-5288.43680
-5303.22473
-5278.73396
-5275.52048
-5222.88565
-5220.68389
-5261.66032
-5263.80569
-5238.83418
-5272.71134
-5267.72199
-5266.01735
-5325.60781
-5248.94425
-5265.04588
-5250.57453
-5291.73403
-5270.80194
-5217.54529
-5197.87108
-5193.62696
-5211.23780
-5252.98777
-5258.36468
-5253.03987
-5265.19298
-5224.95483
-5218.21539
-5205.96427
-5258.22080
-5255.92275
-5278.48529
-5248.74248
-5232.14939
-5242.12371
-5234.54896
-5288.01378
-5290.70829
-5272.11720
-5253.52751
-5304.58344
-5277.95594
-5252.05955
-5243.88424
-5288.48188
-5252.71612
-5252.17478
-5231.96946
-5264.37559
-5266.34558
-5244.82576
-5278.77789
-5232.40022
-5270.00495
-5275.69458
-5229.93019
-5274.64920
-5255.43736
-5263.14596
-5270.70576
-5244.87307
-5225.22112
-5223.03044
-5233.12691
-5256.84685
-5243.56474
-5261.86652
-5251.15950
-5229.34532
-5274.88633
-5264.93613
-5265.04158
-5250.11372
-5271.78674
-5242.10609
-5259.68114
-5229.73134
-5231.06659
-5265.83801
-5277.85190
-5277.06661
-5221.45639
-5244.29616
-5254.77929
-5278.08336
-5291.42353
-5256.43566
-5254.29683
-5213.11954
-5245.90656
-5260.43567
-5276.85324
-5241.96670
-5270.54470
-5282.24029
-5255.04376
-5226.05688
-5253.68679
-5246.54386
-5251.50494
-5251.20477
-5238.44792
-5255.54099
-5285.87967
-5265.36837
-5244.29474
-5212.57640
-5226.13146
-5249.47323
-5224.26545
-5201.39727
-5234.75336
-5243.85042
-5243.12762
-5246.31563
-5268.02408
-5272.42165
-5302.23579
-5260.87931
-5229.34390
-5244.96796
-5283.95034
-5243.59591
-5227.56623
-5241.18792
-5268.87924
-5258.86781
-5287.65814
-5289.69447
-5261.32374
-5267.34583
-5235.81977
-5235.45331
-5222.79482
-5229.79080
-5228.07609
-5220.34308
-5234.52772
-5228.76692
-5189.55093
-5187.78181
-5205.08256
-5258.90543
-5263.99709
-5231.63014
-5267.39102
-5304.27029
-5232.22394
-5239.25934
-5241.58037
-5254.29386
-5229.83494
-5220.91900
-5226.27232
-5274.56920
-5233.79323
-5262.36837
-5237.61304
-5242.41343
-5269.23340
-5220.71443
-5243.10925
-5243.97222
-5225.99697
-5239.05352
-5234.21402
-5231.89259
-5241.10225
-5260.69726
-5257.22256
-5261.90514
-5210.52174
-5246.37855
-5238.18891
-5310.42160
-5236.92770
-5245.07972
-5232.76913
-5265.29879
-5241.47878
-5227.94892
-5242.31924
-5258.11023
-5259.99731
-5271.65806
-5270.10497
-5268.21710
-5245.71410
-5234.92419
-5241.57954
-5239.77415
-5252.79994
-5230.91913
-5252.99592
-5245.37181
-5295.00541
-5268.45752
-5251.40161
-5238.83700
-5225.50415
-5242.24244
-5278.73908
-5238.22378
-5227.86302
-5214.97353
-5229.36487
-5227.14622
-5270.30087
-5270.52559
-5287.76265
-5320.41431
-5243.11060
-5289.42471
-5246.98854
-5239.61257
-5269.03945
-5259.08376
-5318.37457
-5317.78700
-5253.99802
-5240.14909
-5256.81456
-5220.50911
-5243.32990
-5244.98458
-5258.79416
-5219.17766
-5239.91628
-5257.04552
-5212.94421
-5244.93837
-5256.98200
-5255.47339
-5250.58719
-5244.01670
-5221.63377
-5268.34059
-5266.88263
-5248.26551
-5234.74769
-5248.34497
-5237.17336
-5252.00034
-5273.19297
-5293.19468
-5229.57376
-5286.90725
-5272.58812
-5236.15683
-5249.48190
-5283.20554
-5258.63154
-5274.16895
-5229.69452
-5237.43361
-5229.78366
-5257.97775
-5232.48546
-5254.41612
-5235.75263
-5243.87047
-5201.16701
-5216.03447
-5233.41822
-5274.73951
-5280.43252
-5261.82929
-5226.36049
-5250.39330
-5295.86658
-5254.99059
-5254.31765
-5228.54474
-5249.99152
-5265.03163
-5247.55505
-5262.36281
-5237.04316
-5229.85316
-5250.99949
-5250.02555
-5269.31249
-5244.09969
-5272.42807
-5232.53667
-5197.82710
-5238.90883
-5277.55321
-5254.35326
-5239.32532
-5229.11282
-5226.50973
-5257.73682
-5236.70856
-5203.27862
-5218.08703
-5221.33367
-5231.97973
-5240.67037
-5265.67878
-5267.50330
-5244.97765
-5224.48368
-5248.32632
-5256.42608
-5231.62174
-5261.42915
-5279.30300
-5279.39606
-5273.11578
-5286.15203
-5249.29304
-5245.99706
-5244.69982
-5259.87756
-5279.67055
-5277.40498
-5268.96435
-5244.44672
-5256.43782
-5218.38780
-5250.96832
-5266.60307
-5241.83262
-5251.34410
-5235.58377
-5237.61461
-5242.13318
-5210.90385
-5229.04274
-5256.34364
-5271.13824
-5267.10503
-5252.27504
-5294.33497
-5220.43561
-5228.08673
-5283.12854
-5240.04783
-5220.23855
-5212.49934
-5241.89906
-5244.38882
-5275.89268
-5245.04911
-5213.73026
-5209.21250
-5221.75952
-5235.69573
-5295.07805
-5302.12892
-5248.96141
-5257.58037
-5251.95197
-5237.98491
-5297.38413
-5264.16794
-5239.87058
-5282.35189
-5260.02964
-5240.78578
-5279.03740
-5226.71534
-5223.42905
-5262.68212
-5201.00440
-5243.13821
-5264.01087
-5269.75813
-5225.13947
-5215.42022
-5225.90743
-5259.64175
-5278.41085
-5286.84973
-5255.13330
-5298.45732
-5263.12438
-5226.16742
-5229.55560
-5217.05942
-5230.87708
-5207.25017
-5241.58014
-5229.57671
-5258.05645
-5271.86102
-5240.20539
-5252.04822
-5265.75906
-5252.07876
-5234.95395
-5257.88732
-5276.94182
-5257.85837
-5301.21266
-5259.46278
-5249.17020
-5206.38471
-5250.55085
-5230.17315
-5243.41624
-5240.64226
-5229.83525
-5265.17971
-5291.42872
-5239.24778
-5262.94973
-5239.67537
-5269.56079
-5249.53793
-5280.56859
-5257.60803
-5297.04778
-5267.88081
-5277.57996
-5265.97249
-5261.48665
-5250.98841
-5239.66691
-5274.48419
-5265.97451
-5238.10319
-5253.55432
-5233.28703
-5235.53074
-5267.09712
-5252.18752
-5282.38426
-5267.62580
-5233.75232
-5256.74125
-5287.10060
-5250.74091
-5245.16393
-5233.64977
-5258.58711
-5265.83280
-5267.53253
-5250.95789
-5209.81079
-5252.24002
-5232.90343
-5245.95552
-5251.71836
-5223.99204
-5250.89670
-5255.76812
-5250.19107
-5237.25346
-5230.37014
-5253.03218
-5286.81887
-5267.22129
-5282.61327
-5251.38830
-5242.46101
-5265.01650
-5241.26445
-5265.31372
-5268.51109
-5260.26486
-5229.52694
-5227.12874
-5257.85123
-5268.78779
-5288.49227
-5228.73409
-5263.79899
-5265.61570
-5253.80347
-5257.35688
-5238.14196
-5228.39627
-5231.38967
-5237.76737
-5227.47564
-5207.77838
-5263.59435
-5246.01727
-5226.19422
-5226.66106
-5208.27913
-5245.78797
-5258.73749
-5261.20638
-5252.64270
-5226.92105
-5252.71994
-5226.93527
-5210.66481
-5265.04772
-5221.92364
-5307.47885
-5296.92205
-5225.79255
-5249.40027
-5269.46299
-5254.14193
-5226.00371
-5249.64957
-5247.11163
-5210.09845
-5232.03396
-5200.11053
-5240.74010
-5256.59479
-5213.48988
-5257.30999
-5300.93044
-5267.59223
-5277.69937
-5293.35207
-5290.51536
-5262.35635
-5277.10598
-5260.10230
-5268.49368
-5218.52316
-5215.53396
-5232.98848
-5221.29665
-5238.48574
-5222.74595
-5216.29744
-5256.91634
-5213.81864
-5202.21243
-5205.97270
-5225.23113
-5205.46324
-5200.26559
-5247.32878
-5227.74680
-5266.71372
-5250.99364
-5226.08840
-5235.62258
-5273.15754
-5240.48033
-5253.60893
-5199.79757
-5237.03576
-5273.47673
-5305.35775
-5288.85903
-5268.43212
-5278.02559
-5283.66242
-5272.61013
-5244.99523
-5257.90456
-5226.37687
-5264.25334
-5254.57478
-5253.38670
-5236.81665
-5246.52560
-5250.15140
-5257.89326
-5219.12886
-5275.56265
-5270.68149
-5275.42917
-5239.59511
-5263.49045
-5263.41665
-5267.89019
-5256.97413
-5254.38980
-5188.31606
-5253.29600
-5238.57756
-5284.70797
-5264.97569
-5250.49548
-5250.58008
-5266.23632
-5273.01749
-5213.42749
-5242.16266
-5247.72800
-5222.00431
-5255.55795
-5266.14398
-5262.78729
-5277.07818
-5259.70144
-5262.35946
-5266.05300
-5270.19771
-5286.00936
-5264.39608
-5258.77666
-5256.34917
-5292.58557
-5294.50538
-5281.33721
-5252.84957
-5242.38465
-5249.54819
-5245.92472
-5262.88462
-5264.02043
-5223.60368
-5269.06217
-5264.03056
-5261.33584
-5252.39014
-5255.95082
-5288.95228
-5266.06659
-5285.52945
-5230.80644
-5250.51739
-5227.48818
-5210.41450
-5220.44209
-5241.59484
-5250.83869
-5241.00469
-5222.92112
-5256.94718
-5260.13474
-5293.98389
-5264.09425
-5237.22911
-5247.91579
-5228.28506
-5253.50028
-5243.29817
-5255.50225
-5232.39842
-5205.50341
-5214.42412
-5220.34814
-5201.73535
-5185.29852
-5249.66579
-5242.56986
-5225.51253
-5242.81102
-5239.87048
-5248.08587
-5236.80286
-5262.11378
-5239.52722
-5261.28445
-5255.71684
-5241.04601
-5265.07802
-5258.56955
-5215.47263
-5213.71305
-5249.30883
-5262.64553
-5255.69133
-5243.84632
-5244.16803
-5232.24328
-5251.64202
-5288.07032
-5261.26641
-5244.46655
-5274.40611
-5228.86644
-5264.17480
-5219.48857
-5222.10332
-5242.59822
-5246.32969
-5244.24669
-5253.57454
-5253.68929
-5283.02826
-5254.83186
-5223.00412
-5256.66514
-5303.87058
-5261.67926
-5240.35761
-5269.68034
-5232.62021
-5262.57961
-5227.70744
-5216.13908
-5270.53732
-5274.71943
-5265.02674
-5223.48090
-5233.20899
-5261.36832
-5280.08875
-5253.35350
-5229.79277
-5238.96845
-5261.44288
-5254.63381
-5255.08758
-5259.28122
-5243.20958
-5232.71482
-5248.38361
-5276.31625
-5287.47498
-5261.92952
-5292.00551
-5281.17179
-5280.33505
-5278.50848
-5217.89241
-5256.62170
-5228.30646
-5251.45860
-5240.87899
-5236.74650
-5227.12586
-5225.68900
-5226.25264
-5258.57584
-5250.90189
-5266.67447
-5237.21687
-5249.86838
-5262.71080
-5228.50875
-5217.91966
-5254.93630
-5221.51272
-5203.15140
-5275.84222
-5282.82745
-5256.76167
-5270.90839
-5265.96485
-5261.66302
-5257.06797
-5237.73507
-5250.08720
-5277.97653
-5251.20726
-5280.86141
-5238.99450
-5256.57035
-5226.69940
-5236.56659
-5244.70239
-5251.81370
-5263.36504
-5251.37585
-5260.43097
-5239.72765
-5262.74086
-5266.86031
-5250.20591
-5237.39657
-5220.60775
-5224.70617
-5252.54854
-5257.25830
-5275.65898
-5266.07261
-5263.41741
-5232.81572
-5226.35704
-5224.69911
-5196.74647
-5212.70554
-5239.33051
-5236.86922
-5297.56814
-5249.72440
-5267.61050
-5260.32722
-5258.63339
-5229.06583
-5228.06649
-5228.24335
-5210.06084
-5247.39582
-5250.75019
-5275.34239
-5240.87471
-5216.79464
-5225.04379
-5246.07484
-5275.41534
-5238.29921
-5227.45987
-5260.20031
-5252.61033
-5253.35725
-5251.90860
-5227.23308
-5226.75664
-5215.75650
-5267.79934
-5304.77955
-5272.65342
-5276.82056
-5240.90468
-5230.70543
-5231.89379
-5221.27391
-5250.93884
-5275.48360
-5245.37711
-5247.57534
-5270.53220
-5270.23478
-5266.31751
-5296.66320
-5293.26884
-5277.55248
-5213.25806
-5252.74653
-5246.52871
-5261.84564
-5224.99801
-5234.13006
-5243.87013
-5283.13644
-5313.29239
-5246.59379
-5198.54029
-5234.33815
-5212.28660
-5256.09179
-5277.65134
-5252.42383
-5269.98911
-5246.55242
-5241.37364
-5252.75073
-5255.00816
-5235.18426
-5256.52154
-5277.32190
-5235.86371
-5271.48733
-5234.73384
-5254.32199
-5236.89906
-5236.64732
-5238.61351
-5263.88684
-5265.87978
-5266.59568
-5235.45776
-5254.75680
-5229.25153
-5224.07188
-5247.19921
-5222.64108
-5224.72939
-5277.91217
-5227.67993
-5261.09020
-5266.57786
-5213.72849
-5236.15675
-5247.49158
-5272.35386
-5304.16856
-5231.11179
-5238.39317
-5225.68458
-5242.76583
-5263.31605
-5284.50057
-5315.35338
-5268.49159
-5305.25426
-5278.41311
-5228.33465
-5237.87762
-5251.50142
-5246.79041
-5260.50213
-5255.78574
-5234.76347
-5252.01105
-5283.41546
-5246.82652
-5236.27544
-5273.93115
-5281.32331
-5269.63012
-5253.30798
-5284.50370
-5285.18808
-5268.46652
-5296.60634
-5236.52628
-5215.04909
-5215.02035
-5232.74296
-5241.85801
-5226.67909
-5264.61653
-5273.62604
-5233.78624
-5230.99430
-5209.51101
-5232.88477
-5300.35276
-5263.39589
-5268.25755
-5270.43540
-5245.22637
-5208.67359
-5224.38724
-5226.92876
-5251.45692
-5240.27904
-5225.82561
-5235.39138
-5268.81895
-5258.54202
-5279.68971
-5295.63717
-5278.25807
-5257.98726
-5282.04059
-5255.85957
-5257.20064
-5253.19891
-5263.52571
-5236.79932
-5228.26265
-5245.54144
-5259.96039
-5260.26027
-5238.74878
-5214.74854
-5225.71238
-5190.56695
-5234.93183
-5280.18605
-5278.76049
-5236.10818
-5223.14246
-5256.22203
-5253.45992
-5222.23600
-5218.63651
-5220.45928
-5257.36388
-5280.45245
-5220.42231
-5286.24156
-5254.82816
-5222.90202
-5255.46420
-5230.06319
-5239.64188
-5211.73123
-5230.48189
-5271.56571
-5241.28613
-5236.56156
-5236.63258
-5230.52385
-5284.50858
-5250.41323
-5251.48056
-5254.54570
-5256.51355
-5268.17650
-5262.49263
-5241.81641
-5255.11427
-5278.34677
-5237.04063
-5246.61411
-5259.84390
-5273.15666
-5263.29601
-5252.87402
-5238.31198
-5223.31625
-5256.06184
-5239.81881
-5232.84274
-5253.60477
-5246.52678
-5248.26699
-5230.19039
-5210.10341
-5248.59908
-5252.40623
-5233.76380
-5259.84960
-5262.36399
-5206.83924
-5224.37855
-5238.58787
-5242.26191
-5232.87543
-5210.66179
-5271.71792
-5261.45849
-5303.35332
-5270.91608
-5295.82487
-5234.57093
-5236.99745
-5245.67765
-5252.89626
-5249.84513
-5192.19083
-5212.16408
-5244.25030
-5195.57655
-5255.69939
-5229.16655
-5221.47752
-5215.34862
-5274.00838
-5242.54556
-5198.69252
-5245.97655
-5254.67076
-5223.56517
-5195.37156
-5243.36460
-5246.15321
-5291.20662
-5285.82238
-5255.06089
-5258.52523
-5302.04887
-5250.31678
-5234.49865
-5274.16845
-5272.30186
-5233.79986
-5237.33536
-5263.90149
-5291.92375
-5261.54079
-5236.89173
-5219.44037
-5257.12364
-5274.81458
-5268.96210
-5302.67078
-5294.78137
-5217.91346
-5192.07100
-5222.48125
-5246.07721
-5244.27721
-5216.90745
-5228.96551
-5232.91777
-5271.09904
-5234.02299
-5217.19029
-5226.70456
-5248.51354
-5234.10005
-5231.58165
-5237.95739
-5224.36694
-5268.99980
-5239.97942
-5249.52900
-5262.28672
-5233.47468
-5251.24464
-5269.73862
-5290.71024
-5254.15061
-5229.54760
-5263.85247
-5260.83327
-5247.61951
-5252.15725
-5211.68638
-5221.49528
-5272.13970
-5250.37913
-5232.04568
-5216.28284
-5224.44509
-5237.04451
-5223.91620
-5209.38647
-5234.78291
-5270.31739
-5235.79394
-5248.16217
-5242.86134
-5256.59648
-5267.84588
-5255.81994
-5264.10289
-5277.45051
-5243.20233
-5210.77245
-5257.22348
-5265.32517
-5233.72533
-5226.69658
-5205.86120
-5247.28237
-5274.30670
-5228.04295
-5242.16956
-5274.43682
-5281.73446
-5266.01245
-5265.36485
-5252.95705
-5224.53372
-5253.42078
-5242.93026
-5303.71109
-5257.76530
-5257.87928
-5234.81626
-5287.03509
-5260.39202
-5268.86249
-5246.94684
-5270.34875
-5221.37055
-5251.47499
-5282.65364
-5273.67193
-5241.08713
-5262.02768
-5244.88575
-5243.12383
-5243.48001
-5250.51455
-5227.29286
-5250.93558
-5252.57286
-5241.18160
-5231.49577
-5252.16078
-5270.14741
-5253.16156
-5240.20019
-5252.59303
-5258.81372
-5259.92712
-5267.32219
-5242.14125
-5285.15554
-5248.62442
-5214.95513
-5252.87178
-5288.14071
-5256.66119
-5239.98656
-5283.50335
-5279.36434
-5285.36299
-5284.00408
-5241.55455
-5243.63521
-5263.33001
-5279.72223
-5257.32168
-5255.52777
-5278.92740
-5243.85022
-5287.58461
-5263.62603
-5249.63788
-5230.15605
-5225.06623
-5236.80788
-5241.03243
-5239.07943
-5265.65164
-5249.45205
-5255.78652
-5214.08852
-5231.92739
-5209.28117
-5253.11599
-5235.07610
-5278.75659
-5255.75710
-5248.34623
-5271.99020
-5285.23745
-5243.62122
-5285.21947
-5250.62815
-5233.53701
-5247.96041
-5251.94807
-5257.27814
-5248.59434
-5251.02426
-5272.32737
-5260.33543
-5254.70165
-5290.44268
-5231.97582
-5225.35680
-5271.46968
-5224.04965
-5221.12480
-5262.07551
-5257.17154
-5215.42729
-5244.46136
-5246.67296
-5242.13211
-5239.77779
-5251.86171
-5226.90709
-5238.91673
-5256.48964
-5247.09268
-5273.08410
-5280.74358
-5257.19227
-5255.47815
-5238.38967
-5255.09817
-5227.85498
-5237.82659
-5250.09339
-5269.09056
-5257.94320
-5285.03029
-5235.95974
-5275.97748
-5254.37545
-5206.52296
-5224.39451
-5262.56306
-5269.78552
-5248.27406
-5276.75527
-5246.51229
-5241.65380
-5247.15493
-5243.55679
-5290.37224
-5292.40542
-5248.67240
-5267.17634
-5223.99063
-5230.08275
-5225.08317
-5234.53003
-5223.11920
-5248.10640
-5242.99391
-5215.87025
-5269.89888
-5263.27775
-5263.39363
-5297.76467
-5251.85699
-5247.69055
-5288.37310
-5263.31188
-5239.04298
-5208.09524
-5240.77737
-5249.32065
-5250.64378
-5269.18013
-5249.52752
-5245.73104
-5251.46288
-5263.81303
-5253.28129
-5256.03992
-5215.21117
-5210.94551
-5205.38547
-5239.79855
-5260.63277
-5216.30001
-5233.88998
-5241.92239
-5243.38500
-5212.87768
-5222.22173
-5236.00467
-5234.45805
-5229.29321
-5243.19230
-5230.92540
-5227.04359
-5271.61356
-5254.46831
-5247.96508
-5241.83988
-5212.20589
-5262.76789
-5261.84210
-5276.16540
-5249.13603
-5288.47119
-5278.64795
