-5812.45967
-5807.48750
-5807.02001
-5829.10847
-5827.58530
-5819.18019
-5832.57482
-5856.69118
-5847.40974
-5859.20121
-5851.38331
-5844.04111
-5842.25659
-5842.44562
-5837.54569
-5862.22952
-5856.91277
-5857.82386
-5850.83984
-5845.53625
-5842.55482
-5857.21686
-5845.69512
-5831.74099
-5818.07037
-5823.60274
-5864.09854
-5864.60189
-5869.50523
-5851.38883
-5862.87511
-5861.36196
-5847.84639
-5828.64733
-5787.97450
-5812.42216
-5807.87752
-5792.47867
-5782.95259
-5788.01195
-5778.69838
-5817.60489
-5808.87580
-5808.97677
-5800.56667
-5790.22037
-5784.71393
-5781.66789
-5778.68449
-5771.74867
-5792.93958
-5798.93912
-5794.99422
-5815.08416
-5812.69619
-5813.11487
-5801.23903
-5820.48250
-5825.98520
-5838.97288
-5856.79260
-5866.64827
-5857.96884
-5864.97787
-5849.05546
-5845.18492
-5839.79602
-5836.69552
-5831.25976
-5842.93835
-5840.10741
-5806.05892
-5825.05336
-5839.23356
-5830.55924
-5834.72162
-5845.68727
-5811.96287
-5793.56759
-5795.65088
-5794.95742
-5780.01709
-5832.50953
-5802.06798
-5808.72604
-5827.76397
-5812.62103
-5807.98042
-5806.69223
-5815.49757
-5823.49517
-5839.77838
-5836.96606
-5827.19740
-5831.08421
-5845.89611
-5822.12625
-5810.12805
-5813.06639
-5810.45742
-5804.53142
-5796.82128
-5824.59728
-5798.31684
-5787.31736
-5789.93704
-5809.47843
-5808.81915
-5803.53287
-5818.58606
-5780.74562
-5783.92989
-5782.88362
-5774.57042
-5791.90725
-5787.61660
-5776.76260
-5797.34707
-5808.37252
-5803.72924
-5788.23875
-5790.97888
-5812.08573
-5829.94958
-5831.38406
-5807.32990
-5825.22081
-5795.32800
-5793.35514
-5788.66991
-5792.06514
-5788.93737
-5818.21771
-5804.07703
-5803.86282
-5798.98801
-5795.87736
-5817.92981
-5853.06406
-5842.36058
-5842.73879
-5819.56594
-5813.10212
-5783.06816
-5760.77186
-5771.38104
-5784.93686
-5787.83383
-5817.36585
-5808.95549
-5798.51339
-5816.92744
-5805.94894
-5827.12680
-5824.14087
-5827.12333
-5834.42197
-5833.65243
-5814.98837
-5818.23908
-5828.47232
-5867.70868
-5857.35088
-5843.26101
-5839.01318
-5853.59940
-5849.12201
-5826.74045
-5805.39071
-5779.33775
-5799.34157
-5786.99630
-5820.40689
-5797.74757
-5765.70627
-5775.56970
-5788.28445
-5785.40584
-5796.75354
-5806.56024
-5796.86970
-5803.90591
-5805.15247
-5800.24105
-5818.44329
-5840.85158
-5849.13793
-5844.33599
-5834.75983
-5839.01310
-5842.84012
-5850.36712
-5878.96943
-5852.17509
-5849.24266
-5830.75467
-5834.00749
-5840.49316
-5848.95086
-5836.05166
-5829.59467
-5855.71351
-5854.52289
-5828.03901
-5820.94844
-5839.24778
-5860.49040
-5868.74055
-5840.48778
-5845.24594
-5840.93210
-5846.70374
-5852.19492
-5852.23607
-5858.35259
-5863.10142
-5859.23747
-5865.92529
-5850.60058
-5850.35860
-5846.06368
-5824.23170
-5817.20202
-5818.63619
-5805.24638
-5835.78744
-5806.55784
-5804.23500
-5788.24659
-5810.95521
-5813.93434
-5830.79118
-5823.48189
-5830.84283
-5804.32955
-5817.03504
-5830.51238
-5842.49175
-5848.88665
-5841.68563
-5831.05880
-5812.71975
-5810.25076
-5799.53391
-5805.99109
-5803.97288
-5779.23951
-5786.28569
-5804.30156
-5802.73424
-5788.42330
-5799.24766
-5827.56341
-5844.52037
-5832.90013
-5822.26937
-5808.30149
-5812.03229
-5802.63221
-5804.79249
-5795.29190
-5802.94625
-5784.32890
-5786.43901
-5804.19036
-5800.36557
-5791.92685
-5797.17203
-5806.24535
-5811.55998
-5789.80554
-5806.01605
-5793.33792
-5807.56621
-5823.16556
-5831.56168
-5817.79539
-5841.68023
-5834.79705
-5849.30830
-5815.36464
-5822.41576
-5820.80296
-5840.59879
-5828.65118
-5829.16165
-5816.99751
-5812.63086
-5817.78012
-5808.85186
-5815.04438
-5825.75817
-5835.64028
-5820.30202
-5831.84633
-5833.77403
-5830.20509
-5849.51245
-5837.59334
-5835.07771
-5847.30063
-5819.25953
-5820.63412
-5820.31969
-5798.23761
-5806.84447
-5831.40734
-5812.24112
-5784.59294
-5804.42841
-5797.25919
-5789.25554
-5800.35488
-5792.81001
-5793.10981
-5795.17670
-5839.16720
-5838.76675
-5843.92786
-5821.40632
-5823.66176
-5817.14648
-5824.18858
-5804.40491
-5817.02670
-5822.30708
-5836.87105
-5821.31972
-5797.07405
-5816.71349
-5835.35165
-5820.44274
-5844.61158
-5824.34117
-5856.03357
-5840.95507
-5853.52501
-5844.37802
-5852.15713
-5860.36332
-5852.04969
-5863.53207
-5855.68324
-5853.51870
-5847.84959
-5830.84300
-5856.15535
-5845.35719
-5829.30639
-5810.23678
-5805.90659
-5803.44202
-5794.20357
-5809.22303
-5792.01818
-5783.74383
-5781.98620
-5788.89454
-5795.72607
-5826.48127
-5832.12465
-5831.17625
-5832.92542
-5833.35881
-5835.38738
-5841.66448
-5826.67690
-5825.18041
-5830.95709
-5808.21917
-5832.62217
-5832.36097
-5832.56256
-5836.65646
-5818.66208
-5822.40010
-5820.16145
-5831.34597
-5825.66855
-5837.65770
-5823.78535
-5836.89700
-5851.54531
-5823.01566
-5842.60430
-5833.52576
-5807.38693
-5822.84252
-5816.19017
-5816.71925
-5822.21165
-5805.81052
-5831.69618
-5839.10166
-5840.67247
-5817.16696
-5811.25671
-5810.58070
-5788.74458
-5761.60251
-5793.38141
-5823.19184
-5810.53963
-5824.23904
-5836.00551
-5819.39887
-5819.39800
-5797.75206
-5813.26396
-5840.91687
-5804.80308
-5820.99793
-5809.53040
-5833.17213
-5834.10710
-5852.02058
-5838.73523
-5876.37701
-5850.81813
-5840.85179
-5820.93840
-5830.38836
-5856.43991
-5850.16189
-5857.14585
-5828.98188
-5839.11880
-5834.60601
-5823.99860
-5816.09727
-5814.74087
-5806.61954
-5807.77816
-5848.49927
-5857.03119
-5859.12067
-5851.10820
-5840.03918
-5834.78318
-5847.65269
-5834.98894
-5843.47538
-5845.75479
-5840.64945
-5842.85503
-5826.49808
-5817.15407
-5849.07195
-5866.44217
-5908.99420
-5908.70089
-5904.68125
-5896.94451
-5900.09283
-5878.15358
-5891.29894
-5881.21705
-5855.46208
-5874.23823
-5860.96647
-5862.31699
-5846.32781
-5846.20373
-5863.20373
-5857.64520
-5843.65725
-5851.89805
-5825.92681
-5828.58644
-5842.34234
-5844.46932
-5842.00341
-5834.13258
-5830.28190
-5839.71953
-5830.97460
-5819.14954
-5793.15835
-5798.66097
-5807.63520
-5820.67592
-5815.26967
-5809.77421
-5819.12330
-5832.45116
-5835.29175
-5829.97178
-5839.88986
-5820.26230
-5821.12471
-5839.63020
-5835.85394
-5834.34401
-5832.30125
-5842.84846
-5813.61921
-5825.79678
-5842.39653
-5859.41333
-5838.30591
-5868.45919
-5844.09294
-5861.97122
-5827.53361
-5847.29819
-5860.85587
-5859.12512
-5843.48366
-5828.29954
-5840.52248
-5830.74045
-5812.20230
-5806.80480
-5807.87457
-5826.99862
-5808.32203
-5817.46448
-5835.63756
-5850.08247
-5869.33986
-5853.83707
-5848.21687
-5866.99379
-5857.18810
-5828.56424
-5838.47516
-5847.62283
-5825.41625
-5834.58998
-5839.72836
-5849.68100
-5817.02046
-5824.34834
-5809.54263
-5839.47987
-5823.30963
-5810.07817
-5815.50919
-5814.65629
-5820.63934
-5803.56719
-5830.41308
-5828.96618
-5852.38425
-5850.78969
-5868.54224
-5866.73294
-5843.37566
-5833.83596
-5827.84041
-5802.60918
-5815.95438
-5817.11405
-5824.06146
-5857.57350
-5861.96486
-5864.65683
-5852.32197
-5835.89997
-5856.88465
-5828.28513
-5821.05897
-5843.26528
-5837.49227
-5836.74406
-5840.83261
-5837.41755
-5852.67766
-5849.66507
-5842.91611
-5839.54209
-5814.36666
-5812.40199
-5840.61511
-5867.31951
-5837.72011
-5840.77665
-5827.55335
-5808.76556
-5809.41544
-5813.98655
-5814.19492
-5795.21441
-5795.83875
-5787.24795
-5829.46592
-5831.92619
-5830.66949
-5844.53435
-5844.81445
-5824.58802
-5829.71813
-5823.43749
-5799.19261
-5792.41815
-5799.11584
-5810.24113
-5805.56634
-5817.35552
-5802.77899
-5804.86807
-5799.32271
-5798.57018
-5801.97781
-5819.24703
-5810.95910
-5806.09985
-5796.89205
-5815.71767
-5825.12293
-5798.61841
-5801.31957
-5828.81168
-5824.00624
-5830.59874
-5844.99468
-5834.56691
-5856.48211
-5850.63653
-5837.80006
-5832.03817
-5811.48322
-5818.40304
-5805.16941
-5805.11898
-5815.80245
-5818.84282
-5842.41458
-5826.18106
-5817.00997
-5815.78016
-5801.70945
-5821.13912
-5815.04229
-5810.44858
-5829.40894
-5830.62321
-5811.87037
-5833.80115
-5805.83491
-5795.56214
-5794.14971
-5785.16938
-5820.16171
-5806.17118
-5826.17461
-5818.35726
-5823.44985
-5790.31155
-5798.76960
-5816.37242
-5793.49942
-5803.94534
-5813.55046
-5811.31501
-5800.57793
-5805.10354
-5813.40203
-5820.40799
-5825.02094
-5815.18364
-5828.36332
-5827.55726
-5822.30874
-5835.60350
-5831.18799
-5827.83782
-5805.09537
-5816.93403
-5809.92210
-5830.03685
-5805.34902
-5793.28011
-5822.34440
-5850.40434
-5845.08692
-5837.56702
-5841.33488
-5851.19648
-5859.59987
-5863.31119
-5878.40087
-5850.28326
-5844.75948
-5856.03996
-5858.20916
-5839.74238
-5853.83042
-5879.29866
-5889.25942
-5879.90300
-5884.18726
-5869.63824
-5863.38056
-5881.83680
-5871.08254
-5875.80275
-5874.19160
-5879.10657
-5861.48406
-5876.10409
-5864.91534
-5871.84407
-5868.20829
-5858.49174
-5878.00485
-5854.01091
-5867.60729
-5874.35201
-5868.65395
-5873.21261
-5851.99930
-5830.09517
-5836.06913
-5854.88044
-5836.30443
-5813.69110
-5810.57607
-5822.30591
-5849.99203
-5845.58988
-5841.98817
-5820.52375
-5835.26604
-5836.39182
-5833.56403
-5851.11188
-5845.99461
-5848.17085
-5842.21622
-5862.76947
-5858.82077
-5854.14789
-5854.48946
-5852.00433
-5845.61253
-5837.54918
-5865.14270
-5858.70501
-5850.71848
-5839.60363
-5856.10729
-5866.38054
-5872.69735
-5866.49487
-5847.18708
-5823.14719
-5814.26190
-5828.83433
-5802.77954
-5816.25092
-5826.16490
-5815.64807
-5809.90371
-5841.71983
-5835.39419
-5829.06775
-5830.46818
-5825.26865
-5826.53585
-5815.19164
-5772.39570
-5788.47575
-5806.50964
-5811.94012
-5812.11673
-5794.99882
-5823.12484
-5835.00837
-5824.30077
-5828.83852
-5809.60959
-5824.29489
-5817.87759
-5790.95520
-5802.51998
-5808.70758
-5803.17874
-5804.02694
-5817.97240
-5817.08652
-5813.57328
-5814.24607
-5805.88680
-5806.72478
-5831.44793
-5790.19181
-5791.57385
-5808.95820
-5809.92857
-5799.61428
-5784.93386
-5752.33776
-5782.18834
-5801.86751
-5798.95856
-5796.38735
-5805.36428
-5812.11263
-5821.62172
-5820.05657
-5806.56087
-5810.85546
-5801.47806
-5821.87977
-5841.76220
-5843.80181
-5844.50044
-5846.13209
-5843.84233
-5862.60549
-5884.84728
-5909.68207
-5912.64757
-5891.90805
-5884.34667
-5877.22683
-5891.34510
-5887.34195
-5879.24364
-5879.28400
-5875.28260
-5857.26248
-5874.62553
-5853.83172
-5855.83359
-5860.20802
-5833.19769
-5815.76485
-5796.77480
-5789.41425
-5824.73951
-5839.48592
-5825.66191
-5818.04416
-5806.08266
-5792.68900
-5818.30238
-5829.61194
-5835.31517
-5838.43264
-5827.50763
-5828.97398
-5816.87027
-5811.59629
-5833.46565
-5823.80562
-5820.62759
-5834.75513
-5838.02868
-5816.37999
-5812.15823
-5821.30506
-5813.92072
-5807.90952
-5821.81423
-5813.78575
-5806.02101
-5834.06782
-5837.27066
-5828.38001
-5824.40933
-5829.87119
-5820.52489
-5833.08853
-5846.32420
-5841.01131
-5843.71826
-5856.95301
-5839.14091
-5844.07508
-5856.09242
-5863.23879
-5848.25164
-5840.69733
-5848.78332
-5868.94362
-5876.73344
-5864.58119
-5847.68022
-5861.92442
-5848.78889
-5836.48296
-5843.84982
-5839.47447
-5831.75457
-5823.06001
-5811.73427
-5805.74443
-5816.28903
-5833.98427
-5835.49513
-5815.76409
-5792.32800
-5803.93860
-5799.77182
-5811.23627
-5798.63655
-5810.88406
-5785.47336
-5791.06336
-5819.65666
-5817.29550
-5797.63844
-5792.79938
-5792.52573
-5787.57874
-5772.73951
-5790.76001
-5822.19224
-5814.66719
-5814.33002
-5773.40544
-5781.32210
-5801.01918
-5802.22758
-5799.94026
-5803.01808
-5807.35235
-5806.29879
-5811.63224
-5818.51749
-5816.84859
-5810.17711
-5819.82742
-5846.27510
-5831.87483
-5862.08056
-5861.71894
-5851.19958
-5868.54950
-5873.45266
-5841.45545
-5858.38667
-5855.84313
-5849.41869
-5862.96959
-5860.18499
-5852.96898
-5820.76475
-5847.52004
-5845.68904
-5846.43555
-5845.80959
-5835.35493
-5812.63309
-5810.67450
-5785.30854
-5827.32866
-5805.29535
-5818.90015
-5821.04238
-5817.58481
-5821.96748
-5836.72328
-5826.14660
-5823.23494
-5820.48221
-5818.17283
-5842.31010
-5794.56577
-5820.87681
-5805.86613
-5785.22230
-5804.01722
-5845.93832
-5833.35475
-5822.35517
-5827.90405
-5833.57983
-5815.44152
-5813.59341
-5818.82139
-5812.92950
-5818.67948
-5789.88306
-5806.59377
-5802.41519
-5821.26807
-5818.97919
-5794.36363
-5825.76272
-5821.75431
-5829.95160
-5836.29165
-5849.90207
-5846.59682
-5840.83773
-5848.42417
-5839.24846
-5869.62872
-5860.14329
-5876.62814
-5893.32373
-5881.00878
-5887.28769
-5869.84691
-5843.47705
-5879.55035
-5876.55845
-5874.20877
-5857.77094
-5849.22186
-5844.76458
-5863.24376
-5844.08181
-5853.06812
-5863.68107
-5854.09599
-5877.59751
-5864.43088
-5886.85600
-5870.17210
-5869.11073
-5859.81666
-5823.43855
-5855.89192
-5845.10975
-5849.54963
-5818.41151
-5806.13095
-5789.45017
-5788.44857
-5800.54977
-5812.77353
-5815.80059
-5837.61545
-5836.05432
-5832.93202
-5839.29042
-5867.21261
-5855.89244
-5857.62571
-5825.43956
-5820.55671
-5813.13558
-5815.73347
-5802.20671
-5810.43425
-5807.14312
-5804.95559
-5847.86084
-5844.12515
-5834.88554
-5806.52543
-5809.78543
-5840.37695
-5823.90614
-5833.98004
-5836.28623
-5844.89908
-5850.25080
-5842.73006
-5829.06267
-5803.78968
-5811.07551
-5810.75196
-5803.98199
-5791.09974
-5804.70896
-5830.40685
-5846.70525
-5837.64607
-5841.44261
-5823.07295
-5828.59423
-5852.49229
-5854.34045
-5847.77293
-5852.68754
-5845.49002
-5865.04609
-5872.13558
-5867.94272
-5862.63515
-5846.63805
-5831.02618
-5824.04220
-5827.70697
-5822.54793
-5804.04007
-5811.18288
-5817.09977
-5815.74038
-5818.44482
-5833.80017
-5821.79156
-5819.64916
-5815.22067
-5808.44493
-5810.35452
-5800.15544
-5806.74819
-5818.00014
-5831.57183
-5837.22053
-5855.70190
-5841.86480
-5843.88286
-5829.18236
-5840.11761
-5828.10843
-5840.02626
-5866.64952
-5865.14708
-5868.78529
-5864.92180
-5866.53661
-5869.79140
-5842.12142
-5829.29398
-5804.67661
-5800.89708
-5826.10173
-5813.82361
-5812.07925
-5841.37129
-5831.42778
-5846.83207
-5865.45385
-5882.92679
-5872.06605
-5841.57333
-5835.00345
-5837.93301
-5823.62406
-5830.37287
-5845.11287
-5838.96731
-5833.21443
-5831.80790
-5846.64802
-5844.27917
-5860.29322
-5850.45143
-5858.36996
-5857.66603
-5863.02127
-5834.34207
-5825.65535
-5821.84139
-5835.77567
-5845.46511
-5833.74645
-5821.63871
-5809.89807
-5830.67312
-5859.08283
-5867.99325
-5848.18061
-5829.92037
-5813.40406
-5819.43224
-5814.56643
-5836.17262
-5854.46585
-5838.00683
-5846.84246
-5860.36617
-5853.52080
-5852.60114
-5831.44070
-5844.25255
-5835.01189
-5825.46185
-5822.19569
-5822.66229
-5815.23304
-5836.53824
-5825.37375
-5824.03289
-5836.20672
-5854.42547
-5857.57112
-5839.50377
-5855.01369
-5851.43809
-5836.84827
-5838.50562
-5852.12637
-5843.09081
-5864.45807
-5848.96388
-5854.97015
-5835.77362
-5836.10367
-5850.54234
-5838.97834
-5853.14104
-5839.97299
-5848.02890
-5843.20318
-5864.38700
-5859.33134
-5849.73374
-5884.10611
-5888.43277
-5876.08779
-5872.09663
-5873.82949
-5878.43423
-5849.50240
-5859.95801
-5864.85682
-5854.50099
-5873.31859
-5870.94547
-5830.97559
-5828.68636
-5805.42496
-5834.14993
-5822.72052
-5810.10951
-5807.61937
-5818.96516
-5825.34191
-5816.42078
-5800.09831
-5785.55134
-5806.61483
-5823.53690
-5793.76900
-5798.00529
-5815.46640
-5821.29429
-5806.07829
-5818.20468
-5834.66732
-5858.70341
-5853.02430
-5834.78829
-5806.32942
-5804.29390
-5824.30424
-5815.66755
-5799.84833
-5822.26393
-5824.14182
-5812.86649
-5794.87402
-5811.39359
-5828.71442
-5831.62112
-5838.60462
-5831.63580
-5814.09771
-5819.86611
-5811.34318
-5808.44229
-5828.04835
-5811.74960
-5806.64261
-5822.69341
-5825.23556
-5821.98973
-5815.91051
-5802.77873
-5800.74040
-5797.11240
-5828.55347
-5833.21319
-5833.47382
-5838.67737
-5809.22057
-5839.45600
-5836.35405
-5825.47983
-5804.61710
-5829.95738
-5834.59875
-5843.22753
-5849.56196
-5851.10580
-5830.77230
-5828.84099
-5828.64745
-5834.77196
-5822.55470
-5815.31157
-5833.72883
-5848.35412
-5844.55923
-5885.08914
-5857.86450
-5842.74967
-5837.69580
-5831.92864
-5800.58269
-5813.82879
-5826.92948
-5826.82712
-5824.60802
-5824.25061
-5818.96558
-5826.91342
-5820.58567
-5834.97995
-5818.14236
-5820.91819
-5821.39148
-5830.72746
-5823.84602
-5832.69493
-5828.23865
-5837.28908
-5824.41085
-5842.31429
-5811.76699
-5815.11359
-5836.37391
-5822.40161
-5784.42774
-5792.77919
-5809.84294
-5819.41558
-5821.21654
-5841.91978
-5833.61922
-5829.70665
-5790.64417
-5818.92202
-5824.33382
-5815.19259
-5807.07651
-5816.79035
-5836.71822
-5860.90423
-5840.94623
-5839.40973
-5865.33417
-5822.02229
-5820.52769
-5838.01524
-5825.90659
-5851.51681
-5837.65958
-5835.71383
-5852.08119
-5860.67568
-5840.40761
-5832.95393
-5818.58023
-5822.90601
-5817.00100
-5812.31687
-5803.14938
-5813.26248
-5815.11548
-5819.61927
-5806.49700
-5796.34731
-5790.56104
-5788.03850
-5764.49652
-5774.00892
-5781.11508
-5791.62720
-5775.24283
-5804.34908
-5807.26389
-5805.44280
-5796.40464
-5814.84348
-5812.46059
-5816.83511
-5813.30348
-5800.91034
-5797.46190
-5803.87400
-5801.83540
-5828.05502
-5794.96502
-5798.07362
-5796.62327
-5803.11405
-5821.36407
-5846.26630
-5829.39743
-5806.06327
-5810.95424
-5812.84323
-5797.20930
-5818.40882
-5831.97991
-5847.44949
-5844.94824
-5856.02990
-5840.51583
-5816.83682
-5818.54371
-5832.95138
-5820.72649
-5846.04898
-5825.70716
-5794.43468
-5795.30186
-5792.40471
-5760.66603
-5787.30049
-5784.60427
-5774.89859
-5812.69266
-5817.85293
-5837.63600
-5844.56404
-5847.87834
-5843.46783
-5862.05599
-5861.80513
-5849.88107
-5860.48791
-5866.84968
-5872.34552
-5882.29272
-5875.61108
-5853.19259
-5862.87208
-5826.97310
-5835.28355
-5841.41347
-5838.51634
-5842.71464
-5870.64392
-5852.60562
-5840.63920
-5841.18043
-5834.27736
-5841.99331
-5832.69541
-5828.11729
-5809.60693
-5813.59253
-5839.53208
-5848.41261
-5846.03816
-5859.19240
-5858.64745
-5866.26561
-5870.04018
-5853.11567
-5841.11601
-5844.16468
-5840.58295
-5847.72027
-5832.13069
-5809.18554
-5805.48891
-5801.26736
-5795.28053
-5793.64226
-5808.20269
-5803.77713
-5801.03711
-5816.60199
-5793.68993
-5800.56477
-5825.77937
-5831.63630
-5816.27366
-5808.21876
-5814.42273
-5840.05039
-5813.27407
-5800.40972
-5788.97788
-5790.77712
-5827.65899
-5831.62422
-5833.51362
-5814.64117
-5832.08385
-5837.08754
-5860.06268
-5872.34457
-5879.89327
-5850.91102
-5836.03518
-5803.25086
-5810.61065
-5843.77805
-5839.58666
-5848.29029
-5848.99792
-5843.55697
-5836.36596
-5833.76360
-5809.13409
-5834.41933
-5841.17823
-5854.68144
-5837.89730
-5832.42906
-5828.33945
-5842.01526
-5833.88581
-5861.88296
-5851.67010
-5826.59946
-5850.63887
-5849.57907
-5861.21985
-5849.67384
-5836.43808
-5847.32668
-5824.63641
-5831.14644
-5840.27525
-5822.83423
-5818.28143
-5825.35081
-5851.02456
-5844.29476
-5842.94209
-5848.37216
-5843.39145
-5822.34883
-5846.02843
-5845.88159
-5854.51037
-5836.24642
-5819.76868
-5817.51911
-5809.91372
-5806.55606
-5793.23119
-5824.98243
-5820.54611
-5809.41315
-5816.67276
-5814.01131
-5833.33831
-5851.88645
-5851.35842
-5849.45719
-5859.14353
-5845.26213
-5851.68011
-5826.79375
-5821.40646
-5827.01386
-5834.95635
-5854.02785
-5854.13775
-5852.47544
-5864.72423
-5858.76945
-5833.60818
-5812.20294
-5813.19766
-5792.30839
-5791.56523
-5792.27304
-5780.57049
-5780.60566
-5802.50143
-5795.67212
-5826.81874
-5828.38541
-5811.02356
-5812.75689
-5822.81902
-5833.10887
-5808.76762
-5819.93528
-5819.95618
-5831.14005
-5816.98661
-5809.15925
-5807.55427
-5831.14986
-5824.34049
-5799.38070
-5798.15959
-5805.43088
-5795.14467
-5814.09482
-5815.47425
-5801.40699
-5839.65614
-5825.49664
-5841.08120
-5847.59389
-5814.53846
-5800.91361
-5810.37255
-5812.05565
-5830.53152
-5845.68413
-5858.48987
-5842.18726
-5852.68187
-5857.29523
-5841.53102
-5834.37462
-5840.88827
-5834.23323
-5838.84284
-5825.65566
-5830.79225
-5827.01238
-5831.41772
-5819.36964
-5825.14797
-5829.82397
-5827.73010
-5815.32696
-5812.16880
-5789.14827
-5835.65413
-5825.84849
-5805.91867
-5809.51482
-5798.40354
-5806.30349
-5805.28317
-5825.36796
-5830.99770
-5843.75869
-5815.62882
-5808.17610
-5850.88482
-5882.21435
-5887.69655
-5842.60942
-5833.00917
-5818.82339
-5822.13038
-5816.82566
-5817.37016
-5815.30025
-5822.17185
-5825.76585
-5824.50080
-5847.35940
-5861.72437
-5882.39043
-5873.08770
-5864.85174
-5875.54830
-5859.94998
-5849.69845
-5823.64663
-5822.33843
-5851.31233
-5842.96279
-5852.63605
-5867.45770
-5847.37129
-5859.24403
-5871.59261
-5848.45351
-5854.12963
-5873.62051
-5859.32451
-5865.58086
-5848.94252
-5849.16346
-5847.55575
-5827.04139
-5830.10881
-5832.80811
-5826.76953
-5823.78061
-5827.79592
-5846.21512
-5836.49241
-5817.26945
-5822.24853
-5848.45811
-5857.07424
-5876.84989
-5853.14296
-5851.02371
-5864.16653
-5857.14782
-5858.06902
-5836.52546
-5838.59876
-5850.64677
-5837.43076
-5842.19512
-5848.03489
-5823.16324
-5807.61141
-5797.92167
-5808.82928
-5815.39319
-5840.36180
-5813.31091
-5806.76071
-5826.68905
-5848.85128
-5812.54550
-5826.86360
-5828.11883
-5838.77699
-5836.82855
-5841.32379
-5825.16731
-5822.58006
-5839.31850
-5839.85396
-5843.74464
-5840.50744
-5847.24395
-5834.87651
-5839.15585
-5824.81287
-5819.02099
-5830.08672
-5834.49800
-5833.92896
-5829.59861
-5831.71931
-5834.42816
-5830.26146
-5829.78783
-5826.13571
-5867.06317
-5835.14228
-5842.45376
-5830.04920
-5822.40050
-5797.67648
-5800.41945
-5816.77544
-5811.49564
-5826.53265
-5818.00943
-5812.21125
-5813.07493
-5774.02376
-5775.34057
-5785.57486
-5778.33319
-5774.03102
-5782.53550
-5772.29249
-5791.01672
-5832.57332
-5783.92252
-5789.71885
-5782.79661
-5794.51569
-5798.97409
-5811.98292
-5797.22459
-5825.77177
-5839.07295
-5852.37131
-5798.22329
-5832.81268
-5825.12188
-5795.32636
-5822.63859
-5811.24334
-5799.59871
-5770.10779
-5768.86480
-5810.42065
-5825.82409
-5824.51154
-5827.82521
-5866.61550
-5842.89644
-5851.54652
-5844.80310
-5830.35893
-5829.16028
-5832.16763
-5799.33202
-5802.42897
-5799.42822
-5814.49289
-5803.65261
-5817.66374
-5798.99218
-5799.85487
-5793.88257
-5790.17248
-5779.98246
-5781.25783
-5812.04900
-5811.36312
-5812.85381
-5787.38954
-5798.59194
-5809.41564
-5784.59827
-5815.55262
-5822.42306
-5798.79532
-5790.71557
-5808.78016
-5816.14877
-5792.71498
-5777.81645
-5778.22034
-5786.10231
-5787.54936
-5789.32028
-5792.83150
-5813.73963
-5832.51091
-5810.83059
-5789.02486
-5794.48757
-5800.14647
-5774.69910
-5784.66145
-5778.18011
-5792.55589
-5810.29880
-5802.40076
-5807.83689
-5797.32335
-5776.33892
-5785.72033
-5792.64060
-5805.79223
-5812.88998
-5821.09728
-5833.96901
-5847.09900
-5833.24790
-5809.21062
-5828.03723
-5832.29454
-5812.65805
-5822.15017
-5834.50520
-5826.92288
-5825.36931
-5830.97426
-5824.39563
-5811.66435
-5809.24316
-5819.88688
-5825.94381
-5846.48171
-5847.98070
-5848.91315
-5850.50571
-5874.34857
-5864.87137
-5831.86860
-5820.66150
-5816.58697
-5807.62230
-5829.97334
-5807.13201
-5799.05434
-5796.31712
-5796.45230
-5777.72087
-5788.10901
-5800.94773
-5766.65881
-5787.24573
-5789.89881
-5799.13248
-5799.10487
-5809.63742
-5812.06222
-5793.36535
-5811.77269
-5799.86932
-5783.46254
-5802.01848
-5789.35541
-5795.24853
-5799.81844
-5825.14832
-5824.24227
-5810.09021
-5808.58363
-5802.66042
-5802.85950
-5803.79513
-5819.43951
-5789.52069
-5776.22382
-5789.78213
-5778.98847
-5768.18108
-5772.17602
-5784.14818
-5769.36754
-5767.98312
-5760.90070
-5781.61505
-5772.00882
-5770.85358
-5783.54540
-5793.09614
-5820.36501
-5827.24916
-5814.15780
-5829.93618
-5831.55711
-5834.31183
-5843.25333
-5823.59787
-5803.22140
-5791.71905
-5791.81026
-5794.81483
-5784.84552
-5782.92798
-5801.10853
-5793.27488
-5785.06902
-5793.59306
-5799.28880
-5797.38951
-5810.60800
-5808.67700
-5821.62032
-5837.65529
-5805.51735
-5823.52328
-5808.83209
-5803.56876
-5803.53838
-5790.72864
-5776.59075
-5743.39369
-5749.10563
-5770.33703
-5808.60100
-5828.00571
-5810.80845
-5812.15905
-5836.10997
-5857.40538
-5843.74140
-5852.74391
-5840.49960
-5824.48633
-5832.42535
-5843.11192
-5808.56230
-5837.92800
-5847.55390
-5833.72902
-5854.38890
-5870.01706
-5844.65662
-5814.96472
-5791.75232
-5793.16350
-5791.45688
-5798.36198
-5806.45466
-5792.64718
-5813.81500
-5815.84156
-5830.50843
-5857.59528
-5853.31096
-5844.27329
-5835.96556
-5843.40092
-5824.36999
-5831.53755
-5819.09964
-5798.40508
-5797.40707
-5792.36085
-5803.33232
-5791.22284
-5791.21577
-5783.65891
-5792.15443
-5829.87613
-5825.43025
-5827.28678
-5831.36493
-5860.97250
-5878.29409
-5852.45116
-5861.17377
-5870.14570
-5852.54952
-5839.64947
-5833.86773
-5845.75437
-5831.34798
-5811.01079
-5829.66823
-5839.75723
-5798.51441
-5794.99311
-5803.41562
-5808.22948
-5795.76765
-5786.59313
-5797.43660
-5795.36980
-5821.11557
-5823.79494
-5831.40836
-5814.75086
-5834.75115
-5838.55381
-5837.17327
-5803.30170
-5811.19560
-5812.32297
-5820.00935
-5835.88799
-5838.79045
-5844.91992
-5817.62878
-5816.73797
-5838.13263
-5841.95023
-5833.03655
-5832.59172
-5846.80602
-5838.32887
-5818.57922
-5835.74556
-5829.96146
-5816.55844
-5818.69165
-5795.08048
-5780.68552
-5776.58741
-5793.79141
-5793.57662
-5798.92812
-5779.15777
-5817.12731
-5832.77189
-5850.67588
-5864.09848
-5874.82014
-5859.51315
-5845.42721
-5853.58891
-5857.12258
-5819.66103
-5832.22936
-5846.95441
-5839.94075
-5823.61808
-5820.90685
-5835.76855
-5824.00972
-5821.70694
-5831.63428
-5824.32104
-5824.84693
-5836.51300
-5837.21073
-5855.20253
-5827.34474
-5800.47326
-5796.72192
-5800.12439
-5825.13160
-5836.58878
-5822.99308
-5813.08397
-5825.10605
-5820.83584
-5838.89717
-5817.53381
-5801.54785
-5792.94764
-5809.83685
-5801.46233
-5793.58611
-5783.90304
-5790.22434
-5825.58290
-5843.14759
-5855.87751
-5870.87089
-5865.26597
-5852.33539
-5877.96097
-5852.88952
-5845.03337
-5847.22042
-5864.43848
-5851.12182
-5841.60646
-5839.68407
-5845.08508
-5847.61195
-5857.56860
-5860.09286
-5848.08489
-5828.38421
-5818.33331
-5812.07790
-5838.02138
-5843.15333
-5830.32590
-5825.17516
-5802.72081
-5788.93111
-5823.58768
-5854.40576
-5848.69665
-5874.42641
-5854.09221
-5859.34983
-5843.95010
-5853.52890
-5838.63081
-5819.38056
-5814.38552
-5801.32069
-5848.82044
-5846.08837
-5853.72318
-5837.32697
-5847.04686
-5828.03761
-5823.68557
-5835.33275
-5844.00288
-5840.25006
-5872.12560
-5885.55006
-5849.42619
-5850.82958
-5846.12548
-5862.59209
-5839.20886
-5841.01171
-5820.18256
-5840.52610
-5823.70896
-5837.31254
-5833.13416
-5837.17857
-5850.31035
-5843.68497
-5838.94497
-5833.02222
-5817.92937
-5831.06648
-5845.30170
-5873.05489
-5866.88270
-5848.83308
-5853.15771
-5856.75158
-5876.31697
-5846.33141
-5841.79095
-5834.12102
-5848.61538
-5870.47220
-5831.83609
-5836.96754
-5827.32785
-5828.69397
-5833.70490
-5842.15829
-5848.87949
-5860.56951
-5872.83598
-5866.36897
-5865.73208
-5827.55383
-5782.07439
-5795.38930
-5833.59238
-5827.44885
-5829.46401
-5806.14327
-5807.12082
-5817.30435
-5807.29068
-5824.55256
-5806.42027
-5805.67150
-5812.62299
-5801.78945
-5798.03272
-5799.55162
-5792.72731
-5827.02797
-5804.77214
-5797.51395
-5806.90110
-5778.02084
-5804.90419
-5800.05046
-5784.32275
-5788.65859
-5762.16564
-5786.92158
-5798.27174
-5811.67950
-5808.44864
-5767.90461
-5807.04166
-5810.56009
-5798.21450
-5813.60306
-5797.32287
-5794.81594
-5787.93494
-5787.15493
-5805.53506
-5806.56656
-5802.38359
-5797.17436
-5789.99915
-5809.91674
-5823.91826
-5786.69783
-5789.74413
-5792.16727
-5800.57469
-5794.28167
-5806.58782
-5801.43758
-5821.12711
-5826.32165
-5833.94522
-5834.06654
-5801.38324
-5791.84030
-5794.10316
-5803.36034
-5810.82271
-5802.27699
-5816.86561
-5834.15193
-5820.40860
-5830.04783
-5844.90304
-5844.55641
-5850.85425
-5851.54666
-5851.47402
-5855.36857
-5869.38005
-5852.96421
-5843.87481
-5833.00236
-5829.90079
-5842.70597
-5843.95742
-5842.56060
-5820.91502
-5835.11065
-5869.37841
-5821.42808
-5834.31720
-5861.05746
-5841.80032
-5855.70575
-5891.82122
-5876.23332
-5887.83623
-5902.01611
-5872.73186
-5886.33446
-5867.87701
-5863.06457
-5861.32597
-5852.45100
-5838.66582
-5814.96504
-5822.72197
-5819.60810
-5830.84615
-5821.51121
-5821.92199
-5816.00636
-5794.78437
-5811.24449
-5820.13013
-5823.85942
-5830.16526
-5828.27137
-5800.41467
-5848.14714
-5827.84516
-5832.31312
-5817.34459
-5798.95145
-5813.58225
-5833.73673
-5824.86502
-5840.53159
-5832.88351
-5837.76635
-5821.33466
-5820.62456
-5830.39986
-5819.50245
-5803.30321
-5809.46001
-5822.34767
-5825.56172
-5837.72399
-5856.23790
-5835.77115
-5833.43667
-5845.51401
-5816.65700
-5802.63776
-5800.23801
-5821.26316
-5827.36552
-5836.30213
-5831.01598
-5819.01274
-5812.82277
-5795.97259
-5820.58325
-5796.39997
-5803.88218
-5784.73519
-5791.98098
-5815.83775
-5816.10943
-5815.99634
-5815.75193
-5805.13640
-5818.19117
-5828.54929
-5828.71152
-5822.65869
-5839.97093
-5848.92891
-5837.27215
-5821.77957
-5845.14652
-5850.80696
-5844.79874
-5877.14494
-5882.08919
-5890.65673
-5890.86202
-5891.68471
-5868.13365
-5863.57903
-5838.39504
-5836.45816
-5839.63784
-5839.96988
-5846.08588
-5840.08726
-5830.74362
-5849.83173
-5853.85579
-5847.68563
-5853.35470
-5861.86512
-5844.11682
-5845.30285
-5837.50361
-5835.90400
-5822.10486
-5835.49378
-5822.58193
-5827.68491
-5811.69287
-5801.37480
-5813.15248
-5820.53058
-5817.02485
-5811.85787
-5815.09854
-5828.60843
-5843.37254
-5817.25506
-5818.83642
-5824.77221
-5814.32071
-5803.58230
-5814.07445
-5814.30597
-5801.68361
-5822.94339
-5814.99898
-5812.94450
-5809.77864
-5807.05896
-5798.90505
-5797.28182
-5807.68018
-5791.75106
-5798.57301
-5801.74607
-5803.58833
-5785.21792
-5808.29845
-5811.04431
-5819.82691
-5822.53440
-5821.73704
-5810.96349
-5838.78783
-5812.81098
-5835.55921
-5847.99105
-5825.29443
-5824.02875
-5838.73750
-5819.49554
-5808.85013
-5801.06460
-5822.10764
-5819.55456
-5834.36874
-5832.02392
-5848.07963
-5853.06904
-5854.13514
-5826.34194
-5823.56429
-5840.15527
-5831.11095
-5831.89927
-5819.18848
-5817.97194
-5842.68307
-5851.78081
-5874.42154
-5859.71256
-5840.97264
-5813.66407
-5827.15706
-5808.19464
-5840.28556
-5833.32000
-5849.28994
-5816.95359
-5807.64531
-5812.34006
-5846.39493
-5852.13674
-5839.78125
-5856.01464
-5851.60435
-5833.61559
-5846.87180
-5848.51063
-5846.88623
-5831.29889
-5842.17600
-5848.54063
-5853.63587
-5851.72800
-5838.34098
-5811.45350
-5827.32964
-5788.16373
-5814.40630
-5802.22790
-5811.56155
-5794.69687
-5786.34754
-5782.83763
-5776.83656
-5788.69802
-5805.22054
-5796.25841
-5830.25873
-5820.36145
-5830.01638
-5807.96160
-5812.02534
-5819.38264
-5822.03756
-5827.36541
-5814.91834
-5810.37105
-5801.86582
-5805.82877
-5801.55287
-5806.71287
-5790.11110
-5800.41738
-5807.47877
-5803.43497
-5826.46154
-5805.04427
-5813.14226
-5819.53688
-5828.48289
-5823.65274
-5828.68643
-5832.22035
-5834.94717
-5824.05167
-5797.05058
-5810.00375
-5793.24906
-5797.42387
-5826.05276
-5850.15472
-5826.50473
-5829.01001
-5824.28724
-5820.06069
-5827.81535
-5806.63507
-5810.48930
-5825.03769
-5828.52615
-5817.93678
-5797.36172
-5807.53938
-5797.84954
-5794.56414
-5781.14689
-5786.39827
-5796.73369
-5779.09014
-5793.81222
-5807.57557
-5810.10681
-5801.25817
-5802.72182
-5796.04086
-5802.44244
-5814.27317
-5815.42801
-5820.35046
-5840.43596
-5833.47952
-5804.09074
-5799.62368
-5790.29209
-5780.44325
-5777.36443
-5793.54700
-5784.90485
-5794.13319
-5803.87496
-5828.53914
-5832.26953
-5824.61458
-5838.02199
-5842.97221
-5843.87768
-5845.91026
-5837.53700
-5862.05793
-5860.48060
-5820.09836
-5828.16165
-5824.30556
-5851.13462
-5850.81419
-5853.84036
-5876.58749
-5860.33970
-5862.12550
-5851.21379
-5837.63670
-5837.65585
-5836.82296
-5860.03394
-5827.28567
-5825.63687
-5842.27307
-5829.72837
-5826.79126
-5821.12522
-5830.31045
-5828.42766
-5853.26121
-5850.05998
-5841.46385
-5843.40191
-5832.74097
-5827.81464
-5814.27085
-5806.49170
-5822.59043
-5832.38583
-5814.88475
-5831.15732
-5836.97334
-5839.88517
-5841.62792
-5838.59606
-5867.92818
-5836.85862
-5827.54435
-5822.58510
-5798.87834
-5801.65450
-5822.77525
-5845.96265
-5849.96805
-5846.51735
-5828.52620
-5818.15314
-5800.86423
-5810.44681
-5817.75859
-5826.88894
-5826.21116
-5821.35455
-5817.28395
-5817.52331
-5841.10620
-5844.25810
-5836.02990
-5856.94573
-5847.76504
-5863.41548
-5908.58830
-5899.46254
-5888.42501
-5862.54276
-5856.71523
-5860.65109
-5855.90048
-5870.34500
-5846.02998
-5831.02646
-5843.47057
-5859.36340
-5853.97961
-5856.27272
-5830.41826
-5825.92958
-5844.66608
-5819.84866
-5791.20915
-5828.05277
-5820.20028
-5823.37865
-5811.10773
-5807.06786
-5813.12232
-5801.73139
-5795.58667
-5791.85032
-5791.89525
-5832.64187
-5826.32055
-5812.48300
-5785.23160
-5789.26623
-5785.59200
-5798.00487
-5786.97249
-5790.96441
-5802.32505
-5802.91806
-5803.46439
-5784.08082
-5783.68016
-5782.32454
-5800.33590
-5797.78712
-5817.04835
-5843.50991
-5847.90672
-5837.95491
-5838.08376
-5851.16890
-5850.89323
-5833.39183
-5825.90036
-5816.60478
-5830.64618
-5804.47236
-5801.74576
-5810.15571
-5806.59031
-5777.60248
-5800.63246
-5811.28865
-5815.44319
-5827.78743
-5825.40599
-5813.52733
-5819.11564
-5838.31266
-5858.70433
-5855.07325
-5864.65044
-5862.78328
-5866.00295
-5854.34379
-5852.92004
-5877.06651
-5865.84251
-5842.68104
-5850.09857
-5868.80259
-5876.43554
-5867.61120
-5859.90736
-5873.40978
-5850.74514
-5829.13203
-5823.54472
-5843.79477
-5850.88425
-5842.37144
-5837.77818
-5842.95734
-5860.17494
-5845.34869
-5841.07377
-5819.98964
-5832.87086
-5843.90755
-5831.77017
-5845.61473
-5846.07546
-5829.28824
-5817.50976
-5809.48035
-5833.15228
-5832.97263
-5828.36591
-5819.89893
-5800.53551
-5776.71946
-5759.21313
-5783.94736
-5801.30290
-5803.86777
-5808.25519
-5799.19542
-5811.49272
-5815.60603
-5836.36158
-5836.73599
-5846.21625
-5850.37393
-5822.63035
-5837.66758
-5820.88207
-5822.29199
-5823.52435
-5805.08911
-5803.14959
-5815.45707
-5802.13385
-5805.56880
-5804.12254
-5803.18811
-5786.90375
-5813.79405
-5819.15644
-5840.47062
-5831.06907
-5828.11287
-5806.04934
-5781.32478
-5799.33214
-5783.34946
-5799.85217
-5814.37770
-5791.01031
-5821.91728
-5826.70103
-5837.46053
-5826.74592
-5842.19642
-5831.79795
-5843.81656
-5837.16668
-5819.98177
-5800.58101
-5798.19416
-5817.82757
-5829.43775
-5813.91774
-5831.57836
-5812.34333
-5792.42990
-5807.64579
-5809.79769
-5809.08682
-5820.93782
-5825.34974
-5813.89087
-5822.20665
-5800.37284
-5788.19909
-5791.72637
-5824.72608
-5823.00469
-5853.79020
-5834.37597
-5820.91783
-5826.64848
-5806.34609
-5806.71308
-5810.15120
-5820.82345
-5799.47768
-5806.60844
-5806.11452
-5814.99127
-5845.05777
-5833.72142
-5840.77792
-5811.36541
-5783.16736
-5828.45068
-5817.71933
-5801.74087
-5785.68308
-5774.90628
-5778.64286
-5789.82803
-5800.71161
-5813.72315
-5802.62872
-5806.23487
-5819.72179
-5792.55561
-5815.06502
-5825.27722
-5796.06227
-5794.10958
-5817.72295
-5820.36913
-5795.04879
-5802.97026
-5797.25477
-5801.64097
-5817.57789
-5830.78109
-5837.88076
-5852.38306
-5860.84341
-5855.55088
-5870.91783
-5859.01848
-5842.75270
-5843.49535
-5847.90747
-5843.44540
-5847.44918
-5849.08665
-5826.41436
-5817.98544
-5841.68286
-5823.38320
-5815.08671
-5817.07984
-5809.56225
-5822.14573
-5837.48363
-5832.33071
-5818.83321
-5832.03325
-5811.23767
-5808.46323
-5797.42389
-5777.28518
-5796.19371
-5785.73903
-5810.51855
-5813.07372
-5828.31318
-5826.51454
-5819.88648
-5831.81451
-5818.22244
-5807.46346
-5807.04921
-5786.39324
-5791.94821
-5803.26252
-5812.47367
-5809.14502
-5794.16461
-5803.18770
-5781.19518
-5790.68749
-5797.21591
-5797.19023
-5791.02208
-5791.65198
-5775.46540
-5775.40053
-5771.77966
-5792.60162
-5808.02801
-5807.41976
-5801.64652
-5814.67184
-5829.08425
-5818.46179
-5813.24280
-5787.56508
-5780.52273
-5791.59166
-5815.01253
-5817.14928
-5790.08344
-5760.00038
-5783.74102
-5815.07019
-5826.38338
-5824.61207
-5803.85021
-5814.28443
-5810.91386
-5823.63587
-5803.03129
-5812.64378
-5805.51921
-5805.89487
-5833.01358
-5845.12094
-5839.47541
-5824.72335
-5808.12127
-5821.36642
-5829.26506
-5848.31587
-5846.42841
-5866.63075
-5877.51909
-5893.03624
-5857.25371
-5854.56620
-5834.74698
-5806.80862
-5816.58448
-5815.77219
-5823.08120
-5823.42670
-5843.96319
-5792.80165
-5789.29401
-5787.16267
-5789.36120
-5808.78792
-5815.92968
-5816.77748
-5803.50698
-5785.79772
-5777.09457
-5785.53775
-5815.71769
-5809.47301
-5821.85168
-5813.45819
-5813.58627
-5811.38400
-5825.93462
-5806.73633
-5823.14141
-5815.36357
-5812.26147
-5810.22842
-5800.40672
-5809.96696
-5822.96960
-5805.43535
-5812.69592
-5833.06063
-5823.86308
-5803.73008
-5804.46333
-5805.63276
-5820.70041
-5846.52355
-5865.28476
-5862.92386
-5850.43177
-5846.39527
-5846.07166
-5830.73422
-5821.91377
-5833.37727
-5810.24085
-5812.14015
-5811.82053
-5856.32000
-5857.33845
-5842.55328
-5822.76172
-5848.92506
-5816.14112
-5795.40278
-5801.13166
-5795.40884
-5804.59707
-5823.11444
-5824.77465
-5819.41647
-5806.06064
-5824.88778
-5827.25163
-5813.79243
-5837.17182
-5820.96611
-5827.06554
-5827.13392
-5815.05503
-5839.59896
-5822.44164
-5826.83352
-5801.30549
-5791.66247
-5787.81417
-5783.97704
-5757.76539
-5779.90948
-5799.61016
-5800.92934
-5805.96341
-5810.87819
-5804.80776
-5831.25392
-5832.83432
-5828.16627
-5848.84775
-5826.83349
-5834.75434
-5825.26067
-5826.70533
-5801.88903
-5823.63110
-5805.55930
-5826.82945
-5821.23638
-5827.00874
-5827.76248
-5817.42680
-5812.96453
-5817.95180
-5816.68846
-5840.13621
-5823.96316
-5847.66238
-5848.02324
-5821.35378
-5806.57679
-5807.79349
-5802.45515
-5816.31279
-5835.49142
-5843.96705
-5847.02627
-5849.03163
-5838.04505
-5814.12932
-5791.86055
-5809.70272
-5827.86842
-5820.06451
-5824.83354
-5829.94442
-5833.22680
-5812.15943
-5802.70869
-5830.26228
-5810.41512
-5820.25825
-5806.33549
-5827.50770
-5805.74571
-5812.55284
-5804.85774
-5795.06730
-5821.86416
-5819.74669
-5827.53066
-5824.53556
-5814.98417
-5813.99522
-5835.06900
-5820.31269
-5827.71418
-5816.05508
-5820.65278
-5787.17690
-5775.77968
-5773.46641
-5787.98964
-5803.45073
-5791.55749
-5790.22177
-5793.10033
-5816.65805
-5790.84215
-5821.71735
-5814.14595
-5822.08115
-5822.50014
-5836.86171
-5838.23057
-5824.50555
-5825.72414
-5822.19251
-5813.38959
-5793.12496
-5805.42370
-5801.21990
-5810.37400
-5805.53652
-5809.90997
-5818.96190
-5814.57223
-5822.80089
-5829.23069
-5839.69394
-5823.32492
-5826.36509
-5842.29137
-5842.23857
-5836.89214
-5855.24484
-5853.93255
-5840.02813
-5838.62680
-5849.69785
-5826.51453
-5840.78233
-5833.86783
-5836.60989
-5840.02910
-5829.65032
-5827.40701
-5838.74882
-5842.61262
-5817.92627
-5850.93114
-5833.02522
-5817.12700
-5824.42802
-5831.84771
-5817.93791
-5803.60312
-5777.51292
-5797.33291
-5814.78261
-5812.82907
-5822.82787
-5809.43219
-5795.77583
-5787.14869
-5816.86183
-5816.94204
-5831.66063
-5814.27885
-5810.29410
-5797.40255
-5803.36556
-5792.04378
-5790.82076
-5808.52507
-5807.80676
-5800.45893
-5806.27311
-5851.68123
-5843.09126
-5836.67893
-5835.83580
-5819.29921
-5836.10929
-5836.55633
-5818.27914
-5812.94135
-5833.22186
-5833.14557
-5844.92695
-5875.46924
-5854.70740
-5827.86874
-5837.47081
-5825.54311
-5840.56443
-5846.17048
-5830.89132
-5816.08833
-5852.43543
-5845.76185
-5883.13804
-5876.20150
-5848.02266
-5852.93965
-5862.35155
-5865.58154
-5858.04706
-5859.42202
-5870.69131
-5869.91750
-5872.02001
-5876.68172
-5862.75171
-5864.20504
-5866.11225
-5857.02510
-5863.48298
-5862.62927
-5847.98262
-5869.81381
-5868.35819
-5871.15130
-5849.87107
-5836.32754
-5838.99346
-5828.44353
-5820.17867
-5829.87088
-5833.45071
-5823.07682
-5825.18700
-5842.42547
-5848.81498
-5822.28335
-5830.47550
-5825.53049
-5791.94743
-5802.77602
-5813.14305
-5804.34479
-5833.84478
-5841.55864
-5852.86575
-5838.39288
-5835.58412
-5841.40189
-5854.93877
-5846.88324
-5856.34253
-5866.06342
-5874.62701
-5859.69014
-5844.56421
-5845.75162
-5846.48003
-5832.44867
-5825.75643
-5829.36906
-5827.68609
-5841.51408
-5846.81855
-5829.85075
-5828.02322
-5821.78431
-5820.03167
-5827.38932
-5811.27738
-5817.42782
-5820.97031
-5840.78887
-5851.13961
-5837.92647
-5849.55763
-5867.84203
-5864.51171
-5850.33519
-5854.22422
-5839.59153
-5822.79069
-5830.85152
-5811.70144
-5798.41641
-5830.29402
-5819.72329
-5844.31710
-5816.67111
-5826.98462
-5803.19288
-5797.16059
-5834.87015
-5850.58933
-5849.28365
-5832.36646
-5811.44343
-5818.65979
-5845.71339
-5842.82348
-5854.99630
-5856.95753
-5865.94529
-5882.37568
-5881.69090
-5895.86454
-5875.74116
-5869.50508
-5890.81461
-5878.29032
-5870.63680
-5879.18431
-5874.63018
-5865.95710
-5857.79482
-5820.01843
-5831.57035
-5821.71798
-5832.07989
-5834.64478
-5847.63276
-5851.20782
-5843.37675
-5855.60464
-5841.43920
-5838.85196
-5836.92830
-5817.13233
-5827.08480
-5853.79588
-5856.65059
-5853.99849
-5877.40731
-5863.36799
-5851.74827
-5827.20326
-5831.31728
-5814.57545
-5846.90460
-5846.48422
-5854.29949
-5867.14514
-5868.66563
-5875.26071
-5875.87088
-5875.49800
-5857.37179
-5842.28638
-5830.66008
-5806.08357
-5802.27408
-5810.70215
-5830.33320
-5827.23943
-5835.87451
-5827.36445
-5835.82338
-5820.38279
-5831.14913
-5801.09585
-5774.51656
-5793.78372
-5808.79140
-5840.55224
-5831.13188
-5833.44025
-5812.99989
-5822.55426
-5832.49842
-5855.12324
-5861.85728
-5854.82181
-5852.38899
-5843.58624
-5836.84263
-5820.60149
-5843.62656
-5842.16334
-5839.05194
-5809.30253
-5842.96948
-5828.90135
-5825.94077
-5834.36758
-5820.01444
-5798.81753
-5800.55075
-5855.66445
-5862.56929
-5837.99179
-5849.44655
-5844.69415
-5843.42375
-5843.51150
-5824.68725
-5828.86719
-5833.75293
-5840.58761
-5820.68957
-5818.54431
-5831.21624
-5842.09615
-5808.89777
-5814.22941
-5813.23697
-5822.14003
-5805.12087
-5803.31674
-5797.56553
-5819.27856
-5817.99180
-5819.80835
-5821.86990
-5827.58638
-5842.55536
-5802.57373
-5796.74885
-5810.62928
-5807.39523
-5829.74379
-5848.30062
-5845.01690
-5824.82826
-5804.85216
-5813.68525
-5804.32074
-5815.09632
-5826.01353
-5840.78359
-5834.36998
-5831.29338
-5825.41520
-5828.63762
-5830.78662
-5801.18826
-5792.53914
-5784.16181
-5775.00144
-5768.37501
-5780.65900
-5816.45272
-5815.83011
-5814.26098
-5822.22792
-5817.97259
-5794.61906
-5816.02137
-5793.82722
-5794.79958
-5796.63124
-5815.74405
-5822.89374
-5840.44845
-5844.67364
-5836.54775
-5814.63066
-5800.67776
-5808.56547
-5841.32765
-5815.02571
-5818.23383
-5804.16085
-5815.06646
-5832.03574
-5809.91367
-5831.69131
-5827.70152
-5823.88324
-5846.55898
-5844.11200
-5852.11008
-5834.34148
-5855.21618
-5796.32659
-5812.94126
-5810.57020
-5819.55208
-5826.55079
-5810.70988
-5810.59674
-5798.32950
-5803.06623
-5777.23593
-5773.36094
-5775.19809
-5792.76399
-5802.33244
-5821.54167
-5813.16098
-5814.17831
-5802.71195
-5813.06009
-5812.25073
-5793.14573
-5823.01104
-5832.56240
-5845.84557
-5864.54090
-5869.90537
-5870.64301
-5864.48992
-5848.39427
-5834.39812
-5826.80071
-5869.42308
-5857.07541
-5837.96679
-5810.47326
-5825.43628
-5842.26962
-5810.98756
-5816.43999
-5802.59496
-5804.32431
-5824.39792
-5819.74656
-5836.62887
-5837.12499
-5825.29652
-5822.01128
-5807.80362
-5784.23603
-5766.47293
-5754.76145
-5797.13856
-5810.17192
-5819.52806
-5818.14511
-5797.24983
-5784.88898
-5792.64036
-5824.70045
-5823.20185
-5814.99957
-5826.49639
-5818.37764
-5843.65059
-5843.48482
-5830.28833
-5845.03954
-5830.24708
-5824.15769
-5797.37952
-5820.29306
-5827.05513
-5819.76282
-5827.29871
-5819.68982
-5817.74035
-5822.74998
-5831.99332
-5825.49363
-5820.13928
-5814.45554
-5821.84162
-5818.86908
-5806.10324
-5788.98261
-5780.30746
-5811.60777
-5791.43317
-5820.12230
-5824.87472
-5816.72612
-5811.57292
-5807.96279
-5815.75100
-5817.17539
-5817.24743
-5832.53313
-5802.46061
-5836.15646
-5832.21853
-5843.96477
-5819.07058
-5832.90752
-5832.47832
-5839.62535
-5840.89121
-5812.34987
-5837.85574
-5848.33677
-5863.45023
-5820.65818
-5825.47694
-5838.25254
-5833.16091
-5805.62135
-5828.15005
-5810.35462
-5807.29888
-5811.21870
-5792.16404
-5780.47342
-5793.52737
-5811.85193
-5813.99264
-5787.62453
-5786.56310
-5831.84002
-5827.80623
-5809.56124
-5808.71657
-5812.24327
-5815.00365
-5806.67521
-5809.17796
-5801.38494
-5795.50951
-5796.48177
-5808.33204
-5829.95433
-5811.50735
-5835.41916
-5831.15466
-5833.30923
-5826.56942
-5815.71876
-5819.63888
-5816.85822
-5831.43225
-5824.14954
-5839.19095
-5824.51180
-5805.84929
-5809.00567
-5818.67641
-5815.13485
-5832.69083
-5803.37188
-5810.47265
-5834.89444
-5824.00894
-5831.70253
-5828.58039
-5810.34755
-5804.41012
-5810.33855
-5825.56589
-5816.31345
-5825.20481
-5832.67034
-5822.62772
-5823.45846
-5808.89785
-5792.48913
-5792.88059
-5803.26144
-5801.39511
-5816.06242
-5810.28612
-5779.27792
-5780.66035
-5819.10910
-5823.10355
-5812.24894
-5791.08652
-5800.63133
-5790.11670
-5793.21530
-5805.35229
-5814.78478
-5816.14441
-5806.27342
-5803.03912
-5812.73347
-5815.40587
-5800.87806
-5808.84645
-5787.64984
-5782.14415
-5794.23260
-5794.84689
-5811.17555
-5786.03126
-5792.42365
-5783.13970
-5793.83342
-5847.14761
-5845.16935
-5840.87297
-5849.12922
-5805.57184
-5826.48744
-5831.62023
-5811.63577
-5805.21693
-5771.65526
-5809.73778
-5808.73893
-5823.31879
-5821.54035
-5820.66925
-5811.15108
-5811.65511
-5827.17799
-5805.94420
-5795.90779
-5771.57303
-5784.87044
-5801.33416
-5805.71587
-5797.28088
-5805.42962
-5822.34119
-5804.71167
-5774.54661
-5795.31777
-5812.19449
-5789.23420
-5810.89029
-5827.02929
-5819.87554
-5791.48996
-5808.07618
-5812.70299
-5808.27515
-5806.24968
-5778.45897
-5797.19411
-5823.38019
-5839.87275
-5845.58305
-5866.03311
-5865.72040
-5839.87360
-5823.70016
-5817.25644
-5822.52127
-5806.94447
-5822.35214
-5829.52691
-5792.23509
-5761.71742
-5800.34309
-5812.58628
-5817.59224
-5785.18557
-5784.13559
-5763.35234
-5769.21986
-5807.75975
-5795.39299
-5821.01860
-5788.41921
-5790.89035
-5824.65972
-5792.68811
-5779.57555
-5789.70199
-5807.91090
-5826.59343
-5813.05199
-5820.83527
-5798.54781
-5798.34325
-5825.50406
-5828.97413
-5833.18480
-5856.92248
-5854.66010
-5854.42023
-5823.08950
-5827.21831
-5834.92182
-5811.85881
-5847.98178
-5835.50446
-5830.47466
-5835.15511
-5833.01719
-5837.21537
-5831.88873
-5829.05698
-5847.58451
-5844.47319
-5839.56595
-5831.47293
-5826.39016
-5829.44543
-5830.62746
-5834.60525
-5845.05158
-5825.74072
-5850.14307
-5845.14789
-5852.00761
-5860.44640
-5874.48274
-5872.55255
-5862.39469
-5843.97519
-5854.21595
-5838.77872
-5830.50636
-5866.72918
-5874.85989
-5847.46523
-5852.95436
-5851.45369
-5860.46475
-5857.63250
-5854.32355
-5844.87111
-5832.56980
-5859.25512
-5842.90638
-5850.77799
-5837.29896
-5825.57666
-5816.96547
-5811.73760
-5810.26148
-5812.56494
-5819.30793
-5833.60866
-5859.59778
