-5553.85306
-5559.96142
-5564.67701
-5594.69913
-5595.52500
-5544.55693
-5574.64931
-5590.59249
-5563.56443
-5581.79939
-5592.20322
-5608.44398
-5569.58385
-5583.13116
-5574.61415
-5609.91005
-5590.31372
-5577.52619
-5570.10057
-5581.82896
-5616.12774
-5607.04900
-5610.58008
-5597.54283
-5585.76043
-5582.90812
-5580.52335
-5564.63444
-5579.74336
-5606.37913
-5592.18168
-5557.77625
-5563.97452
-5552.00986
-5574.81950
-5572.88062
-5569.27082
-5561.98160
-5537.14940
-5549.34999
-5561.16712
-5575.69386
-5576.26229
-5554.71555
-5555.76680
-5556.75299
-5568.49226
-5536.42445
-5537.92891
-5536.63095
-5585.52908
-5591.34611
-5579.73477
-5579.29715
-5552.37452
-5543.51475
-5564.25822
-5570.86377
-5568.96122
-5569.21909
-5571.01545
-5567.92014
-5595.81901
-5605.27605
-5590.57015
-5590.69306
-5633.16392
-5614.77131
-5620.32177
-5607.76877
-5571.20124
-5571.14435
-5584.74153
-5577.55876
-5587.26806
-5590.59997
-5593.81562
-5587.27178
-5592.85413
-5562.03087
-5580.80986
-5577.25730
-5534.01875
-5553.88886
-5573.86872
-5550.98159
-5557.84607
-5589.09339
-5604.50545
-5581.06003
-5544.26867
-5571.20146
-5524.51993
-5566.99534
-5565.07693
-5566.00863
-5550.32410
-5525.11907
-5530.39659
-5559.99090
-5546.17882
-5562.99407
-5555.16540
-5560.52000
-5534.10253
-5566.21367
-5567.82065
-5556.39921
-5559.87941
-5590.09688
-5561.06683
-5558.69728
-5567.21346
-5594.28578
-5603.44593
-5577.47877
-5590.53808
-5598.26299
-5601.38470
-5591.06546
-5600.01386
-5621.40262
-5585.91378
-5550.16874
-5560.55380
-5575.92053
-5561.67784
-5584.86784
-5595.86390
-5563.52346
-5574.85454
-5560.40840
-5550.15481
-5540.45325
-5537.42681
-5553.08173
-5562.32803
-5559.13547
-5548.09481
-5542.45504
-5543.32731
-5571.75822
-5562.71276
-5537.27353
-5516.06845
-5565.93135
-5548.41673
-5557.17530
-5548.06763
-5549.41035
-5575.15395
-5551.26374
-5553.95904
-5539.93690
-5563.81644
-5583.50925
-5561.24921
-5544.66238
-5551.40102
-5567.32271
-5531.07724
-5542.96404
-5562.31990
-5568.50262
-5541.52629
-5591.47405
-5566.09585
-5551.04492
-5564.55086
-5560.76148
-5550.50675
-5557.75316
-5575.53947
-5559.16175
-5549.93919
-5568.00061
-5562.26460
-5572.97486
-5594.33174
-5587.71396
-5591.07711
-5578.85322
-5575.01110
-5589.89988
-5552.78278
-5585.48272
-5584.19645
-5578.17989
-5532.02334
-5539.37381
-5550.88034
-5538.32282
-5577.75931
-5568.71167
-5555.46446
-5559.40806
-5567.99753
-5590.82001
-5574.58954
-5601.85729
-5578.37185
-5565.23765
-5594.36108
-5554.52801
-5586.35744
-5587.54221
-5596.25611
-5568.72894
-5577.10437
-5582.03377
-5579.98834
-5517.40066
-5526.49164
-5584.30551
-5547.04527
-5540.79447
-5560.28580
-5598.92701
-5585.09847
-5593.82680
-5568.20005
-5568.90042
-5586.81129
-5575.21332
-5597.28770
-5593.97813
-5577.64212
-5581.63482
-5576.25585
-5571.55667
-5530.01532
-5536.05527
-5560.72462
-5565.51165
-5573.17006
-5572.29175
-5591.46857
-5596.76171
-5590.73765
-5583.11143
-5571.75913
-5578.85228
-5551.98965
-5546.77223
-5564.71158
-5554.47029
-5575.21062
-5540.21331
-5500.84343
-5561.38247
-5572.77086
-5528.81358
-5528.86865
-5560.05133
-5523.42591
-5530.55186
-5548.55026
-5545.18496
-5564.08524
-5595.36937
-5576.11245
-5544.67196
-5562.57961
-5581.90793
-5569.40069
-5580.92918
-5575.61412
-5601.10636
-5609.70531
-5581.83468
-5585.31793
-5574.50781
-5563.06225
-5563.28044
-5571.58082
-5548.36896
-5565.93309
-5575.27131
-5535.90067
-5571.45372
-5586.64997
-5536.81027
-5546.47494
-5559.13058
-5549.29733
-5564.19068
-5566.25790
-5563.62344
-5564.41291
-5570.95097
-5569.07707
-5534.61223
-5535.48185
-5574.12633
-5578.84568
-5575.97336
-5583.02128
-5587.94054
-5564.47359
-5586.21552
-5575.58727
-5544.07547
-5523.71749
-5559.02622
-5583.59280
-5548.84844
-5553.12024
-5554.00151
-5527.07148
-5512.84658
-5539.11205
-5576.07442
-5575.38884
-5576.75694
-5562.44503
-5569.65880
-5557.05075
-5579.53535
-5563.24447
-5536.58945
-5573.21096
-5549.36945
-5579.44768
-5543.72106
-5561.75933
-5574.87665
-5568.25233
-5575.52655
-5582.27197
-5573.07299
-5571.31928
-5560.47507
-5563.86519
-5539.73411
-5551.58577
-5555.57725
-5563.45207
-5552.75089
-5553.06512
-5608.57616
-5546.63964
-5567.06637
-5542.10890
-5559.67077
-5585.91446
-5559.20340
-5600.20296
-5576.61212
-5580.61122
-5597.39380
-5591.91238
-5556.64628
-5556.16658
-5572.97062
-5543.18813
-5559.90279
-5572.22489
-5575.97795
-5563.20123
-5564.25207
-5562.24124
-5540.16882
-5547.63314
-5546.46316
-5591.97618
-5546.24256
-5527.06811
-5532.26044
-5532.29815
-5564.64704
-5563.63889
-5592.28191
-5556.42613
-5534.19444
-5543.16666
-5553.16463
-5566.09022
-5565.75964
-5561.86399
-5594.72126
-5559.39175
-5584.42784
-5597.97925
-5591.24618
-5596.15252
-5575.01505
-5573.15665
-5583.45151
-5575.39490
-5565.90989
-5569.51679
-5599.79525
-5595.37414
-5612.63496
-5579.74193
-5550.97479
-5565.54752
-5572.42757
-5587.16201
-5561.31204
-5602.54473
-5568.45990
-5602.19534
-5550.90292
-5557.45884
-5571.34731
-5588.60410
-5566.29225
-5564.83062
-5578.71692
-5584.61414
-5630.85093
-5614.54451
-5595.01509
-5576.29203
-5584.66386
-5552.44728
-5572.32981
-5569.27244
-5573.20956
-5578.91306
-5571.81212
-5576.63985
-5568.16373
-5589.58126
-5592.51083
-5596.71740
-5585.96318
-5570.42879
-5586.18049
-5586.27985
-5590.77440
-5556.38549
-5546.19722
-5574.13329
-5568.37141
-5570.66464
-5562.77353
-5561.71819
-5588.36482
-5569.70978
-5581.44181
-5574.74607
-5602.83509
-5585.10323
-5591.47139
-5581.46574
-5606.41360
-5619.77114
-5612.31602
-5597.84586
-5576.86143
-5573.58804
-5590.61595
-5571.71957
-5583.66682
-5591.49702
-5563.86267
-5615.04048
-5558.41612
-5569.30880
-5577.22798
-5540.71493
-5508.03504
-5574.49248
-5596.03050
-5576.24084
-5612.11139
-5582.70342
-5608.12302
-5567.86589
-5545.01861
-5556.49038
-5555.12189
-5534.01113
-5555.98826
-5557.83983
-5599.32744
-5576.69820
-5561.35826
-5558.07874
-5586.98637
-5552.91378
-5524.52035
-5536.97586
-5571.38559
-5599.24626
-5578.19536
-5549.73084
-5555.62767
-5568.49006
-5564.09149
-5557.04991
-5555.32312
-5550.56972
-5545.14624
-5570.49404
-5578.80706
-5610.07543
-5601.67344
-5564.13711
-5572.61543
-5581.23565
-5591.42421
-5607.16127
-5605.11768
-5582.71309
-5598.72096
-5579.96298
-5604.13696
-5577.95095
-5554.21808
-5571.05759
-5565.01064
-5580.97826
-5547.68733
-5568.74799
-5548.16523
-5547.69501
-5550.15874
-5561.97899
-5557.11682
-5572.49107
-5586.99539
-5554.31201
-5577.99030
-5573.91089
-5542.61065
-5580.24909
-5577.72384
-5575.51938
-5573.70895
-5577.78283
-5570.66729
-5581.68971
-5566.72636
-5535.14720
-5563.19029
-5560.02875
-5617.31443
-5576.08651
-5570.14381
-5558.27825
-5532.89816
-5565.01055
-5530.40471
-5559.75829
-5593.92285
-5594.63807
-5539.95264
-5561.60111
-5569.96177
-5575.37038
-5560.04400
-5578.80105
-5563.87609
-5557.24246
-5564.57589
-5560.15408
-5582.73266
-5545.92385
-5534.02679
-5545.32633
-5555.39603
-5564.12067
-5570.95033
-5548.03602
-5578.12225
-5577.14042
-5583.53330
-5599.88755
-5570.81395
-5569.88667
-5565.05230
-5598.53210
-5561.43356
-5578.39642
-5572.97864
-5594.18763
-5580.55873
-5568.35006
-5572.67080
-5556.52807
-5553.61881
-5556.68042
-5559.95589
-5573.23272
-5585.71146
-5578.55455
-5556.84047
-5536.46250
-5563.93632
-5568.63861
-5603.44142
-5587.05680
-5573.28486
-5550.82751
-5582.54969
-5557.79257
-5582.60074
-5557.63001
-5532.82542
-5550.35229
-5561.34424
-5595.68376
-5572.55702
-5550.34373
-5564.12480
-5543.09118
-5544.08283
-5542.61756
-5541.16071
-5569.73624
-5573.76151
-5571.30996
-5530.15210
-5533.21897
-5567.13294
-5536.75240
-5552.80825
-5531.27326
-5559.43789
-5571.08158
-5572.04587
-5564.67208
-5538.02344
-5578.90382
-5569.58823
-5571.19936
-5589.27839
-5568.93393
-5553.91711
-5599.51239
-5583.53329
-5588.91374
-5592.18801
-5607.22773
-5583.35429
-5604.21379
-5579.38260
-5578.05907
-5587.58506
-5583.96877
-5560.18522
-5560.69751
-5552.13596
-5561.40233
-5553.36503
-5607.05507
-5578.46741
-5574.73046
-5583.88199
-5566.93898
-5576.93604
-5594.18269
-5596.55642
-5586.05232
-5579.59208
-5606.56554
-5577.61233
-5569.38148
-5575.77397
-5586.00937
-5592.93733
-5552.49816
-5616.96979
-5623.53965
-5619.00077
-5619.40109
-5590.24435
-5594.01754
-5557.09375
-5557.73724
-5549.28082
-5556.81088
-5550.86132
-5561.03202
-5553.72607
-5563.18980
-5554.58885
-5527.83863
-5517.65741
-5521.72203
-5570.02765
-5571.80620
-5601.72385
-5588.15129
-5604.82520
-5607.63110
-5593.64470
-5601.00877
-5564.85754
-5571.90313
-5563.91859
-5584.57135
-5580.45619
-5610.72792
-5593.53064
-5560.27580
-5542.85550
-5548.25770
-5537.10442
-5543.45279
-5591.49000
-5583.74222
-5605.13065
-5592.25361
-5593.84353
-5554.09823
-5546.33861
-5572.13501
-5598.97968
-5620.22984
-5601.51445
-5578.06697
-5571.66496
-5548.79419
-5542.02602
-5538.22121
-5528.30456
-5547.36889
-5575.78828
-5584.17137
-5582.00623
-5555.24993
-5580.94382
-5575.05640
-5589.27787
-5592.75215
-5583.83888
-5571.76459
-5585.77723
-5596.76952
-5564.99595
-5548.76431
-5572.69296
-5563.61887
-5562.67333
-5575.25387
-5570.86446
-5578.83584
-5564.04677
-5561.61923
-5575.32807
-5577.29113
-5560.62426
-5563.35141
-5574.63211
-5571.08760
-5539.35359
-5547.56296
-5558.56593
-5569.51527
-5557.14047
-5547.63450
-5556.51502
-5567.29862
-5524.72030
-5528.51754
-5511.72041
-5527.63111
-5531.30233
-5565.48350
-5528.23217
-5538.94768
-5523.24146
-5537.25219
-5564.37914
-5599.60435
-5606.78681
-5591.46444
-5590.71329
-5583.75750
-5589.95430
-5585.74596
-5576.86930
-5561.61406
-5579.15442
-5546.93542
-5532.53465
-5556.39923
-5537.30723
-5547.25733
-5562.81125
-5578.59763
-5596.79377
-5596.11186
-5598.59410
-5580.18295
-5576.51499
-5590.13761
-5565.35821
-5568.92696
-5518.87082
-5536.88243
-5556.47853
-5584.30822
-5621.37051
-5583.40028
-5566.63851
-5554.86055
-5579.75921
-5580.75071
-5564.81247
-5587.29158
-5554.31432
-5545.58981
-5564.62563
-5589.13986
-5571.92868
-5607.09650
-5590.83026
-5579.82663
-5583.87404
-5614.37988
-5590.48822
-5597.25145
-5602.46302
-5565.10348
-5576.38569
-5563.00683
-5562.15319
-5587.06656
-5583.08799
-5569.66006
-5589.61809
-5577.54520
-5561.55099
-5557.67625
-5564.26968
-5550.27326
-5551.37896
-5578.62410
-5573.45145
-5593.73294
-5578.32245
-5597.37119
-5584.12538
-5551.85440
-5555.93823
-5531.26208
-5565.08355
-5593.74518
-5609.62026
-5604.57531
-5577.99082
-5594.10976
-5549.37779
-5510.73466
-5542.38182
-5579.01963
-5562.66324
-5560.13650
-5543.69649
-5550.88935
-5572.57580
-5605.63350
-5613.54914
-5597.54674
-5584.92547
-5545.40404
-5535.85718
-5545.49922
-5555.74979
-5545.56603
-5557.69090
-5579.78199
-5562.36617
-5519.96961
-5565.39881
-5547.43114
-5529.46193
-5535.70264
-5557.12627
-5572.47977
-5584.38525
-5556.10652
-5605.97039
-5592.33383
-5583.65411
-5597.43941
-5631.13519
-5614.85732
-5578.82299
-5604.27960
-5617.14982
-5603.77461
-5583.40812
-5599.77945
-5591.82673
-5591.78255
-5626.20888
-5602.20591
-5585.47538
-5567.23987
-5592.15974
-5579.39138
-5585.95068
-5590.66717
-5579.66885
-5564.85517
-5579.27567
-5607.61724
-5597.30327
-5575.70260
-5569.58244
-5574.94936
-5558.56001
-5609.70160
-5590.36470
-5569.35348
-5575.16606
-5577.90615
-5588.67498
-5547.49639
-5570.27269
-5532.93714
-5530.21121
-5543.59175
-5566.17544
-5571.12972
-5540.84554
-5540.59641
-5558.06223
-5562.96730
-5551.13548
-5570.17500
-5539.14123
-5538.12009
-5560.48115
-5548.67847
-5542.79101
-5538.85667
-5545.96168
-5552.21850
-5564.30192
-5580.66935
-5590.16187
-5575.62346
-5573.18189
-5591.17336
-5527.05921
-5571.31420
-5578.23099
-5573.68662
-5588.81645
-5592.18076
-5570.87963
-5575.19193
-5590.40216
-5579.17567
-5588.01643
-5570.00232
-5555.72787
-5541.28764
-5545.73179
-5550.64031
-5569.63749
-5563.58921
-5580.92416
-5583.64574
-5566.47369
-5542.07002
-5574.98253
-5564.23715
-5570.26372
-5580.87992
-5580.04440
-5535.74745
-5548.35686
-5533.05327
-5567.70307
-5572.70329
-5575.36643
-5582.95129
-5559.99791
-5583.98909
-5610.43920
-5564.46994
-5557.83759
-5553.29378
-5542.30293
-5571.96826
-5593.50607
-5588.88264
-5573.39692
-5578.02055
-5558.65631
-5579.76094
-5604.10503
-5594.17009
-5572.20231
-5587.58459
-5612.22672
-5588.36601
-5572.80117
-5568.53432
-5563.09299
-5551.83620
-5536.30298
-5572.36975
-5560.71680
-5574.54562
-5573.08852
-5610.33626
-5597.25109
-5612.35256
-5562.38806
-5577.06408
-5533.31213
-5557.74079
-5571.28471
-5568.85144
-5568.32057
-5552.62943
-5568.99472
-5588.93113
-5552.30775
-5592.61256
-5581.83636
-5548.65499
-5563.98155
-5577.13366
-5567.73600
-5571.40082
-5595.47263
-5591.77249
-5557.19411
-5575.82432
-5582.27810
-5558.92183
-5570.53279
-5569.51547
-5587.97678
-5602.12944
-5617.34591
-5601.65007
-5608.93921
-5610.19815
-5591.46813
-5607.27252
-5599.62573
-5599.77571
-5587.43187
-5581.01699
-5579.63384
-5587.88563
-5596.55801
-5594.41443
-5595.69428
-5600.71588
-5582.75726
-5570.65252
-5549.57556
-5568.42491
-5562.41949
-5558.46604
-5556.99196
-5543.48029
-5548.98785
-5575.33828
-5582.88899
-5539.64390
-5574.47447
-5570.42948
-5564.10886
-5549.98568
-5565.12195
-5571.00353
-5604.77378
-5609.14398
-5599.03119
-5527.47737
-5538.64977
-5557.10225
-5540.62242
-5541.86342
-5563.33872
-5585.58815
-5568.77691
-5587.50921
-5593.16025
-5561.57311
-5553.28718
-5555.66366
-5575.84419
-5560.33099
-5553.04411
-5549.33745
-5567.26878
-5568.98359
-5576.60499
-5576.54431
-5582.84159
-5561.81774
-5549.60136
-5587.19932
-5610.87889
-5629.91333
-5560.63340
-5569.84886
-5583.19012
-5605.39728
-5589.72588
-5601.74753
-5594.98515
-5628.61255
-5612.35542
-5574.49994
-5589.08899
-5613.00084
-5543.47682
-5556.70349
-5582.23568
-5608.16672
-5594.12301
-5577.21159
-5593.78914
-5570.11196
-5591.50558
-5574.30957
-5591.80458
-5542.84316
-5566.56438
-5569.43495
-5577.50614
-5563.74866
-5556.69133
-5557.39845
-5543.27035
-5551.49952
-5575.46103
-5570.40996
-5587.45444
-5600.46572
-5607.88404
-5609.25060
-5580.38210
-5587.20417
-5575.60736
-5563.86388
-5546.05523
-5574.63741
-5581.98574
-5585.46719
-5577.88088
-5611.62884
-5552.18286
-5566.55409
-5549.37269
-5564.50332
-5579.49262
-5575.39979
-5569.11372
-5577.23841
-5597.44382
-5614.67811
-5572.92576
-5577.52597
-5579.69797
-5575.86074
-5572.78094
-5559.28240
-5551.27128
-5562.34977
-5576.23966
-5585.38986
-5554.48262
-5573.66990
-5563.95529
-5567.84032
-5572.58011
-5557.19345
-5574.56093
-5563.67738
-5584.11418
-5589.98663
-5566.58010
-5589.18600
-5591.69723
-5587.51858
-5572.00106
-5617.09459
-5570.42346
-5591.86972
-5610.27075
-5578.23967
-5570.51435
-5591.73767
-5610.09667
-5618.27285
-5637.36647
-5601.89557
-5586.76289
-5542.34404
-5561.84531
-5594.25054
-5570.63636
-5551.43095
-5573.05449
-5576.40433
-5582.91354
-5569.60488
-5598.13447
-5591.76303
-5584.67235
-5602.57031
-5603.26832
-5593.88997
-5579.74095
-5548.84462
-5586.76821
-5573.28271
-5558.54271
-5544.96018
-5548.30764
-5529.86758
-5527.33244
-5564.91376
-5545.05878
-5536.69265
-5550.06641
-5555.63395
-5549.31856
-5556.24543
-5591.71707
-5564.05260
-5577.92836
-5556.80932
-5565.81677
-5572.78726
-5537.87708
-5541.55560
-5542.99960
-5576.74080
-5586.35915
-5576.48017
-5587.75517
-5588.65473
-5601.22988
-5606.70304
-5583.77284
-5575.36047
-5604.49776
-5616.29254
-5583.79309
-5591.03153
-5567.67053
-5545.53731
-5589.33145
-5600.74076
-5603.27809
-5573.39727
-5575.93937
-5569.23591
-5552.98671
-5535.08716
-5513.94492
-5512.90048
-5534.85182
-5531.74669
-5542.71472
-5570.89361
-5581.92244
-5584.40639
-5574.16013
-5547.41224
-5590.80182
-5597.86100
-5599.13423
-5577.07775
-5575.18071
-5553.92534
-5581.13205
-5546.81112
-5544.35932
-5548.87788
-5547.02103
-5564.51748
-5544.01321
-5569.47272
-5589.45734
-5577.08289
-5560.16377
-5554.07113
-5583.67396
-5559.69691
-5577.92669
-5582.62504
-5560.25900
-5593.40566
-5578.81990
-5559.92351
-5564.98458
-5582.33710
-5576.83169
-5559.23983
-5586.93232
-5582.16096
-5553.29617
-5562.63145
-5597.85802
-5610.24198
-5598.80054
-5614.31991
-5567.80420
-5568.48526
-5561.67959
-5575.44799
-5546.88479
-5570.98054
-5583.60133
-5554.65679
-5566.88745
-5574.75357
-5568.98499
-5597.49248
-5618.59620
-5610.00957
-5606.19325
-5601.95288
-5591.11057
-5594.74116
-5604.94537
-5596.16250
-5611.29702
-5609.10657
-5577.14054
-5574.18972
-5573.65250
-5572.79632
-5591.36909
-5558.57859
-5540.43728
-5530.29394
-5570.83553
-5575.84877
-5560.76703
-5568.07218
-5553.44637
-5563.48464
-5582.11356
-5561.41059
-5581.54308
-5575.04862
-5576.09840
-5588.70098
-5564.05544
-5543.29958
-5554.94785
-5544.04404
-5546.22707
-5561.67149
-5588.22766
-5588.53592
-5559.57243
-5599.79113
-5579.82148
-5550.33743
-5558.84620
-5569.25439
-5590.44537
-5533.02048
-5573.82255
-5576.32880
-5563.14135
-5568.96166
-5591.60796
-5588.25498
-5564.32973
-5562.06722
-5569.26989
-5548.09940
-5591.77268
-5565.85318
-5564.11987
-5568.03187
-5566.71510
-5557.58055
-5578.02079
-5567.00741
-5590.62261
-5588.86893
-5594.97069
-5584.59929
-5563.20068
-5556.70168
-5546.94470
-5563.63725
-5568.63987
-5551.00597
-5557.30941
-5549.08449
-5561.13675
-5553.20308
-5575.04673
-5579.27500
-5577.26370
-5589.58782
-5584.46061
-5546.74742
-5547.09404
-5583.70350
-5591.41536
-5558.04369
-5580.30626
-5598.79113
-5598.32837
-5569.42515
-5570.13548
-5570.51270
-5581.91589
-5581.91343
-5574.23069
-5594.04137
-5597.60520
-5559.59541
-5599.53889
-5603.43486
-5588.51935
-5599.08671
-5624.57968
-5613.14765
-5613.94403
-5576.21976
-5586.53068
-5585.49092
-5588.93987
-5572.07821
-5597.38142
-5623.28501
-5616.32322
-5623.82915
-5586.92567
-5561.63630
-5536.23640
-5577.47529
-5580.30246
-5597.26427
-5574.89786
-5624.22492
-5580.19526
-5602.42419
-5571.06793
-5579.96915
-5573.32184
-5552.23229
-5564.97900
-5578.05576
-5600.00896
-5618.77271
-5614.65225
-5651.34136
-5603.08554
-5587.69206
-5580.28289
-5603.06269
-5593.90433
-5587.63231
-5546.90481
-5557.12982
-5563.23775
-5559.77087
-5574.75733
-5586.39345
-5572.29715
-5591.59109
-5601.86397
-5568.78286
-5579.91891
-5567.08808
-5563.91948
-5580.83369
-5593.99998
-5567.12006
-5597.71031
-5622.81787
-5644.84916
-5590.76297
-5535.10234
-5552.06972
-5554.61815
-5540.72569
-5546.70541
-5551.18170
-5552.24832
-5544.11542
-5559.69697
-5572.87580
-5567.70954
-5578.83404
-5569.26166
-5593.46885
-5549.13667
-5555.53268
-5535.42686
-5551.02267
-5572.54483
-5557.01601
-5558.51539
-5562.50211
-5552.86054
-5564.68372
-5569.82883
-5591.92312
-5575.50433
-5583.68238
-5583.12163
-5586.50615
-5586.58051
-5574.68146
-5542.02158
-5582.30401
-5569.56049
-5576.16361
-5563.48939
-5559.03838
-5581.47274
-5602.27951
-5598.29271
-5612.25912
-5577.65078
-5583.03893
-5573.26750
-5575.33198
-5537.74624
-5562.68098
-5587.30863
-5567.87497
-5556.10019
-5558.26588
-5529.57457
-5570.89066
-5562.26708
-5571.07121
-5546.72861
-5583.91212
-5589.24315
-5544.37342
-5561.03114
-5543.85139
-5529.97818
-5551.10341
-5550.62602
-5584.20343
-5569.55314
-5569.81393
-5564.45671
-5552.86077
-5580.15687
-5588.91655
-5602.52024
-5571.00597
-5583.04458
-5560.97605
-5580.41639
-5560.59137
-5548.14140
-5564.22291
-5547.63974
-5559.42903
-5566.37586
-5579.10024
-5576.22951
-5563.62415
-5556.65131
-5600.25456
-5612.34310
-5584.56676
-5561.51238
-5574.57367
-5550.43154
-5579.80085
-5569.69424
-5547.95476
-5574.50095
-5608.12397
-5590.33498
-5516.40894
-5529.90833
-5567.32356
-5558.76284
-5567.27477
-5600.33529
-5557.08699
-5557.72666
-5540.24095
-5546.82495
-5585.63487
-5574.52323
-5579.77259
-5597.45587
-5598.80570
-5600.66174
-5593.71145
-5581.32454
-5587.00412
-5579.27826
-5566.70478
-5565.02166
-5569.53371
-5563.78019
-5570.78968
-5583.03911
-5564.26415
-5589.23764
-5575.75250
-5582.03334
-5583.26965
-5625.62219
-5616.94186
-5648.34882
-5636.03829
-5610.22955
-5571.38884
-5562.07184
-5561.41600
-5577.62241
-5587.77176
-5559.32921
-5604.61653
-5600.88320
-5566.69680
-5551.08865
-5576.22533
-5571.14540
-5592.53478
-5591.72311
-5561.97126
-5543.13659
-5559.83846
-5551.61681
-5555.55627
-5558.94296
-5587.04250
-5588.20450
-5595.12616
-5558.19206
-5557.10937
-5590.18631
-5594.80080
-5565.87123
-5549.48906
-5523.50340
-5541.75602
-5562.78826
-5580.98330
-5588.24031
-5601.65306
-5575.23511
-5571.69839
-5570.73470
-5555.84710
-5564.55176
-5602.41905
-5613.12191
-5577.98720
-5599.26612
-5585.93433
-5586.98198
-5602.55597
-5560.53483
-5578.95437
-5583.20514
-5589.54749
-5622.15405
-5590.28378
-5579.85012
-5591.04801
-5579.66147
-5577.24962
-5564.17359
-5573.66796
-5581.42244
-5547.33864
-5552.86886
-5577.24037
-5602.74024
-5573.83437
-5554.34717
-5562.02558
-5571.54417
-5578.54161
-5533.54821
-5528.37551
-5539.89187
-5577.88814
-5578.68467
-5595.32459
-5563.34157
-5553.89048
-5576.20858
-5577.91638
-5565.06414
-5565.14628
-5559.74683
-5535.28244
-5545.98093
-5572.90981
-5570.38588
-5590.93694
-5547.43236
-5568.39532
-5558.49399
-5520.01883
-5546.24010
-5560.22596
-5555.68539
-5591.46014
-5579.31228
-5604.31372
-5558.53720
-5537.92384
-5562.28396
-5574.51657
-5594.97860
-5591.48842
-5571.41752
-5563.19432
-5553.96359
-5568.48445
-5561.17894
-5560.94977
-5557.19805
-5559.78679
-5535.89810
-5566.29469
-5603.40339
-5583.64428
-5575.05240
-5552.44869
-5560.58408
-5562.61767
-5569.06999
-5562.51246
-5604.67220
-5604.10693
-5584.94759
-5557.59030
-5586.30718
-5572.61929
-5553.55937
-5563.27581
-5535.99324
-5534.90260
-5582.55734
-5590.30118
-5586.51979
-5553.27239
-5561.23548
-5558.22112
-5586.91900
-5601.67284
-5616.41812
-5604.80521
-5605.07720
-5571.04636
-5571.68209
-5564.58842
-5578.22933
-5562.67427
-5557.45268
-5558.51018
-5547.68888
-5558.17418
-5569.58460
-5583.91428
-5591.23218
-5618.14329
-5578.24210
-5580.51967
-5601.42671
-5610.95413
-5558.05061
-5534.06500
-5551.81632
-5572.67905
-5559.57353
-5544.29229
-5565.31252
-5569.88838
-5560.45468
-5549.91208
-5566.44887
-5568.72705
-5600.08120
-5603.35500
-5594.16593
-5584.42170
-5564.82748
-5574.46518
-5568.37419
-5561.01277
-5564.75526
-5574.50654
-5535.89356
-5559.29633
-5591.20309
-5571.90717
-5565.55468
-5569.05880
-5579.35400
-5548.69849
-5538.93832
-5550.46701
-5551.22572
-5560.41553
-5548.99616
-5579.90092
-5564.24021
-5577.95833
-5542.95770
-5547.08303
-5566.09381
-5587.83465
-5589.17955
-5555.36873
-5555.49056
-5543.65191
-5537.65262
-5550.98942
-5544.39807
-5543.47292
-5526.28159
-5559.32901
-5561.55215
-5589.37515
-5586.61722
-5594.51801
-5596.54546
-5574.85394
-5558.43793
-5523.62657
-5545.81059
-5538.54512
-5541.46314
-5557.38255
-5564.57342
-5564.26633
-5553.77198
-5576.51112
-5581.03369
-5540.73802
-5593.76295
-5588.28992
-5597.22546
-5597.10291
-5571.94628
-5528.26538
-5526.40373
-5535.42847
-5561.67963
-5561.39881
-5569.40591
-5564.66774
-5543.56481
-5539.12488
-5518.36393
-5530.70667
-5534.62708
-5556.88309
-5558.09540
-5568.24858
-5588.36733
-5582.86219
-5583.49927
-5573.03771
-5572.25407
-5557.96068
-5579.97262
-5554.07747
-5558.18176
-5568.89233
-5553.02800
-5583.35262
-5599.81629
-5604.09715
-5585.65790
-5592.57136
-5596.08701
-5572.54653
-5588.11748
-5609.91839
-5618.50809
-5633.21801
-5605.34139
-5597.56453
-5608.04302
-5588.84185
-5581.96862
-5548.47253
-5550.43842
-5578.23303
-5562.96286
-5552.79546
-5581.99184
-5577.51006
-5585.56274
-5611.80821
-5585.99991
-5595.06483
-5590.57115
-5583.32461
-5570.47801
-5547.97269
-5589.16559
-5565.03941
-5573.69282
-5587.59427
-5609.10490
-5593.46874
-5565.53556
-5532.77827
-5586.07671
-5569.78879
-5554.34327
-5572.47015
-5561.95854
-5553.07811
-5565.96583
-5572.52985
-5572.05177
-5596.69863
-5583.65471
-5584.31542
-5596.90203
-5592.39154
-5587.04392
-5582.63199
-5560.13405
-5531.31236
-5551.81784
-5555.97764
-5559.71446
-5582.94706
-5588.70151
-5554.75386
-5578.68596
-5560.62447
-5584.44264
-5572.63651
-5555.75452
-5585.24037
-5597.52550
-5568.64040
-5532.89893
-5549.44366
-5550.87628
-5562.29133
-5550.43193
-5577.89245
-5555.47598
-5576.11754
-5575.50259
-5573.02120
-5593.97004
-5593.35281
-5531.04358
-5524.55713
-5545.32962
-5587.06257
-5604.49074
-5568.37595
-5581.22408
-5597.72179
-5555.04799
-5571.90853
-5585.47957
-5551.85215
-5519.31831
-5552.86550
-5544.70861
-5558.91096
-5552.35445
-5560.73674
-5569.78594
-5554.39295
-5563.46584
-5564.97064
-5570.33459
-5570.21981
-5568.79299
-5566.26862
-5548.35533
-5574.97920
-5595.51861
-5564.65875
-5606.98760
-5601.27992
-5601.31220
-5610.36012
-5587.79057
-5581.74641
-5574.38956
-5546.73805
-5585.08029
-5596.86007
-5583.95527
-5570.91201
-5594.51944
-5551.33522
-5553.47758
-5563.22519
-5522.52152
-5545.51457
-5533.48439
-5516.13484
-5523.02918
-5546.63148
-5552.36102
-5590.53282
-5594.07208
-5586.83028
-5533.76294
-5568.81112
-5574.57229
-5576.01467
-5574.55271
-5569.18077
-5549.03838
-5541.42998
-5544.54833
-5590.34217
-5557.32204
-5546.30559
-5569.67631
-5549.98884
-5569.50856
-5565.59018
-5564.91366
-5579.16410
-5558.95548
-5541.75379
-5554.34099
-5536.73548
-5587.15904
-5581.38336
-5574.72800
-5561.09487
-5566.06080
-5576.23027
-5540.98645
-5556.58929
-5562.60903
-5569.04093
-5604.03385
-5611.98006
-5575.88116
-5560.22902
-5607.89651
-5615.12562
-5597.10550
-5592.34447
-5605.42469
-5592.00839
-5586.19295
-5571.35607
-5581.74233
-5593.70011
-5608.36440
-5608.27707
-5602.72598
-5555.47487
-5534.39561
-5542.73105
-5515.05177
-5556.05797
-5554.25011
-5576.07688
-5559.53574
-5582.53379
-5583.72868
-5595.59219
-5575.55093
-5568.15869
-5578.74880
-5576.90055
-5602.83589
-5598.07614
-5585.89453
-5615.34436
-5626.10933
-5598.49139
-5576.72519
-5559.19692
-5552.31896
-5574.71400
-5577.55109
-5609.37904
-5602.36813
-5601.93007
-5621.75186
-5578.46138
-5560.25367
-5570.92035
-5552.05677
-5564.49521
-5563.49491
-5571.94540
-5592.65977
-5602.94243
-5603.62717
-5569.48375
-5550.68685
-5590.28994
-5539.99812
-5554.84588
-5560.58233
-5554.87055
-5599.27282
-5573.41925
-5578.50622
-5588.51165
-5557.80463
-5567.17136
-5546.83056
-5540.69244
-5534.27653
-5558.75819
-5539.20268
-5566.03567
-5571.93086
-5586.36887
-5576.81958
-5549.30179
-5560.58358
-5597.21659
-5602.50407
-5589.27556
-5583.98138
-5567.26324
-5572.80518
-5550.68151
-5567.56219
-5570.82346
-5572.05484
-5579.29698
-5568.53486
-5552.26810
-5557.78991
-5560.91472
-5557.00905
-5601.34044
-5590.67618
-5583.33954
-5585.33006
-5589.49843
-5580.55751
-5556.29978
-5527.52181
-5525.73516
-5532.85316
-5548.78222
-5558.34230
-5553.53059
-5589.15954
-5538.98028
-5541.10688
-5519.05347
-5535.89643
-5559.91901
-5546.24977
-5551.54434
-5538.87803
-5520.07953
-5546.94292
-5548.16291
-5559.22709
-5595.47341
-5587.77844
-5591.24735
-5604.34042
-5583.51105
-5551.08524
-5562.96015
-5568.91609
-5562.16463
-5594.87899
-5585.15598
-5571.28738
-5553.04038
-5552.08286
-5572.92936
-5540.20101
-5560.06834
-5571.75277
-5526.78833
-5531.48193
-5534.98692
-5536.87915
-5527.08631
-5566.82385
-5568.08782
-5562.28603
-5580.81363
-5598.56550
-5604.36548
-5576.18991
-5595.75752
-5573.55311
-5554.61490
-5564.79321
-5594.22849
-5582.37605
-5572.54963
-5579.26865
-5582.61105
-5570.88634
-5569.75343
-5561.73699
-5569.59090
-5593.65198
-5576.63079
-5542.87477
-5561.42234
-5593.00220
-5565.49489
-5549.01166
-5540.19145
-5557.41053
-5566.73457
-5560.56839
-5582.94168
-5575.78873
-5593.25431
-5575.60999
-5573.46965
-5576.34093
-5583.79564
-5554.68040
-5574.38474
-5561.47290
-5581.53207
-5552.12325
-5533.17335
-5556.11298
-5564.29564
-5562.68958
-5583.25284
-5583.72858
-5584.03209
-5578.58657
-5547.62412
-5566.65541
-5566.17617
-5589.40401
-5570.31201
-5577.28589
-5594.42950
-5587.39689
-5596.59349
-5569.70798
-5581.22560
-5574.09509
-5557.54457
-5576.33242
-5593.36501
-5570.77921
-5572.03102
-5596.34566
-5594.40722
-5589.21742
-5574.80689
-5573.91333
-5560.31964
-5592.48801
-5567.93041
-5569.62953
-5617.06176
-5593.67066
-5576.26290
-5580.82518
-5586.56334
-5573.21812
-5563.35963
-5569.39974
-5584.10271
-5563.98658
-5584.28512
-5575.51648
-5595.15479
-5586.39071
-5566.27860
-5568.48574
-5540.26396
-5537.20117
-5558.85522
-5541.88301
-5571.90722
-5603.75524
-5604.13576
-5605.94314
-5595.67259
-5581.34802
-5563.99009
-5566.09240
-5590.07219
-5565.19970
-5563.60958
-5564.81622
-5530.08285
-5583.40413
-5555.96383
-5557.92264
-5548.26126
-5549.93806
-5574.94194
-5570.23964
-5596.40949
-5578.83574
-5554.82902
-5559.53785
-5572.33554
-5559.28095
-5525.56818
-5532.15767
-5550.29307
-5517.81248
-5576.47921
-5536.08826
-5546.49243
-5547.92124
-5549.51641
-5560.72489
-5574.60135
-5586.04219
-5576.87226
-5563.79254
-5563.96227
-5552.30184
-5557.07208
-5564.31778
-5524.93059
-5551.11525
-5573.38420
-5567.31688
-5541.12413
-5542.03566
-5545.65842
-5532.34111
-5569.39664
-5541.14020
-5597.40936
-5587.83500
-5595.40993
-5592.64779
-5560.84461
-5546.83083
-5583.90647
-5586.82268
-5592.48274
-5602.97517
-5573.35053
-5602.10708
-5563.46535
-5555.63557
-5537.15486
-5563.19026
-5556.68998
-5598.36601
-5598.11447
-5586.81131
-5548.50134
-5551.88675
-5555.86982
-5544.86509
-5538.92193
-5546.50466
-5573.75943
-5573.21218
-5548.01670
-5563.02636
-5586.63823
-5584.44306
-5581.13646
-5571.85364
-5548.81313
-5538.56395
-5550.02232
-5588.93559
-5542.01249
-5565.93054
-5585.85270
-5574.26395
-5524.40826
-5580.01736
-5598.27587
-5551.95227
-5556.62974
-5559.57124
-5551.16401
-5559.45035
-5551.00624
-5561.58695
-5580.80854
-5590.59276
-5613.04908
-5600.11795
-5563.24088
-5527.62470
-5528.60373
-5571.67319
-5609.20710
-5588.96545
-5534.09957
-5541.86754
-5539.71186
-5594.07325
-5592.17082
-5590.33699
-5600.92561
-5654.98124
-5654.36717
-5664.60696
-5629.68721
-5595.88485
-5601.33517
-5631.33503
-5638.33284
-5611.55593
-5615.82626
-5614.42855
-5585.03642
-5596.54721
-5577.08862
-5555.53576
-5572.20025
-5547.26508
-5556.06382
-5575.11282
-5587.74500
-5603.67981
-5578.81027
-5577.86846
-5563.99707
-5568.58216
-5592.23018
-5578.76418
-5589.20454
-5592.81905
-5590.88388
-5602.31811
-5606.08871
-5584.71797
-5582.98285
-5610.42663
-5580.46133
-5586.90124
-5581.27866
-5529.61237
-5568.69180
-5565.54754
-5556.16599
-5550.15259
-5554.40424
-5545.23806
-5553.20970
-5543.02793
-5571.35659
-5557.63364
-5566.54103
-5562.42750
-5542.84111
-5542.26106
-5557.95483
-5540.89533
-5546.95462
-5566.89048
-5612.48266
-5624.86882
-5608.98712
-5591.27251
-5593.10454
-5548.62298
-5553.49330
-5559.32674
-5554.19799
-5593.78652
-5569.38130
-5565.59486
-5606.38130
-5581.68668
-5547.89325
-5586.00897
-5578.01465
-5558.82723
-5546.79612
-5549.88716
-5541.58671
-5558.17026
-5547.49866
-5551.41186
-5549.83768
-5532.38850
-5577.33867
-5571.11141
-5556.29865
-5534.50715
-5514.26687
-5557.51237
-5546.48308
-5530.27398
-5568.14676
-5580.94590
-5602.95867
-5605.76982
-5566.16737
-5582.17668
-5583.16329
-5575.60363
-5527.82163
-5535.77165
-5510.98001
-5547.53046
-5566.91711
-5530.53587
-5539.68826
-5553.31634
-5530.67138
-5549.36817
-5555.89007
-5562.88611
-5564.14220
-5567.44000
-5566.49851
-5558.28022
-5526.53678
-5553.68706
-5575.70071
-5580.47237
-5567.25193
-5588.72055
-5589.28096
-5576.21441
-5569.38808
-5582.42166
-5599.01505
-5597.83369
-5624.16629
-5596.16854
-5561.56487
-5547.74323
-5557.13401
-5567.40263
-5598.51354
-5572.47469
-5583.31805
-5592.77460
-5595.51102
-5572.77670
-5581.71833
-5578.47176
-5582.85399
-5563.86537
-5564.99187
-5587.60271
-5579.41578
-5534.81599
-5545.53194
-5525.45010
-5551.57549
-5553.66084
-5557.48575
-5554.16204
-5555.76867
-5560.06499
-5579.25008
-5587.90374
-5569.25584
-5570.88778
-5596.15899
-5565.43320
-5555.41326
-5578.61385
-5610.24195
-5602.84792
-5597.24063
-5552.84549
-5542.43903
-5563.26591
-5547.44339
-5605.76842
-5606.20193
-5609.85241
-5602.20323
-5568.76299
-5569.79723
-5575.27776
-5581.54124
-5558.68146
-5577.78639
-5531.02808
-5544.70903
-5555.19438
-5539.98511
-5542.03513
-5558.29132
-5559.33094
-5572.72026
-5555.12075
-5540.50725
-5596.12327
-5573.16324
-5569.27946
-5551.00903
-5570.23552
-5540.73902
-5544.09598
-5546.01371
-5554.23048
-5569.08975
-5579.31204
-5610.60304
-5600.59718
-5602.44907
-5577.40747
-5579.85853
-5556.02677
-5569.86864
-5567.95075
-5552.30963
-5581.68974
-5532.96865
-5538.60591
-5539.64353
-5551.61082
-5554.55422
-5574.27928
-5564.18114
-5546.09852
-5540.86236
-5561.05823
-5571.72649
-5561.28978
-5560.34990
-5571.64806
-5555.03678
-5535.34848
-5519.45063
-5547.83171
-5538.06002
-5548.16174
-5580.24870
-5591.08741
-5582.95300
-5599.67962
-5561.08039
-5549.36930
-5538.33960
-5523.59406
-5555.18793
-5573.02518
-5578.71180
-5598.08045
-5569.37379
-5585.90090
-5615.02315
-5593.43340
-5552.69377
-5564.25110
-5523.91607
-5529.93735
-5548.70966
-5561.96925
-5547.68509
-5565.76776
-5567.36011
-5560.43496
-5549.15930
-5560.49216
-5578.32612
-5568.44286
-5586.55682
-5551.76719
-5582.73994
-5574.11130
-5577.79465
-5560.70491
-5587.54381
-5574.96130
-5561.29565
-5563.44618
-5590.15669
-5612.88014
-5617.61138
-5583.59447
-5598.25637
-5591.19295
-5591.58397
-5560.04626
-5560.06918
-5560.19425
-5574.73642
-5553.44936
-5568.79821
-5537.39592
-5576.41414
-5574.37593
-5560.07090
-5601.87115
-5583.72701
-5576.31618
-5587.07775
-5571.70344
-5563.03805
-5579.73948
-5548.56835
-5539.22412
-5547.74442
-5539.43271
-5572.63716
-5593.70787
-5602.19081
-5566.58224
-5557.74180
-5562.61813
-5576.60044
-5609.64469
-5594.54790
-5592.44602
-5576.94075
-5580.81333
-5566.46391
-5576.83141
-5572.64601
-5600.40427
-5595.22429
-5576.86441
-5583.87809
-5563.38341
-5558.90923
-5541.38607
-5553.62580
-5576.60986
-5591.88986
-5609.01945
-5575.98710
-5589.32086
-5588.03829
-5575.34835
-5567.76993
-5557.36207
-5528.15379
-5542.49558
-5579.24720
-5596.06541
-5592.91047
-5604.47535
-5584.34551
-5593.85736
-5611.03251
-5611.10751
-5587.68803
-5603.23967
-5602.10033
-5588.02743
-5590.03861
-5582.90378
-5611.59737
-5580.05075
-5594.59382
-5579.31010
-5575.67395
-5558.27884
-5570.89475
-5553.17216
-5537.50522
-5555.25236
-5569.93770
-5590.87114
-5575.72427
-5575.42229
-5583.66917
-5596.35233
-5593.70135
-5557.59467
-5556.59101
-5525.46102
-5510.65565
-5549.41147
-5562.69347
-5572.08771
-5606.73874
-5597.41384
-5578.90788
-5574.48450
-5569.73299
-5565.26753
-5567.36781
-5590.56166
-5595.54013
-5610.40317
-5582.94920
-5586.47023
-5587.14832
-5610.57624
-5592.99557
-5596.54519
-5621.01606
-5624.68173
-5645.10840
-5615.33770
-5597.19813
-5574.89847
-5567.59826
-5576.92999
-5578.64847
-5592.18301
-5610.59782
-5595.97651
-5594.96928
-5617.17400
-5602.91198
-5577.32915
-5584.36386
-5595.66753
-5554.22700
-5593.91287
-5562.40912
-5555.86042
-5555.03253
-5569.87265
-5550.36053
-5547.39465
-5574.03534
-5600.62805
-5607.81513
-5624.50486
-5612.49971
-5620.27103
-5579.08143
-5578.78525
-5586.74543
-5587.39687
-5568.43877
-5577.94685
-5587.78678
-5567.25778
-5553.34948
-5589.72997
-5590.28950
-5566.41633
-5598.88473
-5558.84822
-5578.35374
-5580.20636
-5600.97371
-5604.04696
-5572.68062
-5595.98051
-5563.81616
-5572.42208
-5570.01368
-5608.72304
-5571.62807
-5596.02827
-5602.82957
-5597.90046
-5581.47341
-5583.32171
-5557.77144
-5547.84802
-5559.89267
-5532.84356
-5532.29886
-5544.93228
-5538.18476
-5553.46045
-5546.76352
-5562.56276
-5553.22471
-5552.73209
-5537.17262
-5553.70971
-5541.42939
-5556.00415
-5575.63103
-5587.57015
-5544.38930
-5525.78002
-5551.53156
-5529.01612
-5523.78338
-5521.51206
-5570.47788
-5539.68472
-5513.03423
-5500.98897
-5511.14457
-5527.31047
-5518.03456
-5525.20711
-5594.00745
-5616.50175
-5585.02371
-5538.62114
-5564.95999
-5588.84932
-5577.67072
-5548.20921
-5564.51802
-5576.51510
-5592.84776
-5582.42087
-5567.04031
-5553.41989
-5552.29013
-5560.02101
-5570.17666
-5578.64524
-5524.84587
-5546.70671
-5519.11950
-5515.95013
-5549.20848
-5549.84476
-5549.64670
-5598.92756
-5595.61288
-5573.10884
-5571.96881
-5605.67079
-5597.08006
-5601.53967
-5607.88014
-5572.42242
-5537.40920
-5558.33821
-5585.36460
-5572.61327
-5582.47210
-5538.22686
-5559.96189
-5570.39773
-5604.43016
-5581.49733
-5587.27305
-5601.15861
-5564.70423
-5582.81711
-5537.96440
-5522.76435
-5525.59348
-5524.83458
-5539.63219
-5560.76147
-5578.07407
-5538.20611
-5554.61227
-5553.71062
-5554.00780
-5558.14533
-5547.25444
-5558.32696
-5536.98082
-5560.39938
-5569.99138
-5560.40973
-5578.90293
-5567.00232
-5577.23371
-5562.44902
-5536.02093
-5532.24361
-5571.10575
-5541.54152
-5555.76376
-5570.26456
-5589.89215
-5600.43561
-5561.75757
-5587.67809
-5582.24027
-5611.51797
-5583.06667
-5570.50804
-5591.31356
-5575.72674
-5586.80218
-5532.17486
-5543.47402
-5547.45003
-5560.78567
-5565.31979
-5574.08348
-5531.23701
-5553.67572
-5565.31359
-5562.32638
-5564.96073
-5540.70391
-5588.95804
-5575.43079
-5573.23318
-5547.87237
-5538.02883
-5574.21640
-5576.54830
-5577.48031
-5556.46852
-5560.45092
-5507.27199
-5558.13023
-5546.44525
-5537.23628
-5564.97931
-5565.49455
-5575.44789
-5560.03771
-5551.74940
-5601.51489
-5573.59219
-5601.60955
-5592.87561
-5575.02249
-5569.88749
-5542.15201
-5548.90846
-5552.29316
-5577.12365
-5545.03727
-5568.11630
-5564.89428
-5566.26832
-5557.74822
-5568.29355
-5573.69970
-5569.39520
-5581.97212
-5554.61738
-5575.65841
-5599.10538
-5576.55912
-5583.38042
-5592.81434
-5608.48637
-5596.66233
-5581.73346
-5556.68130
-5553.40624
-5551.05460
-5551.03815
-5532.06398
-5528.84938
-5555.87566
-5579.98805
-5564.78006
-5549.25695
-5549.35825
-5543.31503
-5579.06628
-5583.98251
-5562.42704
-5544.44987
-5549.30644
-5552.40954
-5563.56816
-5571.19345
-5541.80553
-5603.09309
-5593.71279
-5562.79649
-5549.63737
-5565.94656
-5576.04609
-5570.27063
-5561.75702
-5564.54371
-5584.59750
-5593.03427
-5549.86337
-5540.01266
-5561.82383
-5548.82478
-5591.34807
-5578.95686
-5595.40371
-5575.74015
-5545.81085
-5573.80340
-5532.92997
-5547.11834
-5540.58255
-5549.99493
-5563.99467
-5590.16966
-5570.41120
-5597.43084
-5613.18980
-5628.43551
-5608.61082
-5600.35257
-5584.39414
-5574.79356
-5600.58646
-5587.22926
-5609.37021
-5573.95956
-5541.59036
-5550.92206
-5560.39798
-5560.69991
-5576.69879
-5558.90774
-5539.60642
-5547.45076
-5566.76927
-5579.85820
-5561.34862
-5555.65037
-5560.68254
-5567.38612
-5585.50299
-5587.26714
-5556.95763
-5585.59965
-5588.51535
-5586.66420
-5563.92335
-5561.15440
-5582.65046
-5573.84851
-5558.07925
-5584.45906
-5591.53526
-5582.80888
-5597.38932
-5578.54981
-5582.78967
-5600.78305
-5579.07365
-5578.79689
-5574.19724
-5550.43236
-5553.53922
-5550.69958
-5576.45699
-5586.41855
-5565.80116
-5528.99257
-5534.79112
-5566.02699
-5580.98031
-5583.32656
-5577.59160
-5607.73935
-5611.15087
-5599.00120
-5583.04648
-5571.77278
-5617.18155
-5585.73488
-5579.03811
-5593.77222
-5562.79531
-5590.43653
-5584.42163
-5577.98769
-5590.58008
-5565.17955
-5570.87031
-5574.14528
-5558.14590
-5542.60676
-5620.10374
-5611.53530
-5575.45761
-5554.09659
-5559.20091
-5587.24061
-5591.15357
-5574.01044
-5585.17239
-5571.48404
-5585.50491
-5563.32473
-5590.48628
-5576.12946
-5571.12169
-5603.22222
-5610.30135
-5581.92409
-5598.37330
-5578.24103
-5612.31930
-5596.79554
-5548.79172
-5547.49789
-5584.64109
-5599.19235
-5580.52078
-5567.20073
-5557.22694
-5566.32412
-5582.88367
-5588.93010
-5590.11688
-5582.69863
-5587.97444
-5566.49784
-5559.51578
-5557.72826
-5564.54532
-5553.91190
-5561.56624
-5546.58232
-5562.02950
-5567.99567
-5590.34971
-5564.83634
-5554.27922
-5568.91352
-5575.52838
-5565.08877
-5544.55716
-5533.94825
-5534.04418
-5549.05262
-5568.18154
-5575.39143
-5574.32039
-5588.47439
-5588.38850
-5562.30479
-5574.15780
-5594.14675
-5612.11545
-5599.87979
-5572.77674
-5567.95649
-5576.67697
-5560.77330
-5522.37290
-5545.69475
-5548.79838
-5541.71936
-5526.84700
-5524.98176
-5528.39633
-5539.65115
-5549.25623
-5587.72713
-5587.69539
-5603.04810
-5565.97055
-5555.93463
-5572.42072
-5572.69712
-5579.34347
-5580.24470
-5585.23150
-5582.74080
-5559.59520
-5554.40759
-5571.39869
-5552.38805
-5576.54257
-5562.16868
-5582.96279
-5624.76724
-5597.52834
-5589.01930
-5609.30733
-5589.11618
-5601.65706
-5580.30780
-5609.71288
-5604.08956
-5581.52040
-5582.68193
-5572.43689
-5551.19087
-5605.78312
-5611.43492
-5609.86930
-5586.34604
-5617.46832
-5597.23214
-5585.37569
-5574.82727
-5582.12383
-5604.38444
-5583.98941
-5577.45464
-5551.12220
-5570.52932
-5555.94212
-5543.65973
-5534.87720
-5587.97807
-5591.93790
-5574.84349
-5575.35813
-5594.47824
-5587.16898
-5591.31481
-5552.77524
-5530.73346
-5533.06880
-5533.62288
-5515.13321
-5502.39049
-5552.62928
-5564.84736
-5562.72157
-5563.71332
-5559.59234
-5558.97231
-5576.02297
-5588.62019
-5573.52146
-5544.69815
-5558.07891
-5560.15921
-5571.42135
-5596.75102
-5554.12909
-5514.13032
-5580.50650
-5585.78254
-5585.90480
-5579.51326
-5589.35194
-5580.99141
-5550.48309
-5596.47940
-5578.82056
-5559.71518
-5580.90753
-5565.39595
-5577.38405
-5599.04906
-5590.34110
-5553.70279
-5582.28358
-5574.23366
-5585.60236
-5607.80983
-5600.51193
-5581.45971
-5592.61276
-5598.08057
-5600.06418
-5581.17254
-5578.97644
-5579.43935
-5577.50884
-5575.31493
-5563.69617
-5554.33995
-5570.33959
-5578.11709
-5590.65969
-5604.09813
-5571.37596
-5567.62601
-5592.68693
-5559.76276
-5565.91568
-5543.07376
-5555.52862
-5573.89758
-5558.16392
-5557.24228
-5574.39656
-5596.61108
-5598.52432
-5573.50207
-5592.09446
-5600.72494
-5591.34018
-5617.73555
-5580.46694
-5571.71341
-5603.44442
-5614.24399
-5624.74593
-5596.77192
-5601.93513
-5625.75035
-5596.95825
-5546.01706
-5554.43912
-5569.25791
-5584.37879
-5586.73398
-5589.20321
-5576.34514
-5583.95236
-5561.31358
-5588.89504
-5588.83678
-5609.57982
-5610.87076
-5587.74594
-5602.33178
-5592.32000
-5608.62178
-5553.59104
-5582.98993
-5577.32989
-5579.15657
-5571.80397
-5568.56340
-5561.54843
-5583.79384
-5554.86387
-5546.31704
-5549.28395
-5531.73100
-5537.55116
-5550.63407
-5537.83634
-5565.95240
-5573.07878
-5603.15136
-5549.88617
-5549.35537
-5557.76313
-5560.85661
-5550.86726
-5554.80342
-5545.27220
-5574.94783
-5580.51709
-5552.12573
-5580.53142
-5569.42497
-5606.02643
-5585.97868
-5572.06985
-5578.35850
-5573.15567
-5570.50374
-5567.52237
-5585.48289
-5576.00358
-5583.73762
-5576.20524
-5578.25919
-5579.42293
-5635.46496
-5590.83100
-5580.75029
-5574.20542
-5603.12236
-5629.33623
-5630.22444
-5599.00981
-5582.36715
-5563.50264
-5550.88206
-5587.12481
-5566.55713
-5555.85902
-5585.14890
-5572.15798
-5603.34813
-5593.06189
-5588.87986
-5549.79441
-5565.03992
-5553.42325
-5590.50437
-5612.64621
-5591.80093
-5598.04849
-5579.41436
-5596.75101
-5611.39885
-5619.42828
-5602.93090
-5588.58948
-5584.20344
-5558.85894
-5563.53565
-5543.20527
-5587.34578
-5558.06679
-5565.94407
-5558.89714
-5573.77675
-5572.22321
-5575.79182
-5589.13099
-5596.91715
-5590.61299
-5585.44881
-5594.29182
-5561.30695
-5559.45777
-5543.70282
-5567.20926
-5580.84546
-5580.04863
-5601.01601
-5597.86308
-5598.66614
-5599.02469
-5591.77608
-5596.74416
-5606.54839
-5588.41392
-5580.37337
-5571.71359
-5564.27622
-5580.77339
-5552.60537
-5579.29640
-5563.57746
-5562.62622
-5560.50952
-5537.56983
-5577.61197
-5611.51935
-5617.84844
-5607.94168
-5569.13560
-5562.84001
-5584.98392
-5571.49076
-5553.21075
-5598.38231
-5596.67846
-5579.14729
-5565.84697
-5572.24904
-5555.11951
-5572.59458
-5554.87724
-5582.60550
-5577.84953
-5575.92397
-5607.68230
-5626.67083
-5585.96314
-5567.17320
-5597.40498
-5598.64060
-5586.78408
-5573.11645
-5580.62454
-5577.34006
-5565.73528
-5562.95878
-5553.54659
-5523.03243
-5549.03733
-5567.92420
-5588.92399
-5590.04726
-5580.03745
-5566.24666
-5584.90189
-5592.02299
-5566.82033
-5568.46761
-5580.89057
-5552.27142
-5576.93981
-5545.19978
-5551.07849
-5536.04460
-5543.50119
-5560.83036
-5538.11381
-5547.55541
-5567.07957
-5555.27868
-5562.34544
-5563.65136
-5552.82653
-5574.95433
-5557.20457
-5559.24239
-5568.66971
-5564.07429
-5587.52950
-5630.80995
-5598.76272
-5621.07057
-5626.19451
-5612.71590
-5603.42832
-5581.29581
-5554.11802
-5592.56261
-5567.51192
-5547.93971
-5537.11627
-5534.53223
-5518.93949
-5557.09071
-5563.77371
-5573.26112
-5582.34990
-5590.18583
-5605.36809
-5590.37208
-5590.54766
-5588.77655
-5627.82975
-5587.97784
-5576.08849
-5548.83533
-5577.89041
-5578.87597
-5563.53825
-5569.62064
-5541.03923
-5519.99855
-5532.83692
-5549.46806
-5514.37782
-5534.28406
-5567.64902
-5559.04468
-5564.21930
-5553.23521
-5563.81235
-5553.91973
-5568.07654
-5551.78755
-5555.23948
-5541.90967
-5544.82538
-5532.63186
-5559.32329
-5577.30299
-5570.14256
-5554.68208
-5568.12365
-5556.66630
-5538.68239
-5547.49482
-5545.80381
-5563.01983
-5605.59522
-5603.25338
-5573.03005
-5582.54438
-5573.48636
-5581.82764
-5598.81645
-5602.82330
-5605.55451
-5548.65903
-5550.90111
-5588.98008
-5607.81877
-5604.72943
-5606.25823
-5615.45163
-5608.76543
-5613.56268
-5579.12180
-5581.53981
-5620.74201
-5583.52868
-5584.96437
-5586.59998
-5588.01241
-5556.89213
-5573.49195
-5564.86996
-5562.87011
-5580.46548
-5567.13733
-5581.65373
-5606.59153
-5620.08724
-5585.17665
-5594.94070
-5560.42933
-5529.04265
-5534.33164
-5540.70177
-5552.15660
-5554.94137
-5556.44000
-5575.97735
-5589.95802
-5606.10653
-5593.15046
-5580.73957
-5565.61045
-5551.54166
-5604.50660
-5606.77356
-5583.43024
-5609.83130
-5587.24926
-5591.57480
-5558.21851
-5557.76353
-5587.26339
-5601.70755
-5569.05130
-5578.57700
-5590.79980
-5552.67779
-5596.83500
-5555.92059
-5593.89276
-5560.52526
-5585.48447
-5528.72873
-5537.44907
-5531.15416
-5545.23091
-5568.36932
-5583.25815
-5571.40586
-5569.98185
-5567.57208
-5582.46689
-5586.19284
-5586.63331
-5586.14301
-5563.01955
-5581.10918
-5606.32778
-5591.42383
-5588.01106
-5585.41931
-5585.87171
-5551.91197
-5561.43385
-5576.74474
-5571.47870
-5571.23450
-5555.18796
-5597.38175
-5595.52917
-5560.05984
-5578.85771
-5610.08181
-5595.55664
-5578.29280
-5571.49697
-5560.10566
-5561.10336
-5566.43511
-5515.15352
-5539.51421
-5568.20093
-5584.76503
-5557.98011
-5555.08417
-5536.39844
-5557.43393
-5566.34005
-5558.63082
-5572.32772
-5577.92297
-5559.25413
-5545.80998
-5541.54696
-5540.90736
-5561.96988
-5566.11662
-5590.54924
-5597.82913
-5595.92069
-5584.94857
-5570.79054
-5552.20913
-5535.94675
-5526.76548
-5570.46267
-5598.46945
-5629.56949
-5615.75862
-5570.71505
-5581.56211
-5584.87300
-5593.54471
-5575.36917
-5552.94400
-5558.71640
-5550.70619
-5541.00538
-5553.03405
-5536.74469
-5542.63821
-5531.56922
-5541.26573
-5524.13781
-5534.26618
-5566.03705
-5543.36586
-5579.21598
-5599.58668
-5584.31586
-5561.94181
-5543.26523
-5543.62143
-5540.20898
-5587.90947
-5583.70174
