-5425.47676
-5426.19215
-5376.26208
-5385.05198
-5399.36462
-5390.60296
-5406.44985
-5430.31768
-5414.82223
-5401.21915
-5409.40216
-5362.84611
-5381.10811
-5343.10962
-5326.56022
-5405.23572
-5404.12378
-5403.17432
-5398.62023
-5413.22593
-5432.46362
-5442.39842
-5439.41249
-5410.66861
-5402.13586
-5384.36139
-5401.07627
-5382.66605
-5384.18726
-5392.47803
-5410.33626
-5410.51516
-5400.41772
-5391.94592
-5381.89007
-5389.04506
-5406.62591
-5398.29388
-5424.59010
-5373.45016
-5382.03304
-5413.63034
-5338.12181
-5360.90269
-5378.78021
-5409.58388
-5431.47537
-5409.20410
-5393.67117
-5406.03877
-5438.77950
-5432.87660
-5427.33429
-5419.98149
-5419.95733
-5411.51309
-5420.62154
-5423.55859
-5409.92198
-5431.79453
-5433.36264
-5416.48413
-5390.01997
-5378.41333
-5402.67543
-5444.33138
-5412.88559
-5411.61193
-5426.99559
-5405.59167
-5377.59133
-5366.85563
-5386.34152
-5423.18414
-5382.42199
-5396.64179
-5386.74227
-5440.79853
-5407.87289
-5420.70111
-5399.01886
-5375.09417
-5371.17913
-5370.79220
-5432.15224
-5420.42301
-5438.83032
-5427.41838
-5447.72375
-5440.39705
-5424.20759
-5417.78204
-5400.04143
-5390.82915
-5399.76565
-5385.30146
-5385.56601
-5401.34738
-5432.68828
-5457.12340
-5438.10683
-5405.91350
-5422.08008
-5431.35088
-5403.11383
-5402.82549
-5389.30852
-5379.13110
-5414.51885
-5426.31590
-5423.93187
-5410.19041
-5376.33055
-5381.91181
-5415.39937
-5384.01636
-5420.19995
-5448.25700
-5404.22111
-5361.89351
-5415.75232
-5408.84596
-5413.61387
-5396.45645
-5389.96957
-5424.35652
-5405.59202
-5414.89044
-5385.14063
-5396.75691
-5407.32961
-5440.78355
-5419.12554
-5391.70603
-5425.09007
-5401.22894
-5414.12851
-5397.22189
-5401.54572
-5413.04930
-5407.37464
-5433.59027
-5406.19532
-5426.87776
-5414.28309
-5394.91430
-5382.10693
-5422.67168
-5412.47561
-5401.68810
-5434.01710
-5445.97437
-5433.29126
-5428.99076
-5399.34335
-5426.41449
-5437.19763
-5444.58785
-5452.16906
-5402.30861
-5406.70331
-5402.41658
-5408.88718
-5411.28787
-5422.87155
-5459.51479
-5438.30592
-5419.03412
-5416.75868
-5454.71800
-5421.48484
-5412.46096
-5428.49379
-5427.43220
-5435.15035
-5417.36897
-5386.88462
-5405.58857
-5403.08672
-5424.44182
-5402.35431
-5396.89159
-5383.01190
-5393.42497
-5416.41273
-5436.87177
-5384.13815
-5405.41337
-5436.99682
-5470.05780
-5438.87504
-5442.68881
-5442.02875
-5418.07368
-5434.82520
-5443.20469
-5389.08855
-5395.51024
-5393.00382
-5391.18543
-5402.43479
-5433.60473
-5406.51082
-5416.22144
-5413.21965
-5435.75708
-5428.89494
-5423.66929
-5398.50915
-5427.65556
-5440.56672
-5407.24325
-5442.62873
-5424.97712
-5423.54682
-5390.53212
-5383.45061
-5411.82329
-5398.14182
-5383.32192
-5385.70589
-5382.97655
-5381.62015
-5435.52944
-5422.19997
-5411.37351
-5395.85077
-5422.56013
-5420.71414
-5403.93566
-5399.50264
-5457.46658
-5396.24161
-5378.81876
-5385.59117
-5407.45738
-5400.43771
-5393.37898
-5392.47427
-5394.76846
-5398.98110
-5401.63983
-5420.08440
-5414.92352
-5399.04913
-5411.36080
-5401.88437
-5421.60286
-5430.29033
-5444.92285
-5441.32511
-5420.60326
-5418.99561
-5425.13260
-5408.72940
-5431.66855
-5433.85826
-5373.97943
-5383.16794
-5392.41466
-5369.43759
-5423.58241
-5384.54461
-5375.69733
-5388.10251
-5425.21623
-5408.63356
-5395.69971
-5420.26937
-5432.73092
-5389.59506
-5421.85132
-5400.24406
-5389.55597
-5391.96403
-5413.40471
-5413.58879
-5426.28003
-5397.02679
-5414.84746
-5397.57725
-5389.35832
-5402.34023
-5408.60127
-5424.28481
-5416.60585
-5423.55944
-5441.11158
-5398.44040
-5413.08096
-5390.10797
-5406.74198
-5403.96437
-5443.24116
-5409.40358
-5418.67616
-5419.07313
-5401.09053
-5402.77229
-5438.01282
-5415.77488
-5447.50506
-5435.07139
-5443.96374
-5392.32535
-5441.75546
-5447.72888
-5387.74105
-5420.14419
-5433.62651
-5435.46915
-5408.83872
-5435.19557
-5453.79903
-5450.93925
-5405.84431
-5378.67831
-5429.00626
-5432.67556
-5432.88422
-5430.43419
-5415.81312
-5428.13670
-5430.17522
-5449.92584
-5400.18933
-5391.02402
-5392.11781
-5402.54472
-5396.46691
-5391.80388
-5426.83736
-5413.51868
-5406.71084
-5428.53588
-5430.02488
-5396.72852
-5455.75249
-5477.74608
-5445.64359
-5417.96237
-5411.37402
-5468.77245
-5442.23317
-5390.65898
-5428.90279
-5422.01556
-5378.25638
-5366.57717
-5416.44248
-5424.84785
-5424.56028
-5425.15585
-5412.24579
-5449.30346
-5427.05747
-5409.79595
-5372.52620
-5370.66802
-5380.41769
-5390.88178
-5437.75337
-5404.09456
-5359.81526
-5362.27506
-5405.65055
-5389.41031
-5382.94163
-5389.61027
-5437.25588
-5421.25265
-5410.09751
-5399.80438
-5409.92837
-5413.43279
-5392.30735
-5363.54271
-5406.89116
-5410.08061
-5406.76606
-5396.97916
-5378.95532
-5378.52359
-5403.65035
-5374.17091
-5398.94602
-5412.74236
-5401.72723
-5400.37203
-5374.83975
-5436.21158
-5431.76071
-5418.94735
-5367.94596
-5416.14281
-5408.53378
-5397.64998
-5405.16930
-5398.64498
-5409.03307
-5397.20013
-5417.04314
-5382.79042
-5403.48358
-5430.75542
-5398.61707
-5398.02401
-5390.45501
-5402.43661
-5409.98966
-5360.62670
-5368.33011
-5375.33186
-5410.50723
-5371.49295
-5406.14768
-5396.87682
-5374.66851
-5400.60119
-5412.69348
-5412.68994
-5422.55038
-5427.74758
-5406.28676
-5409.46185
-5420.73501
-5392.20816
-5360.49835
-5375.06085
-5395.94588
-5409.95198
-5400.40110
-5415.17428
-5416.00342
-5432.18184
-5419.50265
-5435.23408
-5462.38661
-5448.31155
-5410.11044
-5415.08298
-5424.38395
-5387.25772
-5396.44075
-5421.68887
-5427.37536
-5378.26257
-5397.86486
-5434.48033
-5417.18513
-5404.71415
-5402.74669
-5406.76366
-5415.27049
-5366.42097
-5401.43828
-5441.63658
-5420.81963
-5444.34594
-5450.84684
-5416.36488
-5420.92373
-5401.35010
-5394.30787
-5388.02395
-5415.41996
-5409.91198
-5413.82086
-5391.76193
-5428.87658
-5442.95997
-5428.53187
-5395.66463
-5393.56775
-5436.34014
-5437.29520
-5412.74186
-5406.32363
-5426.53101
-5401.69307
-5391.04613
-5424.80536
-5420.48135
-5400.95756
-5425.17595
-5403.95320
-5401.67926
-5414.98563
-5412.88094
-5415.30091
-5414.18569
-5420.21913
-5386.64935
-5388.07710
-5438.00330
-5438.27809
-5423.36962
-5401.78343
-5419.11588
-5400.61359
-5404.17383
-5414.26456
-5438.15466
-5419.74625
-5417.67413
-5406.89396
-5398.31873
-5394.00682
-5385.73550
-5370.44654
-5395.84339
-5405.47855
-5376.99919
-5415.67902
-5398.28119
-5396.13642
-5416.38683
-5417.26277
-5388.13459
-5409.70598
-5411.56391
-5396.69344
-5384.97456
-5375.49077
-5389.55183
-5368.39512
-5419.42405
-5406.22637
-5369.50708
-5380.95431
-5397.15475
-5379.82402
-5437.71336
-5410.86686
-5365.61285
-5427.46573
-5434.22234
-5389.30901
-5396.55401
-5386.39380
-5434.60662
-5429.25628
-5413.33659
-5428.20983
-5422.75023
-5423.58476
-5419.96990
-5398.93131
-5420.58165
-5400.95051
-5447.32448
-5405.44373
-5382.59898
-5388.42759
-5412.74063
-5418.02837
-5414.67509
-5416.48093
-5397.98410
-5452.49263
-5423.02757
-5475.23875
-5395.07153
-5389.77709
-5415.38522
-5453.98238
-5411.70694
-5422.05565
-5425.54812
-5420.76143
-5419.78352
-5400.21072
-5369.56977
-5416.15720
-5433.74581
-5382.11474
-5380.21978
-5364.07873
-5393.84518
-5413.78457
-5412.14968
-5432.71645
-5426.91041
-5378.64075
-5401.13703
-5427.12780
-5484.50805
-5473.31177
-5411.55822
-5426.66723
-5426.91616
-5424.68541
-5388.03807
-5397.65442
-5400.99430
-5392.00041
-5398.52183
-5406.78597
-5424.62770
-5418.09096
-5403.97406
-5404.54315
-5442.82220
-5436.37567
-5384.57440
-5386.81143
-5406.24398
-5399.91456
-5383.28132
-5393.46897
-5439.47447
-5393.15192
-5386.76869
-5433.44660
-5439.73424
-5446.43249
-5448.46432
-5423.91816
-5406.18527
-5399.28771
-5433.74187
-5443.52054
-5438.96106
-5432.99547
-5446.65246
-5425.34769
-5415.31705
-5436.46077
-5403.08621
-5405.74730
-5409.05512
-5447.60674
-5455.84701
-5405.99241
-5395.80005
-5394.06400
-5400.52087
-5419.67924
-5404.67591
-5394.97677
-5418.79198
-5413.81084
-5405.27276
-5381.61081
-5389.43168
-5416.84388
-5413.17914
-5426.27715
-5415.60773
-5423.68149
-5395.14980
-5434.04632
-5437.58383
-5433.22346
-5402.25365
-5429.28706
-5451.17601
-5420.12850
-5368.21720
-5378.79838
-5403.29172
-5401.47306
-5382.57420
-5411.16655
-5415.23581
-5408.84616
-5418.52936
-5383.67939
-5360.18230
-5392.87501
-5405.59420
-5372.49345
-5406.31787
-5427.24696
-5426.24791
-5440.51709
-5407.49131
-5402.04269
-5371.58179
-5389.56829
-5380.82155
-5363.14291
-5401.23559
-5400.43802
-5437.03559
-5412.55902
-5441.82470
-5423.28611
-5424.35303
-5389.80591
-5403.00789
-5411.81339
-5424.98122
-5417.59730
-5388.32145
-5392.75605
-5451.94913
-5433.26431
-5452.42788
-5357.61328
-5384.50927
-5425.01896
-5440.94598
-5405.68774
-5400.61214
-5401.31911
-5397.99342
-5384.93285
-5371.10228
-5368.78616
-5414.69772
-5450.06995
-5409.78080
-5413.67238
-5422.19294
-5410.39875
-5391.52188
-5392.37190
-5394.29635
-5392.09908
-5412.68912
-5428.24052
-5387.22764
-5376.94263
-5381.13681
-5418.95817
-5398.71959
-5419.94019
-5413.97334
-5411.77632
-5416.74830
-5408.85608
-5405.53620
-5410.53050
-5397.56621
-5431.14021
-5401.81806
-5377.43818
-5421.54246
-5384.71598
-5413.24666
-5423.29350
-5474.21382
-5454.19645
-5426.37182
-5460.73034
-5457.20846
-5409.67968
-5417.31179
-5394.29438
-5411.80688
-5449.32907
-5442.43719
-5417.05147
-5430.34082
-5447.29577
-5434.76475
-5416.43080
-5411.94581
-5381.21767
-5415.00174
-5404.14243
-5394.09429
-5413.91520
-5388.80091
-5399.91051
-5414.18529
-5439.63854
-5436.00932
-5431.03746
-5452.44405
-5455.12586
-5393.85649
-5384.05368
-5366.95717
-5364.88067
-5405.76267
-5394.71012
-5407.57317
-5417.55797
-5406.56169
-5406.13872
-5415.83053
-5377.27301
-5403.88988
-5426.50954
-5439.97053
-5439.20538
-5391.13114
-5408.98713
-5375.68678
-5381.37799
-5389.89076
-5423.74796
-5421.00508
-5398.93460
-5435.80838
-5420.42588
-5397.03897
-5391.50346
-5390.04084
-5411.88939
-5389.94875
-5431.24109
-5401.04874
-5397.41490
-5387.51876
-5361.84758
-5418.11615
-5384.17966
-5345.05754
-5354.28406
-5382.56530
-5369.22915
-5368.10718
-5355.23395
-5380.17606
-5390.03700
-5389.20887
-5390.39632
-5421.73870
-5433.87692
-5405.55421
-5432.86167
-5427.47282
-5452.81311
-5398.57435
-5401.95637
-5441.92395
-5456.52642
-5389.10939
-5367.82307
-5400.36954
-5405.10533
-5416.60952
-5404.69773
-5441.79890
-5462.36291
-5456.45753
-5448.70900
-5465.69114
-5405.28985
-5411.26817
-5427.91615
-5425.89281
-5422.06004
-5400.23526
-5428.49758
-5439.56376
-5435.39438
-5437.51630
-5417.36544
-5399.84569
-5364.93527
-5390.53786
-5407.84136
-5407.49206
-5450.49518
-5433.25800
-5373.31243
-5412.44266
-5427.43829
-5387.28563
-5398.64815
-5397.43892
-5396.00745
-5406.95889
-5439.50336
-5424.41126
-5418.77826
-5402.10209
-5400.83047
-5384.58922
-5437.75649
-5412.96658
-5427.15285
-5412.95844
-5402.42517
-5426.39104
-5396.14546
-5453.20106
-5455.38294
-5450.30669
-5435.40740
-5420.02991
-5432.39323
-5473.42941
-5452.99516
-5412.65632
-5429.45571
-5438.30370
-5399.00495
-5381.36518
-5403.93236
-5417.55921
-5460.26490
-5428.96632
-5458.71281
-5423.10982
-5400.76607
-5406.79205
-5452.22381
-5449.52011
-5435.87302
-5409.02662
-5449.02705
-5435.00402
-5414.21050
-5449.75446
-5454.29959
-5428.58126
-5384.82733
-5402.35458
-5386.96189
-5376.53512
-5395.47761
-5437.31678
-5433.62088
-5408.11504
-5431.01993
-5412.12285
-5439.39479
-5414.97247
-5427.97770
-5422.06572
-5413.85504
-5410.20889
-5393.92629
-5424.28279
-5431.95103
-5406.33955
-5426.67853
-5397.93282
-5411.52290
-5408.09997
-5421.38932
-5436.66021
-5421.44504
-5427.55976
-5463.90378
-5463.89767
-5440.87776
-5438.87282
-5399.04053
-5402.14393
-5398.27195
-5364.04476
-5396.56943
-5409.42024
-5408.38296
-5415.24523
-5444.14108
-5450.48311
-5407.78835
-5392.92675
-5416.07599
-5409.43697
-5399.78223
-5407.03970
-5441.31691
-5413.69506
-5417.39422
-5453.31805
-5394.72563
-5427.84147
-5370.39881
-5427.05845
-5411.13081
-5431.06664
-5439.47220
-5437.21713
-5444.67470
-5450.96439
-5442.76720
-5447.28589
-5420.17324
-5397.06800
-5392.51776
-5383.07097
-5407.71685
-5426.49333
-5391.23729
-5384.44760
-5425.16413
-5449.01435
-5436.93490
-5411.34058
-5356.82596
-5399.23638
-5385.11429
-5414.72271
-5437.00954
-5392.60844
-5445.78070
-5423.78261
-5456.95670
-5408.41139
-5402.29096
-5393.73956
-5404.50182
-5406.96563
-5413.11737
-5416.28572
-5432.74814
-5433.61066
-5409.82899
-5417.20417
-5378.44467
-5390.91520
-5409.92847
-5397.52084
-5418.66440
-5436.36650
-5428.09906
-5431.74751
-5420.68028
-5425.04860
-5427.87153
-5406.07050
-5428.45136
-5419.90180
-5444.77181
-5440.34248
-5438.04170
-5389.34547
-5423.40637
-5416.70848
-5402.53136
-5393.72642
-5378.38921
-5404.55910
-5379.47314
-5366.68824
-5413.64735
-5426.28582
-5427.19869
-5446.33344
-5440.40235
-5428.92414
-5417.05926
-5415.16429
-5426.43217
-5404.94738
-5412.02004
-5435.52817
-5452.32915
-5421.75358
-5417.83298
-5401.76400
-5375.20841
-5371.36240
-5391.98784
-5408.09259
-5381.05446
-5394.14156
-5385.83173
-5418.34358
-5388.78666
-5385.46120
-5406.05059
-5379.70391
-5414.35208
-5430.27249
-5408.60301
-5416.83874
-5404.59207
-5395.73304
-5367.01293
-5377.25014
-5374.08662
-5416.64242
-5421.00635
-5443.32258
-5411.77511
-5421.58227
-5428.03060
-5430.05283
-5408.55405
-5373.97477
-5405.66100
-5403.29028
-5413.49333
-5414.40383
-5426.85620
-5435.27289
-5419.84154
-5410.34694
-5432.14514
-5458.82099
-5438.91381
-5423.04629
-5382.31089
-5366.69296
-5386.75374
-5382.98377
-5404.70176
-5444.78458
-5422.04892
-5439.22215
-5381.73639
-5416.81656
-5396.12073
-5390.45022
-5396.76195
-5406.97004
-5404.00504
-5419.85673
-5422.92944
-5419.81522
-5393.80374
-5407.99876
-5421.52872
-5423.97114
-5411.66353
-5447.13702
-5412.18302
-5437.05627
-5403.97781
-5384.07152
-5427.10100
-5429.71037
-5402.26349
-5398.03622
-5381.41260
-5405.85108
-5397.66442
-5369.45964
-5376.85345
-5385.20497
-5370.74234
-5404.76776
-5409.08738
-5401.96935
-5416.18678
-5398.48130
-5414.68840
-5386.73009
-5394.25203
-5385.21809
-5389.93933
-5417.86605
-5446.65378
-5451.39505
-5420.74379
-5427.90979
-5427.18962
-5452.45838
-5449.53571
-5403.90562
-5405.34816
-5420.04634
-5401.35367
-5426.01699
-5406.88396
-5372.54398
-5374.42382
-5430.79294
-5417.36994
-5411.02105
-5377.73365
-5380.56630
-5388.95314
-5378.07269
-5369.48860
-5397.70374
-5444.35494
-5460.96312
-5426.89277
-5443.13329
-5438.98525
-5408.16793
-5384.59071
-5378.56298
-5400.55376
-5445.40235
-5436.50188
-5424.53550
-5399.93294
-5421.10799
-5388.30793
-5401.03748
-5421.63029
-5428.20886
-5435.15446
-5436.81870
-5423.21008
-5419.74644
-5436.99200
-5408.38931
-5407.25415
-5392.89200
-5381.26699
-5407.11210
-5398.80522
-5429.97217
-5413.73296
-5411.06930
-5420.54575
-5426.31139
-5407.23385
-5425.07745
-5431.61072
-5404.09159
-5400.41857
-5431.36899
-5439.97895
-5418.25941
-5413.08834
-5436.03447
-5420.26083
-5411.56098
-5401.22312
-5419.26104
-5402.96481
-5406.70967
-5439.00083
-5413.16616
-5438.63054
-5401.76719
-5391.70417
-5404.35382
-5375.24072
-5426.46115
-5421.74444
-5390.76215
-5385.50483
-5410.71009
-5373.29445
-5402.64427
-5394.19113
-5397.17993
-5437.41924
-5428.64061
-5441.27568
-5429.97900
-5449.32707
-5423.46516
-5422.43469
-5435.99542
-5413.90740
-5424.98626
-5417.18122
-5404.89077
-5386.85436
-5431.16728
-5409.10357
-5417.26143
-5412.27682
-5419.63479
-5394.63979
-5364.99557
-5401.95725
-5390.28861
-5389.45710
-5426.81963
-5441.28170
-5369.03771
-5413.26828
-5453.66134
-5405.07757
-5407.01337
-5424.12465
-5383.92826
-5403.98580
-5394.24483
-5376.20359
-5395.23117
-5366.18952
-5393.98398
-5374.56674
-5400.85433
-5384.36535
-5363.66740
-5402.55721
-5380.86735
-5373.41596
-5363.92961
-5358.31465
-5394.71417
-5383.17594
-5389.34286
-5426.98177
-5392.42002
-5385.43487
-5397.05628
-5403.43004
-5382.75502
-5393.15583
-5419.40970
-5385.96149
-5389.80889
-5381.51170
-5379.50142
-5404.43777
-5419.77212
-5406.59758
-5394.84098
-5390.25776
-5403.48064
-5406.23976
-5442.17180
-5438.15773
-5393.46374
-5407.41296
-5397.12799
-5402.86231
-5370.96153
-5422.54722
-5394.78738
-5365.79542
-5369.98489
-5400.21726
-5427.09087
-5421.45677
-5394.54558
-5412.32614
-5411.82664
-5418.21584
-5427.99157
-5378.95832
-5386.75554
-5411.57434
-5388.24920
-5455.57381
-5425.75352
-5434.58630
-5429.17476
-5406.93063
-5410.96008
-5393.12824
-5444.20079
-5406.72911
-5358.39281
-5414.48291
-5397.80651
-5399.47800
-5407.07175
-5359.27747
-5355.56113
-5405.67287
-5404.26208
-5408.19945
-5410.89708
-5419.98163
-5427.56151
-5410.80980
-5444.31354
-5449.66795
-5409.83779
-5439.85774
-5437.29309
-5424.76432
-5432.15892
-5405.94683
-5399.50206
-5376.41777
-5393.94987
-5400.16905
-5399.33771
-5385.95695
-5436.71857
-5432.37152
-5427.33339
-5367.21826
-5384.40917
-5401.70314
-5463.26584
-5395.59225
-5437.50873
-5399.93843
-5405.97158
-5437.50243
-5470.14944
-5464.13361
-5455.12202
-5420.50617
-5426.24764
-5423.03180
-5406.37112
-5445.31348
-5452.03304
-5432.34443
-5416.84675
-5404.86893
-5409.11081
-5390.15189
-5390.96259
-5413.10515
-5406.45638
-5427.97249
-5435.37427
-5435.81634
-5394.46153
-5426.40305
-5409.44650
-5404.55824
-5430.58878
-5424.56938
-5424.46580
-5411.84303
-5386.76314
-5442.80560
-5425.65225
-5398.27907
-5413.87788
-5401.67485
-5400.27265
-5403.99966
-5416.49667
-5368.32996
-5409.86887
-5429.04698
-5423.60367
-5438.81207
-5478.17667
-5459.23468
-5442.27821
-5424.68507
-5396.60590
-5350.93006
-5368.26913
-5419.59656
-5379.07746
-5419.06529
-5421.32172
-5437.33071
-5400.21937
-5399.85420
-5404.67699
-5441.93538
-5459.41802
-5426.59741
-5405.08508
-5397.56318
-5414.73791
-5414.43880
-5401.92049
-5423.65705
-5425.13891
-5430.90224
-5408.12219
-5425.25580
-5404.28779
-5407.43134
-5397.12670
-5422.90565
-5445.01860
-5434.70896
-5458.93432
-5466.12405
-5438.39787
-5441.79849
-5395.69499
-5414.40136
-5429.94179
-5418.42635
-5387.74288
-5390.94725
-5417.17248
-5412.51278
-5390.62486
-5419.50207
-5417.61187
-5444.58671
-5429.50296
-5409.29522
-5405.36705
-5439.63088
-5457.12115
-5424.07260
-5430.23941
-5421.26068
-5423.68190
-5435.18635
-5427.76327
-5423.51278
-5412.26592
-5386.17901
-5364.84367
-5338.17598
-5411.33724
-5411.63987
-5419.92041
-5376.35215
-5385.49940
-5387.08519
-5433.21788
-5417.96801
-5397.94554
-5401.56306
-5390.50978
-5370.98630
-5403.59404
-5383.88996
-5400.10981
-5398.14493
-5398.66389
-5402.18780
-5414.04400
-5416.61667
-5372.17314
-5396.42988
-5450.03126
-5431.65570
-5426.60833
-5398.29233
-5433.04074
-5436.95038
-5425.17189
-5414.56172
-5366.45973
-5383.85012
-5422.16677
-5407.82146
-5418.97140
-5399.63571
-5394.84352
-5420.12721
-5452.05645
-5409.49283
-5439.35174
-5435.81118
-5433.73230
-5443.40116
-5410.97824
-5406.72599
-5389.91298
-5382.09352
-5391.11983
-5407.28738
-5385.11224
-5403.22149
-5404.67717
-5388.38949
-5416.37852
-5396.26929
-5367.26965
-5433.15584
-5398.74846
-5396.99650
-5394.16120
-5369.70092
-5397.63204
-5417.16727
-5382.56118
-5423.77841
-5408.08909
-5388.18489
-5393.20050
-5401.35686
-5409.33378
-5422.79606
-5416.25428
-5403.23643
-5360.76064
-5358.84506
-5407.94244
-5401.77506
-5399.97707
-5410.16181
-5367.32011
-5409.31646
-5422.61032
-5374.95585
-5416.02192
-5411.70084
-5381.44335
-5410.09660
-5382.02856
-5382.32645
-5384.37724
-5350.21031
-5369.60024
-5408.66994
-5431.68158
-5439.92512
-5428.72256
-5409.22959
-5378.34009
-5403.72207
-5401.09980
-5404.97695
-5436.34687
-5401.57727
-5413.70149
-5383.95010
-5401.08846
-5370.69067
-5378.68783
-5413.19168
-5391.41072
-5410.81335
-5385.59426
-5402.80201
-5412.85963
-5362.79865
-5395.17168
-5402.84257
-5401.27980
-5378.44825
-5418.62705
-5408.99383
-5397.20328
-5400.77074
-5413.04478
-5397.41122
-5423.92632
-5397.53642
-5421.66099
-5416.46715
-5401.14466
-5414.69578
-5376.62842
-5412.81574
-5404.15547
-5418.97030
-5434.02468
-5400.29639
-5372.84575
-5390.29534
-5372.91276
-5422.91019
-5407.86674
-5416.48306
-5437.41727
-5412.57137
-5387.44691
-5388.37266
-5400.22950
-5399.66073
-5417.47498
-5446.65555
-5412.00023
-5365.78571
-5382.90114
-5367.82617
-5416.95344
-5371.06539
-5404.75084
-5397.16069
-5389.62022
-5382.32682
-5403.35920
-5428.60694
-5415.24670
-5428.01988
-5440.51683
-5388.97362
-5402.44288
-5429.56797
-5423.58840
-5429.67186
-5383.70988
-5404.52806
-5384.49872
-5372.71585
-5413.69815
-5402.64213
-5416.75682
-5436.65185
-5421.07697
-5463.87303
-5406.63299
-5398.63949
-5385.54629
-5392.34680
-5408.88534
-5410.53268
-5435.31748
-5394.02575
-5411.89526
-5397.64794
-5411.45158
-5391.57587
-5410.85707
-5417.22523
-5422.08529
-5412.28897
-5415.93852
-5390.12794
-5398.71037
-5417.04365
-5385.94861
-5386.19675
-5401.28959
-5412.43046
-5361.52424
-5369.65781
-5375.90042
-5358.43885
-5363.12626
-5389.03216
-5417.56328
-5437.50557
-5425.32308
-5368.55752
-5369.74691
-5441.01055
-5454.05112
-5432.66861
-5433.97842
-5410.35664
-5415.27355
-5380.13344
-5384.95387
-5401.40875
-5435.61801
-5415.46721
-5404.72735
-5416.80939
-5406.52536
-5431.50663
-5410.38436
-5417.67676
-5446.70634
-5468.40215
-5447.42202
-5406.17330
-5391.11676
-5430.71518
-5405.01028
-5400.64653
-5390.66738
-5383.17680
-5412.58922
-5419.94303
-5397.51654
-5414.90214
-5402.94112
-5395.85067
-5433.15069
-5393.79891
-5396.14002
-5422.79337
-5416.67327
-5406.30692
-5413.96270
-5399.92229
-5408.78702
-5454.13210
-5453.39112
-5462.47992
-5425.65124
-5369.73857
-5367.76848
-5398.16514
-5432.27087
-5388.02727
-5397.16857
-5379.75375
-5388.58838
-5360.85020
-5384.61841
-5399.48041
-5387.45585
-5416.61593
-5424.47978
-5406.10160
-5427.25084
-5378.04402
-5420.66442
-5395.72044
-5374.01477
-5402.97087
-5371.88304
-5392.22193
-5377.49071
-5430.33219
-5405.12335
-5426.00953
-5444.74771
-5417.85953
-5384.11030
-5406.94670
-5441.58727
-5428.31977
-5431.68853
-5439.96220
-5414.68928
-5395.73604
-5381.13508
-5381.87752
-5425.02933
-5417.55590
-5417.78943
-5401.83602
-5397.13978
-5376.95168
-5397.44569
-5395.71563
-5399.57703
-5402.00092
-5386.67593
-5411.09810
-5424.82050
-5397.75522
-5438.93000
-5426.31242
-5421.25703
-5405.07244
-5400.14268
-5405.97258
-5374.24053
-5354.68517
-5361.76049
-5375.69326
-5374.95502
-5422.71513
-5430.38817
-5448.71717
-5448.99969
-5409.05590
-5401.96048
-5406.20723
-5441.05002
-5455.74652
-5442.14778
-5433.04143
-5446.06539
-5457.23319
-5410.72141
-5409.34413
-5439.04161
-5412.23736
-5410.66028
-5380.75682
-5376.68071
-5355.86388
-5378.71408
-5381.14389
-5360.07265
-5384.50142
-5403.44758
-5391.91232
-5383.25864
-5417.29612
-5409.30282
-5411.31652
-5445.63369
-5461.11421
-5451.49144
-5441.77883
-5410.02208
-5434.27470
-5416.88607
-5469.54592
-5428.43823
-5459.16923
-5417.10613
-5407.62569
-5397.00610
-5419.37506
-5411.37752
-5452.24876
-5412.94289
-5399.29198
-5419.40623
-5433.76316
-5379.47584
-5404.88231
-5401.07496
-5376.90234
-5413.92245
-5393.50135
-5391.21034
-5422.86505
-5438.17851
-5426.36992
-5439.71121
-5388.13918
-5419.79615
-5426.65487
-5407.91670
-5395.28838
-5401.50739
-5423.53981
-5407.76853
-5412.68910
-5386.92340
-5383.13092
-5403.45225
-5390.36508
-5428.65610
-5417.47597
-5363.15273
-5380.32683
-5401.62912
-5420.94407
-5428.75274
-5417.06157
-5413.47367
-5436.54356
-5434.43640
-5415.74756
-5404.58614
-5413.29921
-5403.08377
-5393.10068
-5391.62166
-5414.95030
-5381.90933
-5403.84702
-5428.91179
-5424.79362
-5442.91927
-5413.94728
-5399.42213
-5384.61571
-5388.94159
-5419.52586
-5422.04171
-5393.80091
-5397.66423
-5402.71690
-5393.78418
-5399.34289
-5402.33411
-5428.40210
-5373.61051
-5390.00316
-5401.73105
-5420.33741
-5406.77605
-5416.53303
-5448.41259
-5391.77363
-5380.76131
-5394.96014
-5388.53676
-5414.53794
-5420.46259
-5418.07442
-5406.86432
-5390.74447
-5425.90083
-5403.63822
-5402.67452
-5371.95585
-5410.97188
-5399.36089
-5416.63814
-5441.21873
-5402.89336
-5381.98916
-5435.91563
-5462.70855
-5401.26020
-5407.97446
-5402.01403
-5410.33825
-5448.93862
-5383.96459
-5396.71340
-5409.24290
-5413.13542
-5390.18807
-5391.71826
-5400.20323
-5396.49498
-5420.64274
-5420.29249
-5443.34296
-5405.29810
-5442.73354
-5451.68839
-5411.91098
-5408.74821
-5437.39005
-5435.96543
-5446.72043
-5432.78451
-5380.91268
-5409.54918
-5435.77668
-5420.56867
-5417.83338
-5398.32034
-5385.21918
-5439.00788
-5409.64209
-5400.92137
-5437.31776
-5408.49572
-5398.55223
-5429.27987
-5405.55611
-5453.03066
-5427.51561
-5426.50518
-5451.27915
-5426.00821
-5453.02429
-5425.34991
-5449.08167
-5418.81027
-5416.10792
-5396.97935
-5375.81453
-5401.75520
-5417.50912
-5427.84162
-5421.57254
-5405.04086
-5396.91624
-5378.54446
-5369.85576
-5401.09364
-5388.96128
-5354.52802
-5402.62924
-5402.82708
-5418.96422
-5438.13424
-5462.18049
-5436.01531
-5427.29662
-5422.23934
-5402.22439
-5368.98123
-5392.76192
-5378.49664
-5430.56675
-5397.87867
-5399.83920
-5433.47775
-5422.34613
-5430.87404
-5401.68139
-5408.39560
-5412.91615
-5431.08039
-5414.19029
-5390.68589
-5380.19324
-5381.03512
-5412.98601
-5398.37056
-5369.97904
-5404.19181
-5441.11884
-5428.37219
-5409.13625
-5399.78186
-5428.89078
-5429.90468
-5430.84685
-5440.60471
-5444.49701
-5408.75036
-5358.92960
-5400.04197
-5407.14446
-5411.11052
-5400.97166
-5409.50002
-5413.36467
-5400.33657
-5389.76748
-5392.71829
-5401.47586
-5407.19799
-5409.80206
-5415.15318
-5432.30689
-5402.68166
-5413.45926
-5424.05444
-5435.36928
-5424.53694
-5423.77249
-5441.91680
-5437.85601
-5428.05628
-5401.07740
-5426.74865
-5395.94780
-5403.44859
-5406.22212
-5439.14831
-5457.80332
-5423.75271
-5439.52773
-5449.76831
-5468.86278
-5460.28980
-5439.20434
-5442.20838
-5419.30730
-5395.49895
-5391.84426
-5420.05695
-5371.78710
-5398.76359
-5406.75919
-5396.41994
-5407.93844
-5434.36600
-5415.08368
-5427.21037
-5371.58632
-5397.90204
-5416.70770
-5410.93338
-5417.44960
-5386.86042
-5372.71158
-5421.13952
-5391.42890
-5428.89085
-5387.95662
-5439.48762
-5415.84504
-5371.14854
-5411.05991
-5413.58856
-5379.22646
-5385.84991
-5416.34534
-5388.73010
-5383.11452
-5362.94734
-5383.87418
-5383.99622
-5413.09538
-5442.76086
-5418.73789
-5406.78894
-5407.48874
-5407.06555
-5413.11025
-5436.87795
-5391.32395
-5391.07148
-5399.46780
-5422.56282
-5435.67466
-5433.35348
-5442.40022
-5394.08948
-5417.22643
-5415.62216
-5406.64352
-5384.77223
-5374.50475
-5388.86137
-5372.45591
-5415.72105
-5422.59470
-5403.61738
-5436.13990
-5426.97703
-5408.76460
-5376.28022
-5419.75936
-5372.77305
-5380.08885
-5390.53787
-5424.79755
-5405.37493
-5410.52348
-5420.80179
-5447.72342
-5417.09821
-5405.82954
-5393.77183
-5386.69953
-5373.77006
-5429.03343
-5429.37160
-5411.10661
-5405.90633
-5410.46621
-5417.03699
-5402.61810
-5389.75368
-5381.87041
-5399.69954
-5380.34948
-5388.21320
-5373.73962
-5385.70762
-5415.02140
-5412.89159
-5384.13857
-5391.24322
-5422.35003
-5424.58724
-5401.52508
-5357.33699
-5371.01566
-5398.91665
-5376.99409
-5392.08043
-5409.14879
-5429.05022
-5431.28254
-5409.19123
-5413.87947
-5399.37674
-5409.41061
-5411.55601
-5384.23416
-5367.65468
-5380.42185
-5363.21536
-5375.78042
-5404.47048
-5385.94151
-5416.90730
-5409.45698
-5412.95990
-5411.02359
-5383.31075
-5354.19319
-5396.09671
-5382.47853
-5383.46142
-5365.86239
-5365.76333
-5384.11290
-5398.09219
-5407.78450
-5413.11516
-5442.89898
-5398.24341
-5379.16655
-5419.08260
-5419.89198
-5439.06081
-5440.21817
-5418.68234
-5401.97880
-5408.37643
-5394.34853
-5405.28036
-5381.79110
-5375.52986
-5406.72602
-5419.08633
-5411.96812
-5386.51930
-5403.26115
-5415.10676
-5412.57015
-5392.08393
-5399.62895
-5420.80373
-5433.63938
-5419.64866
-5411.82744
-5408.26523
-5448.88710
-5439.62399
-5432.16919
-5421.78130
-5422.25223
-5410.77614
-5421.45270
-5389.99963
-5393.31932
-5411.81018
-5389.57355
-5401.06314
-5396.98790
-5427.97242
-5419.20484
-5399.08843
-5426.91215
-5415.51461
-5407.30301
-5378.00757
-5363.05339
-5415.14460
-5420.34870
-5398.73126
-5425.47916
-5426.09892
-5438.92688
-5426.88808
-5442.48903
-5422.37194
-5376.13389
-5376.71164
-5372.10035
-5357.07053
-5386.73067
-5398.51016
-5421.27039
-5409.04075
-5395.93951
-5420.89026
-5386.25977
-5398.99910
-5394.49968
-5437.83607
-5418.97931
-5404.50326
-5417.85567
-5384.43081
-5346.98296
-5382.82451
-5386.94656
-5351.76528
-5392.00000
-5359.31510
-5393.51745
-5374.94627
-5408.56550
-5393.71390
-5389.68428
-5392.70418
-5402.85470
-5415.77591
-5409.63740
-5414.87218
-5426.79450
-5420.40309
-5399.76584
-5406.62035
-5403.67502
-5386.42503
-5375.48372
-5378.53157
-5405.09659
-5375.11223
-5375.64549
-5396.48521
-5416.80122
-5426.98385
-5441.40803
-5432.70378
-5403.76858
-5402.77578
-5416.05073
-5387.10389
-5394.71823
-5403.35209
-5396.63508
-5407.12507
-5434.62037
-5408.67929
-5393.24526
-5365.89768
-5411.01086
-5448.69869
-5423.65823
-5415.03995
-5406.29377
-5433.05529
-5455.17532
-5438.88257
-5433.85630
-5411.66194
-5408.59939
-5400.11003
-5415.85714
-5376.23761
-5387.20063
-5401.43941
-5435.04627
-5445.93597
-5419.85562
-5432.76111
-5418.64444
-5398.17959
-5400.65192
-5417.65849
-5447.78986
-5448.79633
-5424.37054
-5404.52874
-5392.32040
-5422.87039
-5438.00161
-5424.08203
-5422.98120
-5438.77888
-5421.65280
-5417.34424
-5412.09531
-5405.16373
-5383.51327
-5389.16643
-5385.53365
-5393.95779
-5390.65966
-5439.00146
-5429.70831
-5440.20439
-5424.59296
-5424.30004
-5414.98487
-5407.74129
-5407.20195
-5411.43857
-5436.61347
-5464.61517
-5425.12973
-5406.17108
-5392.62425
-5416.47259
-5403.67462
-5417.57452
-5431.15592
-5460.01609
-5455.86791
-5391.81863
-5440.05970
-5432.99744
-5445.10599
-5424.08439
-5399.35205
-5388.08148
-5385.25031
-5393.00982
-5385.91583
-5384.45078
-5435.22896
-5440.01054
-5438.96698
-5436.15461
-5409.60978
-5403.26813
-5366.46414
-5407.25275
-5383.48418
-5373.65652
-5393.11008
-5425.04488
-5424.60978
-5409.51063
-5436.07258
-5435.82873
-5378.98483
-5421.09452
-5424.04158
-5413.43727
-5420.80758
-5435.13279
-5392.19305
-5429.30978
-5403.59573
-5419.36220
-5400.30509
-5380.03218
-5362.83722
-5374.53110
-5413.59641
-5409.74383
-5416.64506
-5407.30933
-5405.89166
-5392.76733
-5361.99530
-5403.59140
-5451.93423
-5421.62769
-5417.18618
-5430.13338
-5452.08659
-5404.16790
-5416.80514
-5398.12230
-5388.24463
-5428.21578
-5428.23062
-5443.99280
-5427.91942
-5416.49925
-5398.34413
-5380.90744
-5404.60167
-5404.29886
-5385.83825
-5409.96128
-5440.95964
-5453.47560
-5445.30851
-5397.83548
-5437.68695
-5416.24059
-5409.51749
-5393.26718
-5382.16280
-5410.79506
-5380.63669
-5412.18899
-5442.31335
-5412.21634
-5415.01543
-5409.64044
-5390.69729
-5438.48717
-5428.99545
-5385.64484
-5399.30521
-5423.73267
-5396.00826
-5355.65404
-5379.40291
-5374.35021
-5398.40514
-5412.94737
-5432.31728
-5411.66237
-5402.29504
-5395.44887
-5431.74105
-5433.82062
-5456.15478
-5433.62592
-5411.71230
-5382.16501
-5395.78427
-5384.64379
-5401.95926
-5439.12659
-5412.86010
-5381.17271
-5369.36458
-5376.97762
-5398.43689
-5385.24351
-5405.71074
-5395.38006
-5430.84455
-5402.94018
-5427.28582
-5423.49049
-5435.33726
-5454.80047
-5398.86721
-5429.84357
-5437.47741
-5409.07765
-5393.00511
-5373.17616
-5373.90115
-5388.35567
-5374.65599
-5397.17718
-5396.92349
-5376.73848
-5347.93523
-5393.20455
-5426.06707
-5417.62598
-5433.28700
-5400.62934
-5337.25397
-5365.44724
-5408.47583
-5430.28769
-5421.34580
-5434.08798
-5440.51727
-5435.79319
-5455.06872
-5446.62899
-5420.84120
-5380.97707
-5373.52311
-5397.17585
-5421.74389
-5379.58311
-5421.48090
-5393.26436
-5379.92177
-5398.38679
-5368.92996
-5406.44159
-5413.97835
-5439.59978
-5415.91566
-5423.90892
-5404.87885
-5408.13414
-5419.31516
-5398.80158
-5401.90907
-5411.98111
-5408.42089
-5427.49387
-5382.61898
-5414.64062
-5393.03633
-5437.72970
-5421.33957
-5431.97491
-5437.20846
-5421.69975
-5401.87147
-5421.45837
-5415.66967
-5398.96124
-5356.63556
-5391.17464
-5399.24260
-5415.63075
-5427.75901
-5401.45065
-5427.15704
-5413.20447
-5395.83060
-5398.21302
-5417.03657
-5380.73032
-5392.93424
-5381.27277
-5389.30447
-5404.74328
-5389.84543
-5389.80421
-5395.37364
-5396.38520
-5401.98813
-5430.74021
-5396.91213
-5361.11287
-5421.10894
-5431.29359
-5422.98236
-5390.39924
-5376.55939
-5372.31232
-5401.78913
-5405.16876
-5413.99908
-5393.57317
-5421.99641
-5431.24501
-5420.37871
-5416.69074
-5429.98274
-5396.92604
-5401.12831
-5411.32095
-5376.36061
-5400.83262
-5414.39724
-5428.73865
-5412.73416
-5409.70130
-5410.46480
-5397.30647
-5403.01259
-5409.21451
-5420.67671
-5412.16369
-5400.12663
-5422.08649
-5401.53992
-5432.07562
-5462.40815
-5415.37290
-5385.99982
-5408.53862
-5411.69648
-5440.35521
-5356.71345
-5377.49830
-5386.56979
-5416.74426
-5424.22216
-5424.08152
-5440.71233
-5415.88601
-5378.97424
-5403.54663
-5430.75977
-5411.42497
-5408.19929
-5385.74733
-5437.15232
-5430.35526
-5374.10366
-5374.03761
-5358.26392
-5381.30747
-5403.53222
-5382.70583
-5389.12245
-5426.39657
-5402.81673
-5413.06984
-5395.44193
-5433.91403
-5382.03484
-5375.87036
-5367.03825
-5393.64344
-5445.20835
-5415.24766
-5415.05724
-5449.45029
-5421.37510
-5396.91045
-5420.59282
-5425.15033
-5416.12896
-5416.75976
-5397.40063
-5436.32965
-5427.53923
-5463.64156
-5444.33224
-5420.48749
-5416.34902
-5413.12086
-5408.76951
-5406.80848
-5394.09221
-5390.33588
-5405.21778
-5403.66320
-5431.55696
-5408.96960
-5431.87787
-5422.80748
-5441.49591
-5421.11420
-5377.34083
-5437.01688
-5389.68825
-5423.72632
-5393.52186
-5382.92064
-5406.97864
-5425.13309
-5389.38706
-5382.91459
-5389.48345
-5390.78140
-5414.05584
-5384.24150
-5400.16992
-5405.37507
-5420.01970
-5417.34025
-5444.30873
-5439.48185
-5420.57269
-5405.84278
-5391.90338
-5379.18980
-5430.06137
-5393.27727
-5406.80409
-5425.92008
-5399.72096
-5399.19713
-5396.00535
-5374.76205
-5406.68821
-5390.83665
-5378.05475
-5387.15539
-5393.22883
-5418.84738
-5414.63907
-5390.39980
-5401.43582
-5414.15191
-5446.52706
-5434.45339
-5412.61699
-5403.82596
-5387.07323
-5419.54178
-5401.75678
-5402.32749
-5394.85668
-5406.46596
-5384.26117
-5406.58651
-5365.74354
-5402.54731
-5428.61612
-5422.96501
-5416.09429
-5415.97564
-5390.37074
-5404.82442
-5417.98560
-5407.24356
-5426.36301
-5403.65457
-5409.22532
-5418.91939
-5428.04825
-5386.38669
-5444.38515
-5434.10798
-5407.18839
-5400.68817
-5428.31777
-5425.28687
-5417.48978
-5429.21888
-5429.15682
-5400.56132
-5382.49337
-5409.87403
-5409.06581
-5392.90659
-5396.44006
-5447.26929
-5451.86383
-5447.18503
-5425.15805
-5381.61654
-5402.11154
-5374.50548
-5376.92001
-5375.31091
-5350.49838
-5334.06077
-5358.01694
-5368.88264
-5382.65752
-5396.10561
-5408.94881
-5382.79616
-5382.48558
-5421.95221
-5402.37110
-5385.39496
-5420.63410
-5408.19206
-5413.31070
-5414.84777
-5397.94518
-5401.01421
-5411.60126
-5413.24893
-5424.89573
-5393.50607
-5392.95974
-5409.86040
-5391.40554
-5376.99399
-5383.59325
-5384.86859
-5400.72112
-5452.02750
-5405.84653
-5414.48089
-5376.54878
-5408.81339
-5422.92508
-5365.03968
-5376.17834
-5374.84050
-5389.52433
-5419.41042
-5419.34698
-5429.56175
-5455.33193
-5434.09277
-5445.69902
-5394.18545
-5426.06161
-5453.01003
-5424.21569
-5414.21144
-5414.11062
-5439.91724
-5444.64421
-5435.31846
-5424.19471
-5405.55717
-5409.78444
-5407.25758
-5424.89089
-5422.94116
-5423.63718
-5406.58221
-5402.06347
-5369.06237
-5407.56476
-5420.11001
-5394.30157
-5340.55902
-5405.41946
-5437.38211
-5399.11203
-5429.94314
-5380.08087
-5390.04108
-5395.19489
-5429.55724
-5407.75202
-5425.51486
-5415.21771
-5382.71511
-5416.25574
-5417.26861
-5423.95297
-5395.98571
-5397.09165
-5373.23070
-5418.87354
-5442.80057
-5385.16110
-5418.19655
-5454.66290
-5439.88567
-5419.18914
-5388.54155
-5394.49374
-5405.75347
-5399.56866
-5379.29694
-5371.78304
-5366.28689
-5390.31047
-5421.89398
-5410.13082
-5407.84748
-5435.19750
-5441.48003
-5442.40382
-5439.15911
-5420.73601
-5446.75876
-5426.36988
-5409.62016
-5455.24815
-5433.67836
-5453.65670
-5438.61985
-5453.62858
-5423.65159
-5420.12881
-5450.12941
-5413.56786
-5419.95291
-5411.11591
-5371.61212
-5368.04606
-5409.04704
-5411.39027
-5418.75149
-5410.02573
-5406.30004
-5428.77509
-5415.22163
-5419.30554
-5399.44661
-5392.32092
-5397.78370
-5409.39819
-5417.73513
-5390.04302
-5422.17466
-5417.97951
-5424.08450
-5389.32741
-5415.08284
-5418.63966
-5438.24958
-5422.72939
-5409.56844
-5385.22988
-5425.01083
-5384.28497
-5435.89658
-5389.40822
-5392.17681
-5404.61680
-5420.48072
-5412.04899
-5448.63237
-5435.80168
-5434.67710
-5449.37971
-5410.70802
-5431.82517
-5421.02590
-5445.88523
-5416.71627
-5389.95561
-5391.22410
-5390.59193
-5398.73766
-5394.67021
-5351.28260
-5345.44131
-5388.06240
-5387.04426
-5402.51750
-5438.53916
-5413.53312
-5419.37348
-5377.19047
-5379.96710
-5382.13829
-5394.55095
-5417.21574
-5394.82020
-5388.22101
-5411.58177
-5400.94485
-5414.58515
-5422.53907
-5430.20100
-5432.27200
-5428.43058
-5393.10474
-5392.80622
-5419.61287
-5439.73867
-5434.95670
-5450.99536
-5451.41607
-5428.58453
-5421.03927
-5414.60699
-5410.95919
-5382.41103
-5396.78579
-5413.35367
-5422.48322
-5399.38963
-5408.97555
-5421.98116
-5419.17932
-5402.83082
-5429.65568
-5414.46502
-5422.82141
-5428.67917
-5419.29258
-5413.75747
-5421.71595
-5417.23116
-5411.91882
-5426.74150
-5446.62944
-5439.12246
-5410.15356
-5371.06126
-5390.97213
-5390.11194
-5408.59948
-5421.70510
-5425.50673
-5439.14862
-5389.82904
-5398.22574
-5390.46124
-5389.50652
-5417.00149
-5417.86314
-5418.26437
-5403.09199
-5377.19915
-5416.87289
-5394.89117
-5376.85279
-5387.48868
-5371.23726
-5374.16533
-5409.29726
-5377.16625
-5353.08470
-5394.64609
-5394.35894
-5391.11528
-5415.71300
-5412.01324
-5408.17323
-5412.57394
-5446.54465
-5421.62513
-5403.92119
-5431.37812
-5399.35349
-5406.07880
-5410.90666
-5396.89084
-5387.15188
-5391.04830
-5417.30143
-5356.62756
-5382.75556
-5386.04580
-5450.81620
-5451.90415
-5426.31901
-5409.66662
-5409.26926
-5415.60804
-5407.81640
-5423.36759
-5425.54128
-5401.58808
-5428.48291
-5395.43084
-5422.63871
-5378.41375
-5381.21331
-5377.13812
-5408.08552
-5399.87950
-5437.46783
-5439.51867
-5422.54778
-5412.91670
-5392.60034
-5409.84932
-5410.34127
-5401.34306
-5407.84622
-5376.69911
-5400.19505
-5401.56025
-5402.70833
-5406.04376
-5370.57744
-5385.89145
-5368.52629
-5426.79754
-5450.76315
-5419.85478
-5392.52886
-5412.66295
-5404.49013
-5397.57921
-5391.97219
-5405.53304
-5391.96107
-5401.73688
-5417.23048
-5422.31600
-5408.82674
-5415.67021
-5419.81507
-5383.05871
-5415.67435
-5373.73998
-5394.92381
-5429.31512
-5390.10669
-5376.84080
-5408.67797
-5418.95534
-5426.75249
-5381.95939
-5423.99592
-5430.25166
-5416.94389
-5417.14280
-5428.30310
-5421.87874
-5399.93920
-5403.28501
-5424.85369
-5391.48370
-5413.45266
-5395.02607
-5409.28234
-5390.43250
-5407.25653
-5400.38731
-5408.57234
-5433.15791
-5394.93963
-5443.87353
-5429.41870
-5398.15603
-5376.73164
-5403.75996
-5414.16418
-5394.83415
-5417.51791
-5426.54299
-5393.28946
-5391.29439
-5377.79791
-5435.37566
-5418.56686
-5394.76040
-5409.74596
-5407.33762
-5418.09888
-5403.12728
-5434.82177
-5436.30305
-5386.68045
-5382.71173
-5438.77314
-5418.06982
-5439.67440
-5384.93109
-5402.90426
-5428.58534
-5431.23821
-5405.19157
-5411.13429
-5420.21747
-5446.12167
-5422.40714
-5462.34448
-5431.61114
-5423.77340
-5385.12549
-5377.94834
-5367.53267
-5393.46863
-5355.55605
-5402.79935
-5435.92016
-5462.62695
-5444.35566
-5420.62191
-5429.64481
-5411.96504
-5407.38382
-5422.84184
-5402.20713
-5390.32689
-5414.96972
-5434.62099
-5393.20266
-5394.41491
-5403.61361
-5397.36826
-5422.97744
-5430.77395
-5378.31411
-5400.58404
-5374.39239
-5391.33980
-5422.80903
-5437.08426
-5409.32567
-5372.59781
-5397.13575
-5416.91663
-5389.08471
-5392.51351
-5411.55333
-5412.75763
-5442.93023
-5427.51740
-5396.64046
-5376.51325
-5388.01122
-5403.38460
-5410.02932
-5372.65809
-5388.71412
-5412.56875
-5418.73682
-5429.08635
-5440.18824
-5444.21725
-5419.64484
-5376.55575
-5380.76754
-5402.10116
-5390.99478
-5386.11167
-5429.11988
-5390.36895
-5373.39509
-5414.68229
-5413.51220
-5368.07334
-5366.72406
-5368.80134
-5426.15014
-5418.73433
-5423.88454
-5410.04992
-5428.75773
-5454.43516
-5467.64121
-5457.30994
-5442.72114
-5437.74523
-5434.80422
-5415.25433
-5370.58709
-5386.10159
-5429.59910
-5417.39899
-5392.12325
-5420.78205
-5418.34813
-5383.68097
-5418.46633
-5437.60464
-5413.60132
-5402.56735
-5406.96707
-5387.64545
-5404.12686
-5455.08080
-5421.13070
-5436.34036
-5424.61635
-5424.11150
-5446.01774
-5447.42541
-5438.40845
-5416.48285
-5434.06222
-5457.47418
-5435.34206
-5418.57254
-5429.46295
-5397.34976
-5388.47016
-5391.53802
-5419.02951
-5435.96498
-5399.39770
-5428.92169
-5407.70487
-5389.77143
-5418.44000
-5417.62425
-5405.53498
-5407.12117
-5405.10908
-5401.81765
-5416.16139
-5434.19314
-5427.81677
-5423.10523
-5404.49012
-5432.19288
-5421.66049
-5407.83866
-5401.27938
-5401.45838
-5394.29116
-5436.17236
-5424.41388
-5421.37655
-5411.79328
-5400.32105
-5422.63069
-5427.40413
-5446.33845
-5420.67590
-5396.05968
-5408.87706
-5399.59503
-5399.10103
-5392.22897
-5376.12056
-5382.50530
-5398.95352
-5395.80941
-5408.52418
-5422.12773
-5397.38045
-5416.71690
-5394.58795
-5384.39313
-5422.83355
-5433.31553
-5401.45244
-5416.05433
-5384.22945
-5404.73486
-5413.89872
-5411.81250
-5383.24591
-5408.86502
-5430.09360
-5418.22037
-5404.99140
-5380.08835
-5426.23521
-5451.88935
-5423.22975
-5432.26703
-5378.71400
-5390.08708
-5406.00485
-5426.92443
-5414.65476
-5451.30832
-5406.95398
-5403.48988
-5408.05670
-5409.29303
-5371.10971
-5386.27864
-5398.16398
-5400.46213
-5403.55029
-5421.61715
-5434.22135
-5434.64100
-5410.21990
-5400.40057
-5400.75466
-5406.27730
-5426.39058
-5424.18036
-5411.75796
-5395.77102
-5388.64688
-5374.28769
-5381.27362
-5427.03640
-5427.87079
-5422.45982
-5417.02787
-5396.44467
-5413.32503
-5430.65253
-5441.65224
-5426.02514
-5365.03612
-5396.60167
-5395.87274
-5412.48555
-5433.18024
-5411.83962
-5409.71929
-5392.11627
-5395.44454
-5364.15316
-5374.45441
-5364.88693
-5389.66197
-5418.56918
-5370.12503
-5412.07819
-5395.31733
-5370.70191
-5420.27417
-5359.57579
-5359.09523
-5387.59794
-5392.47388
-5404.41855
-5421.24980
-5430.02542
-5419.32946
-5410.22746
-5405.27384
-5398.43686
-5421.94896
-5408.83709
-5393.41006
-5408.03868
-5417.43847
-5395.79916
-5434.28930
-5416.68369
-5414.79542
-5385.69072
-5380.71982
-5389.59501
-5405.98117
-5385.48019
-5427.49030
-5450.42867
-5434.39811
-5420.94478
-5379.90550
-5379.82626
-5411.90241
-5399.49817
-5388.80376
-5418.64905
-5407.66923
-5407.40800
-5464.33688
-5435.33531
-5444.72989
-5404.37362
-5398.02100
-5413.35805
-5433.11935
-5443.94518
-5428.79479
-5430.16498
-5446.63077
-5434.60888
-5435.53743
-5438.94794
-5429.97137
-5388.18802
-5405.13165
-5393.71316
-5396.65299
-5400.86193
-5402.67535
-5430.72925
-5432.13225
-5451.81072
-5401.29266
-5446.15403
-5432.64798
-5406.36566
-5448.36761
-5411.97309
-5394.00952
-5415.14485
-5373.48034
-5396.33801
-5397.64712
-5433.94925
-5404.47914
-5387.43147
-5384.49025
-5406.00365
-5423.06146
-5415.88170
-5425.17034
-5416.14642
-5443.62322
-5430.00379
-5427.22916
-5399.32469
-5368.56644
-5393.20304
-5398.32120
-5371.75998
-5401.20321
-5417.13659
-5402.45549
-5406.79622
-5408.18893
-5432.03734
-5445.18633
-5401.30547
-5417.14831
-5382.13730
-5383.43639
-5403.27620
-5419.23795
-5399.06115
-5366.49319
-5389.39125
-5416.86612
-5428.95175
-5427.79517
-5410.84877
-5401.65502
-5413.41668
-5465.43042
-5445.37187
-5444.51146
-5445.81192
-5396.92857
-5404.20041
-5404.01142
-5422.20520
-5417.75469
-5390.24034
-5420.38782
-5432.81867
-5429.67290
-5437.06334
-5437.36542
-5408.67089
-5416.37630
-5401.86999
-5447.19564
-5427.46225
-5419.44330
-5425.00058
-5407.75902
-5436.71138
-5466.47054
-5418.53744
-5446.69159
-5429.08597
-5409.40730
-5427.33412
-5397.41275
-5410.88023
-5400.98070
-5408.30436
-5400.51252
-5397.97293
-5432.38393
-5447.50549
-5476.99583
-5459.18548
-5431.26884
-5394.55742
-5364.66401
-5396.92443
-5371.62228
-5380.30532
-5401.18309
-5400.35601
-5359.60115
-5412.77951
-5404.91958
-5388.78994
-5401.04115
-5401.61552
-5404.06953
-5400.51040
-5417.86145
-5443.96203
-5421.95430
-5416.91124
-5455.21661
-5455.19637
-5437.70914
-5431.95583
-5410.04009
-5463.35962
-5403.98743
-5370.68764
-5409.73921
-5399.06896
-5424.08804
-5439.95410
-5416.57144
-5378.46286
-5397.76874
-5403.80264
-5380.91493
-5415.83347
-5412.02196
-5411.17251
-5399.57740
-5380.45803
-5406.03245
-5384.66540
-5404.29964
-5405.47331
-5427.57414
-5386.92514
-5395.75449
-5387.25800
-5406.10807
-5411.76258
-5402.76139
-5386.24165
-5396.07385
-5421.77165
-5420.41303
-5396.61800
-5371.16420
-5391.26021
-5411.57992
-5407.36635
-5411.85481
-5394.98363
-5398.35491
-5396.27973
-5419.30870
-5400.23576
-5409.98144
-5415.14353
-5399.07812
-5377.38588
-5381.89641
-5408.90013
-5406.99116
-5422.32634
-5423.53181
-5422.34965
-5394.57983
-5419.83761
-5430.04583
-5391.40065
-5376.78104
-5383.41468
-5421.36522
-5406.99688
-5375.45471
-5378.49351
-5375.74545
-5403.36541
-5405.89546
-5410.27078
-5420.64356
-5395.28746
-5397.95172
-5393.67914
-5381.80186
-5378.48315
-5361.93866
-5387.01811
-5403.88684
-5438.09827
-5395.58356
-5381.06989
-5422.03676
-5396.36952
-5387.60871
-5406.23398
-5391.43055
-5416.70799
-5430.81184
-5462.83144
-5416.09289
-5403.55073
-5389.14219
-5427.48874
-5433.26116
-5394.78995
-5381.96333
-5391.62563
-5413.50447
-5442.46296
-5401.88584
-5391.41289
-5404.44269
-5343.60550
-5351.66310
-5391.18354
-5372.45292
-5396.55513
-5406.99080
-5407.07904
-5371.90691
-5401.70446
-5401.83491
-5395.90157
-5414.38774
-5415.28931
-5405.42564
-5370.11328
-5414.20511
-5419.72291
-5415.27054
-5395.54702
-5396.16229
-5404.68718
-5410.55176
-5393.68602
-5396.43948
-5416.19179
-5390.76617
-5408.18025
-5414.19700
-5400.78155
-5376.47287
-5383.67364
-5420.80704
-5406.33686
-5388.10981
-5411.86569
-5424.91202
-5427.53640
-5405.73690
-5410.04830
-5425.43052
-5422.34935
-5419.06173
-5401.33693
-5374.35561
-5390.87684
-5390.07855
-5391.05970
-5401.05189
-5396.49726
-5374.50146
-5415.88814
-5409.29977
-5417.43697
-5413.98695
-5454.49619
-5424.26419
-5381.74295
-5381.12021
-5405.17531
-5396.25023
-5400.24745
-5410.80382
-5445.54294
-5421.52086
-5407.41412
-5385.70505
-5430.00070
-5400.64543
-5446.08715
-5421.70372
-5430.51755
-5429.96998
-5403.31822
-5407.33142
-5401.37072
-5426.26913
-5415.93685
-5403.09984
-5405.40011
-5405.54406
-5417.67836
-5415.51096
-5406.39808
-5455.33069
-5453.47120
-5414.33631
