-6115.20320
-6121.41232
-6114.92006
-6130.76451
-6121.62021
-6121.30032
-6129.37741
-6128.46940
-6133.51646
-6141.37506
-6120.91633
-6136.05969
-6132.28898
-6124.12347
-6128.80819
-6137.65840
-6133.53176
-6112.13143
-6126.81101
-6126.37175
-6127.25428
-6124.83486
-6127.35128
-6117.31788
-6120.81489
-6115.00851
-6115.50370
-6111.89299
-6098.48977
-6114.54169
-6114.35416
-6117.82747
-6115.07990
-6097.48332
-6092.23319
-6090.15862
-6090.30312
-6095.53547
-6107.53603
-6125.76898
-6102.45842
-6126.23865
-6102.49951
-6099.89155
-6106.93500
-6097.66064
-6093.95859
-6095.26942
-6090.11875
-6091.40825
-6092.01351
-6101.60424
-6103.44521
-6108.52456
-6113.02980
-6110.30757
-6106.53777
-6123.79887
-6107.33976
-6119.67319
-6117.42107
-6104.90034
-6116.36420
-6114.21637
-6105.82376
-6107.61323
-6116.71195
-6115.91521
-6111.77471
-6121.52030
-6103.83432
-6119.50841
-6113.88420
-6117.78808
-6124.97215
-6109.22787
-6127.38768
-6118.20293
-6120.29644
-6124.90184
-6116.68320
-6114.45007
-6118.85301
-6117.17050
-6108.15614
-6114.79531
-6117.41666
-6120.76766
-6121.30020
-6128.30547
-6109.98867
-6110.01909
-6110.72904
-6110.48244
-6116.34681
-6109.62239
-6106.05152
-6108.06770
-6103.84499
-6105.81767
-6116.28249
-6129.85847
-6133.85718
-6123.79277
-6123.29893
-6120.03062
-6118.19043
-6112.34045
-6111.67250
-6129.80396
-6127.18931
-6115.35032
-6118.88427
-6119.39517
-6119.54983
-6121.29426
-6125.54375
-6137.30623
-6130.81386
-6131.61310
-6127.36242
-6125.51764
-6131.33004
-6142.68109
-6140.90892
-6141.29654
-6133.72279
-6145.27069
-6140.35066
-6143.19312
-6140.35076
-6141.99069
-6139.26553
-6127.18874
-6144.30959
-6140.85294
-6140.69468
-6141.43743
-6156.69317
-6150.26518
-6153.30384
-6154.97063
-6153.98751
-6152.83939
-6128.86232
-6147.21751
-6147.75002
-6165.66744
-6164.67376
-6175.29845
-6172.29006
-6170.28496
-6146.22998
-6161.59412
-6162.86819
-6145.15987
-6129.24341
-6132.23005
-6149.29768
-6150.74386
-6154.17487
-6151.52866
-6154.58968
-6153.63705
-6164.15114
-6160.90976
-6149.59530
-6154.08520
-6160.13151
-6161.74140
-6164.13484
-6166.52873
-6160.53631
-6153.22901
-6166.60940
-6165.59252
-6174.37271
-6170.31356
-6160.14515
-6169.52394
-6167.57091
-6158.04189
-6164.76307
-6162.59668
-6157.99915
-6152.02590
-6161.47452
-6166.84713
-6154.85666
-6165.35517
-6159.72079
-6162.27829
-6173.20186
-6170.74926
-6169.66563
-6181.30891
-6192.09524
-6191.08694
-6171.34183
-6180.40755
-6163.60065
-6185.20841
-6175.23561
-6165.56276
-6182.47112
-6188.04839
-6191.67648
-6185.96953
-6175.26358
-6163.84471
-6181.50128
-6182.37246
-6179.14996
-6173.50113
-6166.65796
-6174.23258
-6177.48918
-6168.82519
-6167.87566
-6166.99797
-6173.04505
-6168.30100
-6164.49453
-6167.70378
-6161.57907
-6181.64158
-6183.50510
-6184.89387
-6188.26081
-6193.09952
-6181.29488
-6181.30950
-6167.81437
-6180.32758
-6173.61158
-6183.35432
-6186.51644
-6181.80539
-6175.09561
-6178.26130
-6176.21405
-6170.74920
-6176.62436
-6163.40957
-6182.26957
-6164.53045
-6176.89095
-6175.73229
-6181.71157
-6176.58693
-6170.95548
-6166.39902
-6166.61487
-6167.69298
-6163.35817
-6168.85572
-6177.97263
-6170.57340
-6166.81610
-6170.25365
-6183.75756
-6186.19985
-6188.16144
-6180.74997
-6186.45986
-6180.48862
-6180.15889
-6175.56637
-6175.23892
-6178.27904
-6176.27392
-6178.01013
-6176.84189
-6185.85478
-6184.82162
-6186.20286
-6184.14895
-6192.98356
-6184.78737
-6182.19324
-6165.39003
-6168.08802
-6168.86731
-6171.83423
-6162.47630
-6155.44961
-6140.24451
-6157.84094
-6159.12072
-6173.37050
-6158.51711
-6162.58139
-6157.57082
-6137.51769
-6125.60233
-6130.76842
-6141.00693
-6144.79129
-6144.85752
-6150.01126
-6154.70180
-6157.37376
-6153.11252
-6153.75010
-6149.05066
-6153.63351
-6148.29112
-6155.90534
-6153.25075
-6150.12034
-6151.46273
-6145.59517
-6143.43723
-6153.97934
-6134.79264
-6141.20135
-6139.17063
-6145.64886
-6151.68574
-6147.48330
-6143.69983
-6164.44640
-6162.73598
-6148.97793
-6134.18171
-6145.42831
-6143.88341
-6146.25054
-6144.79628
-6138.58012
-6134.44935
-6145.72849
-6136.86043
-6142.23402
-6144.49167
-6141.28939
-6152.35520
-6147.76636
-6151.16643
-6155.08717
-6147.89544
-6161.94384
-6180.24818
-6169.77384
-6180.13735
-6174.65875
-6158.68297
-6177.42332
-6173.30450
-6170.86807
-6168.66989
-6164.19816
-6171.73478
-6174.17344
-6162.79926
-6159.24496
-6162.39252
-6153.95539
-6160.51690
-6152.93938
-6156.86622
-6139.21061
-6147.85060
-6139.11812
-6149.17532
-6149.78242
-6146.02834
-6148.14398
-6146.78839
-6157.47780
-6154.32587
-6157.54404
-6163.51772
-6141.43836
-6143.77160
-6149.17245
-6149.29667
-6159.86271
-6142.48916
-6144.52067
-6143.69978
-6144.71631
-6138.67731
-6125.34075
-6130.42423
-6129.10701
-6124.70403
-6123.75027
-6139.43361
-6128.54196
-6119.43619
-6118.26550
-6121.27519
-6126.89773
-6128.26914
-6146.88054
-6141.04408
-6145.44254
-6142.82409
-6146.65044
-6134.20786
-6126.46608
-6125.60258
-6122.66711
-6116.35490
-6121.11068
-6132.76716
-6126.19789
-6139.72583
-6137.63838
-6137.37328
-6109.09893
-6133.97028
-6148.48809
-6130.95467
-6117.68494
-6144.66801
-6135.36231
-6145.61697
-6134.91554
-6132.67534
-6130.85340
-6128.05221
-6134.49733
-6133.49965
-6143.66396
-6127.77082
-6140.65800
-6139.55611
-6134.41387
-6128.77985
-6134.81461
-6134.26158
-6125.47907
-6135.15592
-6126.53136
-6145.39308
-6140.29316
-6148.06736
-6131.46078
-6136.16333
-6135.43374
-6127.48554
-6118.94055
-6132.22598
-6127.18443
-6141.94226
-6145.16310
-6159.39499
-6163.50555
-6163.05658
-6153.30712
-6161.59218
-6170.15841
-6164.19073
-6154.41325
-6154.52596
-6158.36988
-6148.52542
-6152.90213
-6151.53165
-6154.70329
-6162.22765
-6161.79092
-6157.35395
-6163.45913
-6176.13740
-6179.90884
-6180.44270
-6178.61339
-6181.59017
-6178.99418
-6180.21155
-6163.04331
-6156.42513
-6158.52679
-6161.69537
-6161.01329
-6167.11298
-6158.36424
-6169.98336
-6170.58261
-6162.22348
-6168.68167
-6168.78910
-6172.79171
-6174.41176
-6181.69926
-6180.78574
-6180.18005
-6174.75696
-6171.46486
-6177.75899
-6175.56232
-6177.63392
-6170.95112
-6171.87430
-6154.43992
-6173.74613
-6183.60685
-6185.99767
-6185.29726
-6189.96392
-6197.38735
-6190.71811
-6182.51267
-6198.80433
-6190.71970
-6183.72059
-6184.07999
-6188.63869
-6180.78372
-6189.71916
-6195.48219
-6178.77769
-6188.28176
-6166.86685
-6180.01416
-6175.25878
-6175.57464
-6176.68425
-6180.72004
-6186.06669
-6186.71750
-6190.02565
-6168.05932
-6164.79466
-6163.48407
-6158.10435
-6173.34537
-6175.33388
-6175.84657
-6178.21621
-6185.64478
-6177.02120
-6179.15086
-6185.43229
-6183.42319
-6186.35930
-6189.95503
-6187.36258
-6193.60056
-6204.64078
-6202.05608
-6190.27982
-6195.03279
-6180.02204
-6191.10081
-6185.11888
-6180.04135
-6191.93684
-6195.95606
-6190.64579
-6183.04722
-6200.84544
-6189.86505
-6193.47208
-6179.46866
-6162.86648
-6173.20550
-6175.42249
-6165.59073
-6156.21825
-6181.40733
-6171.00506
-6181.40608
-6176.29018
-6179.87864
-6174.58111
-6184.04530
-6179.18630
-6175.51904
-6175.81040
-6167.03887
-6171.94824
-6188.62018
-6180.89058
-6188.69362
-6190.10489
-6189.68638
-6173.77782
-6173.01963
-6166.15487
-6165.04859
-6177.25331
-6170.87012
-6169.28872
-6182.23876
-6176.26457
-6173.95557
-6173.83293
-6172.58094
-6187.83952
-6187.86224
-6191.43350
-6195.24828
-6189.67637
-6179.01407
-6172.85038
-6168.48058
-6184.30693
-6190.69082
-6178.78932
-6182.40895
-6192.21231
-6180.72404
-6200.12493
-6199.31201
-6192.78287
-6199.09220
-6201.81092
-6200.36850
-6205.67501
-6198.65516
-6204.31374
-6200.12379
-6192.88125
-6194.69066
-6188.37987
-6183.97386
-6189.99669
-6182.43003
-6189.36478
-6183.73395
-6184.00533
-6174.38979
-6185.95594
-6187.20704
-6181.60304
-6179.17310
-6180.85613
-6179.37608
-6174.03945
-6171.73431
-6166.52912
-6177.66777
-6164.07806
-6172.18512
-6172.18371
-6166.70093
-6164.16910
-6174.44216
-6172.40715
-6171.18975
-6169.84607
-6176.84629
-6173.93068
-6176.98395
-6167.60682
-6175.27081
-6162.39193
-6167.55240
-6164.83566
-6161.21604
-6155.47588
-6162.46799
-6165.36191
-6168.99164
-6168.47718
-6165.04345
-6178.08283
-6172.94470
-6173.96452
-6184.38763
-6189.44249
-6187.97595
-6179.70674
-6178.32517
-6171.64146
-6167.70562
-6168.21946
-6161.65271
-6163.69408
-6157.86822
-6157.54037
-6147.85289
-6139.41960
-6142.77045
-6138.11801
-6138.36674
-6143.95413
-6147.36621
-6126.95408
-6131.41490
-6127.26466
-6131.15680
-6137.82509
-6143.42857
-6139.16250
-6156.38503
-6152.89296
-6156.56957
-6158.15151
-6167.49852
-6163.10412
-6169.21167
-6173.63424
-6186.15781
-6195.33600
-6185.39292
-6177.18869
-6180.18165
-6187.65527
-6187.62944
-6186.72893
-6181.21993
-6181.28209
-6188.18436
-6175.56499
-6180.64365
-6173.57034
-6173.31171
-6173.80382
-6164.46463
-6151.47534
-6154.16242
-6130.32210
-6143.84673
-6139.31491
-6127.20799
-6138.02305
-6139.04696
-6157.10725
-6162.30288
-6159.73496
-6161.46471
-6159.11532
-6146.34129
-6149.17012
-6135.85295
-6130.52539
-6130.30927
-6136.19248
-6124.98498
-6127.50258
-6117.60159
-6129.41821
-6127.65798
-6128.04465
-6125.42882
-6123.62666
-6128.92722
-6135.27194
-6131.67013
-6133.33428
-6145.71815
-6152.20984
-6140.23617
-6149.27210
-6136.29568
-6132.56371
-6141.66475
-6147.35253
-6141.62721
-6141.21537
-6158.74797
-6154.85674
-6154.06962
-6162.81400
-6160.09416
-6162.84280
-6154.72910
-6160.81784
-6158.75725
-6158.01139
-6154.73075
-6156.63443
-6157.98883
-6152.44558
-6161.17101
-6158.83483
-6151.73569
-6160.60949
-6160.99468
-6160.56143
-6166.43310
-6153.82116
-6154.69674
-6145.10025
-6151.61929
-6162.78546
-6152.19848
-6153.12992
-6160.03849
-6138.79619
-6147.16464
-6151.16246
-6147.81414
-6162.48058
-6160.17927
-6154.50633
-6156.39663
-6144.23625
-6137.37547
-6129.23249
-6135.73379
-6135.84781
-6121.20828
-6126.71292
-6136.83927
-6155.82236
-6145.78802
-6144.67661
-6157.47891
-6161.85751
-6151.57246
-6147.93737
-6149.65810
-6145.31501
-6151.22288
-6159.33531
-6170.32665
-6170.17076
-6161.51311
-6172.30865
-6167.98396
-6182.52310
-6177.05201
-6158.93589
-6160.24250
-6161.77226
-6170.87933
-6174.42476
-6179.18819
-6180.60634
-6169.13954
-6183.60626
-6186.07549
-6181.31472
-6165.99631
-6165.51158
-6167.52397
-6173.33100
-6173.51300
-6183.20804
-6178.27020
-6179.77297
-6179.07412
-6185.16270
-6175.47721
-6171.98407
-6160.96386
-6185.68534
-6177.20075
-6175.62684
-6162.83993
-6179.00722
-6174.26793
-6180.23205
-6180.67082
-6193.40001
-6185.42083
-6188.53238
-6185.93916
-6191.97426
-6178.71693
-6180.96171
-6184.14475
-6182.64138
-6186.22457
-6185.54864
-6200.51804
-6203.35541
-6203.45182
-6202.78541
-6210.76597
-6206.49056
-6196.81588
-6199.00743
-6198.79834
-6195.29677
-6189.37837
-6201.65669
-6200.54096
-6196.98751
-6211.23161
-6191.23381
-6193.65458
-6199.51123
-6199.89973
-6195.73333
-6202.89776
-6199.83777
-6209.39969
-6199.99474
-6207.93763
-6192.31798
-6194.28374
-6212.81852
-6214.06271
-6214.02997
-6199.50513
-6211.09915
-6203.85773
-6203.91488
-6212.53215
-6213.05874
-6216.41529
-6219.21263
-6211.14542
-6205.72785
-6207.90837
-6218.30362
-6217.48684
-6213.98019
-6203.30014
-6205.74591
-6201.76599
-6201.33510
-6200.56037
-6208.81830
-6213.31022
-6209.93453
-6221.82431
-6210.25600
-6203.85774
-6208.77168
-6207.23833
-6209.17827
-6209.27238
-6211.51168
-6212.97224
-6223.28850
-6225.62206
-6223.49973
-6223.33426
-6224.20292
-6228.57932
-6220.03533
-6211.96114
-6213.45615
-6217.91281
-6221.02937
-6221.16248
-6214.56014
-6221.87825
-6213.26608
-6215.63864
-6195.06203
-6206.14825
-6203.46346
-6200.03533
-6204.46357
-6209.39863
-6206.32801
-6209.31010
-6206.08038
-6207.77476
-6206.77698
-6196.55408
-6201.18421
-6216.78976
-6214.11419
-6208.52987
-6212.80510
-6212.20147
-6214.13440
-6217.60232
-6207.05888
-6215.96703
-6211.39112
-6198.23648
-6200.90732
-6207.96094
-6202.90719
-6200.41360
-6212.81641
-6209.94164
-6214.05543
-6214.17460
-6204.99596
-6212.88458
-6212.31914
-6202.57755
-6203.00572
-6196.84290
-6202.17641
-6212.14711
-6207.62233
-6207.97488
-6207.35715
-6198.97913
-6196.54143
-6201.49723
-6213.47886
-6212.10560
-6201.57214
-6196.32671
-6192.73315
-6198.29286
-6182.56778
-6184.85211
-6187.13439
-6181.28139
-6182.85987
-6190.95483
-6187.32870
-6189.74627
-6183.39811
-6181.78052
-6181.25594
-6175.48766
-6181.22212
-6161.81032
-6172.52944
-6166.91890
-6174.69773
-6181.30133
-6172.10311
-6170.34911
-6183.52672
-6181.07843
-6187.34171
-6197.41175
-6182.51908
-6181.26390
-6184.20046
-6182.65550
-6182.08040
-6184.93385
-6181.19398
-6180.78440
-6187.84079
-6192.89051
-6198.75239
-6193.75800
-6190.39753
-6177.06361
-6191.14366
-6185.42882
-6188.23659
-6168.46314
-6166.17648
-6156.55743
-6158.39943
-6145.83085
-6158.66926
-6162.73101
-6164.40038
-6160.18101
-6162.83611
-6168.87853
-6176.10162
-6167.24623
-6172.77907
-6168.11124
-6155.40951
-6158.66188
-6153.10958
-6154.87969
-6164.17533
-6160.63143
-6166.91706
-6168.01280
-6162.91254
-6171.75795
-6156.94127
-6143.43640
-6148.63508
-6143.51608
-6150.06962
-6151.82872
-6150.51513
-6153.13122
-6154.17651
-6151.35531
-6150.92854
-6151.18320
-6156.33340
-6158.65495
-6161.11983
-6158.51843
-6173.70134
-6172.34361
-6168.69325
-6163.49196
-6171.12468
-6170.56017
-6175.21808
-6186.06291
-6184.85253
-6185.48969
-6166.70696
-6158.91647
-6165.79913
-6166.95130
-6178.80496
-6174.53654
-6177.31939
-6182.77032
-6184.51291
-6192.41288
-6182.99539
-6181.12788
-6179.42007
-6173.48866
-6171.06889
-6185.11041
-6177.28193
-6183.67647
-6161.32724
-6176.65856
-6182.59033
-6168.27018
-6163.90611
-6164.45641
-6161.65955
-6173.11940
-6168.84559
-6158.13622
-6155.09985
-6144.86747
-6158.40290
-6164.81073
-6157.41149
-6161.64920
-6148.42835
-6160.86534
-6157.78694
-6150.87140
-6149.82673
-6164.79112
-6154.41693
-6140.10192
-6152.55628
-6159.20588
-6152.03934
-6160.65688
-6173.41724
-6169.37439
-6179.91784
-6165.16673
-6161.05242
-6172.57335
-6174.63594
-6178.88484
-6181.71684
-6188.08475
-6191.89327
-6190.55854
-6189.21900
-6194.57439
-6199.84227
-6196.62876
-6206.04641
-6196.87884
-6201.21255
-6204.50086
-6197.71352
-6196.22088
-6201.82172
-6192.59205
-6199.40571
-6212.08580
-6207.54211
-6204.33990
-6211.73421
-6194.89534
-6202.76652
-6209.41066
-6207.47824
-6206.17612
-6207.34242
-6205.43103
-6189.87483
-6198.78066
-6202.59434
-6192.83756
-6194.44859
-6195.77342
-6197.90781
-6186.18880
-6199.99909
-6196.54403
-6197.06641
-6200.92284
-6200.24351
-6201.12330
-6192.02496
-6197.57360
-6204.00620
-6203.70702
-6207.85555
-6217.54467
-6213.02585
-6207.21253
-6204.96098
-6195.44206
-6195.32909
-6197.53103
-6195.85712
-6189.88233
-6188.23677
-6190.34375
-6195.96229
-6185.99481
-6192.51220
-6191.37102
-6182.91811
-6183.56064
-6186.17693
-6189.86537
-6192.47240
-6184.67929
-6180.20963
-6171.81354
-6167.83334
-6177.86560
-6185.06460
-6199.12129
-6192.94875
-6191.22868
-6190.59686
-6199.37609
-6184.67283
-6189.90716
-6192.04061
-6206.83591
-6206.78732
-6208.19744
-6198.62215
-6200.32031
-6200.30523
-6201.30425
-6205.89124
-6203.49356
-6204.25627
-6202.75018
-6197.51778
-6204.29401
-6196.19035
-6194.15066
-6198.10574
-6193.70814
-6196.15400
-6197.66629
-6198.52864
-6179.41023
-6187.50329
-6188.13259
-6192.36002
-6193.55997
-6185.85881
-6191.29043
-6188.81212
-6186.41256
-6193.69016
-6194.65025
-6183.47861
-6188.03176
-6192.70531
-6187.40672
-6181.46477
-6177.21369
-6178.76545
-6173.34675
-6164.81894
-6170.42566
-6161.47338
-6168.51412
-6158.03353
-6166.18762
-6168.49978
-6183.95388
-6177.57120
-6174.53248
-6176.13488
-6177.94722
-6173.48115
-6184.69914
-6180.19106
-6178.52826
-6177.65307
-6182.24455
-6190.39407
-6190.60055
-6194.95178
-6189.64592
-6173.57103
-6169.47932
-6173.40710
-6172.06376
-6177.95044
-6176.09754
-6170.17597
-6163.01057
-6158.94211
-6177.36144
-6179.59870
-6171.34314
-6169.27947
-6165.56318
-6175.20267
-6174.06913
-6168.51714
-6174.54938
-6175.87223
-6174.16459
-6177.04019
-6181.78205
-6188.43976
-6190.52766
-6184.44162
-6190.11401
-6190.83377
-6187.22448
-6184.86171
-6181.04875
-6190.67627
-6190.25598
-6175.18456
-6177.36946
-6194.58573
-6181.90041
-6191.28696
-6186.56965
-6189.78790
-6187.00505
-6175.96500
-6169.55275
-6162.02752
-6184.42899
-6179.52376
-6181.85560
-6177.04568
-6175.88642
-6179.22418
-6179.85415
-6185.19298
-6195.49133
-6196.71578
-6197.87621
-6195.06182
-6188.73407
-6188.53144
-6182.87026
-6187.09923
-6188.80327
-6189.06759
-6188.58107
-6195.09612
-6200.19641
-6190.86258
-6191.37011
-6188.33783
-6189.42556
-6180.68806
-6178.81668
-6183.66697
-6193.98479
-6198.00107
-6188.03423
-6196.84026
-6198.23935
-6197.80495
-6199.32004
-6195.82783
-6193.65885
-6191.34798
-6204.80546
-6198.14945
-6195.44517
-6193.82536
-6195.87305
-6191.13398
-6197.26954
-6191.16283
-6193.60304
-6189.45135
-6185.05409
-6187.55169
-6196.14577
-6195.86515
-6196.89073
-6208.98344
-6206.54969
-6198.54387
-6212.79559
-6213.67681
-6211.71050
-6215.14482
-6205.58507
-6217.74156
-6207.33913
-6204.81008
-6205.78223
-6213.98023
-6202.87950
-6205.02193
-6197.58775
-6208.25843
-6215.70446
-6199.11278
-6205.08324
-6220.72061
-6232.32199
-6229.82432
-6219.87652
-6227.49098
-6220.97721
-6220.30810
-6222.60789
-6221.09320
-6214.48911
-6212.05366
-6205.19634
-6206.52843
-6204.00139
-6198.39011
-6207.13211
-6204.61974
-6200.24241
-6201.16154
-6195.55017
-6204.36110
-6209.23656
-6203.99458
-6189.83741
-6193.39551
-6199.09625
-6196.42466
-6205.57825
-6193.78076
-6176.82532
-6178.39336
-6193.66645
-6188.63528
-6178.32358
-6178.18529
-6177.02434
-6182.96307
-6181.61695
-6183.18975
-6185.65868
-6189.60575
-6190.03834
-6186.94802
-6163.60244
-6166.07129
-6179.08633
-6191.55522
-6185.87878
-6189.32453
-6190.30844
-6197.29089
-6197.23041
-6189.01264
-6190.92606
-6193.14291
-6183.62295
-6184.01382
-6182.23211
-6194.11617
-6196.15745
-6190.69022
-6199.83458
-6204.62814
-6201.75541
-6194.71673
-6191.34063
-6197.56051
-6191.44527
-6196.58543
-6195.80944
-6207.48687
-6206.60013
-6200.68764
-6208.20869
-6195.67210
-6205.38404
-6210.80354
-6209.79445
-6206.19888
-6201.93565
-6196.75414
-6186.93759
-6201.91056
-6199.14487
-6194.36375
-6204.94092
-6203.15873
-6199.35228
-6206.06954
-6205.33292
-6194.65649
-6198.33595
-6196.59896
-6194.78558
-6188.68988
-6182.97107
-6189.53019
-6181.98552
-6187.32810
-6196.26821
-6191.19463
-6190.90269
-6184.79990
-6180.52820
-6180.36739
-6187.40987
-6190.97404
-6190.30739
-6184.42034
-6181.20502
-6183.90575
-6174.03450
-6183.90387
-6188.03163
-6197.07110
-6190.41166
-6192.07911
-6195.18360
-6209.02584
-6195.85028
-6186.76576
-6192.85747
-6200.38212
-6191.50314
-6202.77298
-6205.25921
-6195.76306
-6202.18737
-6211.29652
-6207.44098
-6210.89700
-6207.03756
-6191.97633
-6182.06837
-6178.00286
-6187.05750
-6191.86327
-6193.95667
-6184.76940
-6183.76844
-6187.20144
-6203.49640
-6209.75444
-6205.87007
-6202.25218
-6201.49672
-6190.14457
-6184.41708
-6200.61184
-6195.44328
-6194.68023
-6201.29347
-6208.75953
-6218.51673
-6199.92772
-6202.72361
-6193.84752
-6218.25423
-6218.82688
-6218.31179
-6222.32373
-6216.32736
-6208.12011
-6208.79748
-6209.13213
-6207.82401
-6202.56859
-6208.70680
-6209.35640
-6208.47505
-6208.01083
-6204.24659
-6194.59067
-6199.90830
-6208.57947
-6207.89312
-6208.79953
-6202.25470
-6209.53804
-6211.52171
-6219.73428
-6211.76394
-6218.39857
-6213.83320
-6200.62742
-6208.73095
-6211.45698
-6207.13180
-6205.92995
-6211.87695
-6215.15733
-6215.15383
-6214.00713
-6232.12447
-6219.24486
-6229.44711
-6230.22078
-6228.84427
-6219.45627
-6220.10038
-6218.38419
-6211.18955
-6214.67331
-6219.61400
-6220.69860
-6224.90218
-6225.51526
-6213.01292
-6210.38960
-6222.73255
-6222.32424
-6217.50927
-6208.63366
-6218.56463
-6226.73708
-6212.92172
-6208.61501
-6210.19059
-6218.09972
-6214.79614
-6212.11678
-6217.49421
-6201.00594
-6205.88475
-6191.56510
-6202.04039
-6212.52319
-6199.06439
-6202.11661
-6200.32388
-6201.50858
-6199.48872
-6193.04265
-6194.31870
-6197.99552
-6203.60211
-6202.05789
-6210.14970
-6194.87649
-6210.03957
-6216.79567
-6223.23803
-6218.59698
-6210.90421
-6224.06026
-6206.88223
-6214.42070
-6214.86892
-6213.59822
-6211.07719
-6203.62050
-6202.00657
-6206.43339
-6212.02660
-6216.51394
-6209.14775
-6209.31716
-6211.19409
-6202.59584
-6200.56008
-6204.54476
-6206.51621
-6192.57769
-6200.66803
-6193.13532
-6203.33409
-6196.24932
-6193.70470
-6188.59313
-6190.83627
-6194.95538
-6206.96533
-6196.53797
-6189.58262
-6187.85729
-6199.97450
-6199.31329
-6201.19286
-6208.95134
-6201.66419
-6214.66098
-6200.77090
-6201.14077
-6188.86483
-6192.26581
-6192.47801
-6198.66074
-6199.03607
-6196.03737
-6188.57594
-6192.81051
-6170.95989
-6161.98834
-6181.05575
-6186.64655
-6177.45391
-6181.51188
-6181.26250
-6176.40231
-6182.53331
-6182.68761
-6183.07324
-6174.16221
-6162.56851
-6154.87681
-6169.91041
-6171.95376
-6167.45645
-6180.81631
-6167.88505
-6162.31941
-6165.22860
-6176.57771
-6183.41636
-6173.82511
-6178.90730
-6178.83613
-6175.24209
-6180.00814
-6179.85446
-6182.29578
-6178.11395
-6187.45687
-6183.36788
-6183.77653
-6179.71127
-6188.92927
-6192.26850
-6182.22173
-6193.02246
-6193.36587
-6191.42547
-6185.61428
-6184.76014
-6171.43279
-6181.89828
-6167.06358
-6176.65873
-6166.35544
-6181.64084
-6181.96627
-6172.69472
-6184.44896
-6192.21557
-6181.34928
-6171.40729
-6177.90536
-6184.79982
-6176.09218
-6186.65870
-6174.78710
-6177.75998
-6170.38723
-6170.29234
-6171.75362
-6160.77825
-6170.49539
-6176.75033
-6171.71367
-6169.92444
-6179.28597
-6153.23804
-6166.41231
-6173.71638
-6172.16152
-6165.89127
-6157.74308
-6163.84377
-6169.87407
-6175.67429
-6170.86749
-6176.99385
-6181.09852
-6178.98817
-6175.53206
-6164.49730
-6145.61617
-6161.58258
-6156.45721
-6153.52146
-6169.19748
-6165.83179
-6172.90293
-6169.11813
-6180.64011
-6186.58147
-6187.22485
-6190.28011
-6180.95663
-6166.40857
-6171.87573
-6186.55834
-6185.78659
-6191.91849
-6196.58105
-6203.46674
-6208.40530
-6207.11779
-6204.77350
-6211.08460
-6198.92413
-6200.26028
-6202.94519
-6197.85563
-6204.48462
-6192.29822
-6191.38105
-6191.74733
-6186.37326
-6192.07839
-6187.09014
-6195.73696
-6190.05746
-6185.35009
-6180.16075
-6175.93681
-6188.14962
-6181.81313
-6178.93484
-6179.56587
-6176.89250
-6184.82664
-6180.06208
-6175.44123
-6171.31564
-6161.88995
-6154.67150
-6160.91340
-6153.79905
-6163.68419
-6144.36014
-6162.55732
-6161.25378
-6152.31109
-6153.23372
-6156.41947
-6158.45354
-6153.54848
-6137.09785
-6133.83940
-6143.20919
-6141.75197
-6140.92685
-6145.19503
-6152.63516
-6155.18013
-6157.03214
-6164.51949
-6158.33607
-6159.65617
-6169.29484
-6168.12056
-6163.39836
-6173.22585
-6174.69609
-6173.76397
-6172.44258
-6164.10732
-6149.56269
-6158.14949
-6162.29440
-6155.41162
-6166.06400
-6162.43011
-6162.37406
-6147.78391
-6160.09919
-6161.98561
-6165.89230
-6181.16104
-6184.65717
-6177.71454
-6170.11075
-6161.53206
-6163.76759
-6163.42784
-6177.41544
-6160.00204
-6155.98010
-6154.18747
-6163.95069
-6165.87240
-6168.59186
-6169.42382
-6161.84998
-6148.54983
-6151.73537
-6150.70529
-6156.44209
-6161.82595
-6166.07069
-6165.61524
-6166.82190
-6166.79121
-6163.71491
-6168.72698
-6169.72409
-6172.51364
-6172.85980
-6153.71163
-6171.27124
-6172.58672
-6184.87260
-6174.90152
-6180.82765
-6182.72803
-6182.22997
-6184.60276
-6185.87093
-6186.83737
-6191.70260
-6179.98037
-6172.45071
-6174.27840
-6168.80355
-6177.80180
-6165.49038
-6171.77357
-6169.23508
-6170.71995
-6173.85624
-6171.10118
-6168.79921
-6171.28280
-6173.93820
-6178.82520
-6174.97607
-6177.99037
-6169.58849
-6172.08798
-6174.87476
-6172.91216
-6159.83753
-6162.13647
-6147.23870
-6150.29654
-6156.02503
-6159.75627
-6166.02349
-6161.88813
-6158.50832
-6150.27697
-6148.28019
-6151.03668
-6161.14620
-6154.25124
-6159.97719
-6143.65507
-6138.78917
-6127.65510
-6133.28273
-6139.53037
-6149.03160
-6148.49061
-6135.08094
-6137.43899
-6136.67878
-6131.88130
-6141.60202
-6139.23865
-6136.94552
-6143.39179
-6141.04905
-6137.91937
-6152.94702
-6140.38914
-6133.17596
-6140.55373
-6130.16506
-6130.30789
-6124.27927
-6114.61937
-6136.46947
-6136.47126
-6133.73699
-6129.50031
-6146.27383
-6140.28069
-6141.40795
-6127.10270
-6149.38644
-6141.63401
-6154.08418
-6141.79876
-6143.19914
-6153.34522
-6148.47110
-6144.14670
-6153.09009
-6148.64810
-6135.12370
-6146.60286
-6143.74169
-6135.06622
-6136.49728
-6142.20256
-6145.27328
-6144.85145
-6145.02475
-6154.19057
-6147.88207
-6159.10919
-6147.78131
-6135.72479
-6152.71541
-6138.30687
-6131.18620
-6138.69213
-6142.93793
-6131.70099
-6133.41750
-6134.57689
-6121.04410
-6126.24678
-6124.84133
-6123.68883
-6119.73145
-6119.61403
-6114.66692
-6115.94375
-6131.13467
-6135.17695
-6126.06790
-6124.67947
-6127.04864
-6122.19064
-6134.23307
-6121.11652
-6126.79115
-6123.35165
-6124.24885
-6125.99776
-6138.72778
-6140.36725
-6133.85164
-6141.33156
-6135.94135
-6147.29167
-6146.61145
-6145.83606
-6157.60118
-6156.83620
-6149.22810
-6163.21569
-6148.25768
-6152.62314
-6152.31507
-6152.86489
-6153.87223
-6164.22893
-6167.20892
-6157.91201
-6158.01044
-6159.61033
-6152.94310
-6144.20062
-6160.40224
-6161.67081
-6150.03602
-6142.05959
-6138.26523
-6138.59426
-6140.98012
-6140.59929
-6148.79883
-6145.09835
-6156.12410
-6154.28795
-6152.63736
-6156.27570
-6157.76261
-6165.67048
-6155.88809
-6159.21177
-6158.87540
-6162.29797
-6152.00313
-6142.06313
-6136.96834
-6149.76509
-6155.80237
-6168.00914
-6167.03254
-6173.93608
-6181.83392
-6156.90979
-6164.00077
-6158.81693
-6171.70966
-6159.94853
-6173.47410
-6163.57487
-6157.10457
-6159.75802
-6157.41050
-6160.65527
-6145.90814
-6147.20423
-6141.57965
-6149.87276
-6141.18993
-6135.95990
-6155.11800
-6147.10126
-6154.19443
-6147.95383
-6150.94504
-6150.96817
-6154.37214
-6153.67401
-6151.67442
-6138.24883
-6137.45104
-6135.16853
-6126.28130
-6134.88238
-6145.20072
-6140.13284
-6141.46931
-6140.78711
-6138.28005
-6148.82765
-6158.49558
-6148.44426
-6169.83475
-6166.24612
-6164.17678
-6176.49761
-6174.67727
-6179.37376
-6167.92524
-6168.28288
-6164.15214
-6163.74831
-6156.55359
-6159.03626
-6159.07167
-6153.26614
-6152.55483
-6152.07085
-6140.89566
-6150.47375
-6144.37184
-6153.26132
-6160.68161
-6157.07084
-6158.70316
-6168.02806
-6164.22171
-6158.01286
-6149.92696
-6160.75873
-6158.26744
-6159.62974
-6162.80284
-6156.06946
-6162.88989
-6153.51570
-6158.77012
-6150.72579
-6140.09942
-6135.15711
-6135.14949
-6129.43061
-6149.42835
-6156.93370
-6146.77286
-6142.53159
-6148.10749
-6151.99478
-6154.88120
-6154.10064
-6159.32996
-6160.11366
-6155.18575
-6163.04870
-6157.82124
-6157.72794
-6160.82817
-6160.00391
-6150.80573
-6154.29143
-6137.78838
-6132.22014
-6147.94878
-6153.26261
-6135.58188
-6143.91581
-6130.34294
-6124.15838
-6142.77838
-6148.69765
-6137.58584
-6136.97212
-6143.40799
-6144.84184
-6163.37745
-6160.50737
-6154.50825
-6162.24982
-6160.30824
-6150.20018
-6138.72322
-6142.39374
-6153.80713
-6153.25208
-6159.89035
-6161.06623
-6155.07904
-6164.09558
-6146.03876
-6142.97239
-6146.40360
-6146.64721
-6150.29417
-6148.58342
-6150.10749
-6154.31979
-6135.94844
-6139.94180
-6135.37106
-6140.50587
-6150.74974
-6161.48630
-6160.12109
-6162.30497
-6154.69728
-6149.88173
-6147.07287
-6153.05850
-6159.78761
-6162.93286
-6178.59960
-6165.94627
-6165.04204
-6162.05319
-6156.28754
-6175.96203
-6166.47885
-6155.18874
-6157.32526
-6154.11837
-6155.89449
-6164.28859
-6174.38375
-6167.86326
-6168.70417
-6172.08211
-6166.88137
-6174.12825
-6165.45448
-6177.65681
-6164.22323
-6160.96335
-6158.24442
-6164.50806
-6173.10501
-6171.98240
-6167.71136
-6178.16921
-6177.50596
-6186.92134
-6165.42873
-6173.40163
-6184.04124
-6175.02900
-6179.91544
-6176.95302
-6184.54929
-6194.30375
-6181.46180
-6177.59872
-6175.53798
-6180.09269
-6169.95742
-6183.02295
-6176.89925
-6169.10832
-6162.38846
-6170.08664
-6171.33828
-6167.74678
-6174.69160
-6175.50223
-6160.74118
-6154.01378
-6165.40581
-6170.66663
-6167.24642
-6162.13181
-6166.68304
-6165.73494
-6168.14231
-6169.04070
-6171.51240
-6163.93556
-6176.46753
-6173.96870
-6173.43666
-6179.21619
-6177.65666
-6182.38666
-6179.58706
-6176.15903
-6170.26098
-6177.86100
-6177.42521
-6187.82439
-6186.33827
-6198.23710
-6191.78340
-6189.84738
-6194.35609
-6191.83250
-6189.27878
-6197.35844
-6195.21844
-6193.99029
-6182.76184
-6198.46069
-6189.30743
-6188.32410
-6190.70853
-6201.42990
-6204.94957
-6197.29878
-6189.19804
-6174.33173
-6182.79093
-6196.42505
-6178.98161
-6184.54174
-6195.19260
-6186.98117
-6190.03334
-6177.30345
-6192.42135
-6194.17043
-6192.38312
-6188.28532
-6193.61811
-6185.14795
-6178.88556
-6191.45124
-6186.25119
-6183.82136
-6199.94399
-6190.69352
-6192.36827
-6193.28275
-6180.79793
-6192.28937
-6188.52017
-6187.33533
-6195.89236
-6191.97299
-6177.70055
-6189.51162
-6175.94333
-6177.92590
-6178.73378
-6179.86631
-6190.81548
-6190.32634
-6185.85914
-6184.83024
-6186.56666
-6191.91824
-6200.66219
-6190.85465
-6194.19586
-6195.51766
-6181.92259
-6182.75761
-6183.31252
-6181.57149
-6185.20347
-6188.23046
-6180.18909
-6179.78066
-6191.47790
-6197.94076
-6201.12702
-6181.39058
-6193.24428
-6188.91037
-6203.53898
-6204.26568
-6204.80923
-6191.62815
-6189.77189
-6183.06802
-6185.05801
-6178.37614
-6184.22948
-6181.73017
-6170.68515
-6176.15198
-6171.02851
-6177.95084
-6172.68351
-6175.66273
-6178.79072
-6183.85743
-6184.77124
-6176.20464
-6173.55572
-6166.23335
-6171.10642
-6179.77097
-6170.16081
-6174.67732
-6172.78380
-6163.05415
-6172.17387
-6161.03487
-6160.52261
-6168.69788
-6167.58722
-6170.77032
-6169.05450
-6160.64038
-6150.98548
-6147.05486
-6167.53058
-6149.83499
-6153.14210
-6156.29076
-6151.25354
-6155.20646
-6154.67080
-6167.20513
-6174.53675
-6164.68214
-6151.45458
-6146.04531
-6152.21678
-6149.33654
-6156.02391
-6149.81572
-6134.96749
-6125.96696
-6148.17483
-6145.80841
-6140.12475
-6136.28255
-6135.13767
-6117.58167
-6139.86280
-6143.91705
-6150.64375
-6157.48047
-6164.56457
-6163.81247
-6170.06574
-6160.23425
-6164.08665
-6166.01512
-6168.54022
-6173.35760
-6169.05450
-6179.78320
-6178.70419
-6169.13068
-6170.42950
-6173.55577
-6167.35361
-6160.77424
-6163.97884
-6149.32410
-6165.44996
-6157.88048
-6166.15209
-6155.90730
-6158.64296
-6158.70839
-6161.18795
-6156.25367
-6167.06566
-6174.53072
-6160.14878
-6155.87578
-6168.52031
-6161.62876
-6162.71474
-6173.01043
-6166.41494
-6167.75249
-6174.80298
-6166.94728
-6160.75986
-6165.73316
-6151.84857
-6169.28227
-6173.85823
-6168.30708
-6163.19646
-6176.06900
-6173.59612
-6176.11173
-6178.64693
-6163.33812
-6173.64475
-6164.33446
-6165.22899
-6161.04897
-6160.54397
-6163.74293
-6169.07260
-6161.38764
-6167.79740
-6180.01195
-6172.62254
-6173.14039
-6160.34502
-6153.89421
-6146.28590
-6141.89349
-6137.08488
-6139.93649
-6132.75717
-6134.20861
-6137.30431
-6143.46198
-6147.50198
-6156.25751
-6143.66381
-6154.10321
-6155.88599
-6147.23357
-6140.65602
-6135.00771
-6147.39553
-6146.03804
-6151.42984
-6148.02230
-6159.43414
-6162.51340
-6167.06645
-6169.34898
-6159.25320
-6148.25666
-6142.93954
-6135.55947
-6140.89040
-6144.58859
-6144.72916
-6153.76612
-6138.38014
-6145.87510
-6138.17205
-6129.20065
-6148.22790
-6150.32972
-6145.48509
-6151.25765
-6136.13617
-6124.39392
-6140.62193
-6136.48110
-6130.09911
-6133.97508
-6131.69219
-6122.68827
-6115.61723
-6129.82093
-6128.38505
-6131.11990
-6136.94507
-6144.02758
-6146.44666
-6134.35425
-6138.04768
-6132.38628
-6120.96554
-6136.54389
-6128.33263
-6126.27365
-6122.43465
-6137.68368
-6131.17223
-6125.19394
-6133.97077
-6146.39860
-6134.25941
-6145.27148
-6149.77533
-6157.25536
-6164.08591
-6150.02527
-6150.19491
-6155.87833
-6152.10835
-6147.84084
-6150.63695
-6158.40900
-6141.74491
-6147.94879
-6141.08211
-6139.53302
-6136.46995
-6139.15708
-6127.24668
-6131.01617
-6145.56172
-6143.26489
-6138.02314
-6130.72405
-6134.08713
-6154.87021
-6157.18415
-6162.00915
-6163.90865
-6160.77721
-6148.28948
-6154.90160
-6156.34094
-6164.65203
-6164.75225
-6167.96583
-6166.28610
-6147.69098
-6142.25858
-6133.90552
-6138.77294
-6137.18112
-6138.44524
-6129.10627
-6120.91876
-6126.67626
-6134.89296
-6124.03045
-6131.16634
-6140.74391
-6138.53331
-6134.81107
-6130.70709
-6134.02959
-6134.32803
-6135.93504
-6136.68919
-6144.13992
-6151.57968
-6134.28918
-6151.74279
-6142.96243
-6146.10266
-6151.23455
-6151.38901
-6145.79046
-6154.91867
-6149.95962
-6144.41236
-6143.54280
-6153.31015
-6154.32764
-6161.56155
-6155.54264
-6155.88856
-6159.71298
-6168.53018
-6161.53915
-6172.79369
-6166.83397
-6160.46589
-6163.12864
-6150.30121
-6156.82792
-6148.72549
-6148.10549
-6151.99344
-6159.21160
-6167.20138
-6161.98505
-6147.16201
-6149.61397
-6147.26609
-6148.28261
-6148.76613
-6157.86021
-6149.76403
-6153.52778
-6156.21401
-6164.38133
-6159.30992
-6155.56054
-6160.77592
-6150.00344
-6140.75253
-6147.47352
-6133.92480
-6139.38036
-6142.23945
-6137.02325
-6139.44475
-6125.82122
-6128.95967
-6131.68690
-6145.75154
-6131.03742
-6134.91346
-6144.24394
-6148.79285
-6159.44546
-6160.50302
-6148.65569
-6144.34340
-6152.22083
-6141.37791
-6134.72702
-6141.97971
-6147.37844
-6152.14960
-6145.79362
-6146.12342
-6136.26188
-6152.55758
-6163.04949
-6164.61871
-6144.58443
-6166.78778
-6159.67451
-6157.19111
-6157.50930
-6163.96320
-6170.94882
-6169.86635
-6165.71269
-6160.46436
-6141.92011
-6150.83056
-6142.41416
-6163.21707
-6147.29273
-6158.81362
-6147.23762
-6170.38897
-6168.65152
-6173.63527
-6166.86939
-6170.24295
-6171.16317
-6168.37020
-6156.85297
-6147.28490
-6155.99403
-6150.63498
-6160.26942
-6152.75113
-6149.62895
-6142.65636
-6154.59651
-6153.43572
-6160.06260
-6139.05497
-6157.19770
-6151.16300
-6163.22528
-6162.82499
-6171.86884
-6174.86474
-6156.74727
-6165.83040
-6170.85105
-6152.04096
-6159.55455
-6167.91042
-6167.86812
-6160.23005
-6158.64852
-6165.50058
-6174.33725
-6162.94994
-6168.68763
-6167.40068
-6159.07963
-6151.84378
-6148.56049
-6157.68114
-6144.32636
-6152.06742
-6142.73789
-6137.15565
-6137.05993
-6137.07686
-6138.91724
-6146.42734
-6143.54931
-6150.58860
-6167.33810
-6159.02283
-6158.62572
-6164.08463
-6163.98331
-6161.21974
-6149.05594
-6161.74373
-6142.82484
-6142.60255
-6138.14817
-6146.18367
-6146.29845
-6154.08546
-6160.57277
-6159.42530
-6164.57618
-6151.62491
-6145.51167
-6149.85792
-6126.95004
-6127.63905
-6132.33467
-6121.90753
-6112.24105
-6119.65958
-6113.38768
-6132.30675
-6130.99158
-6130.39031
-6142.24951
-6155.27214
-6137.84607
-6138.83478
-6145.15426
-6137.30801
-6142.72120
-6152.20621
-6157.95478
-6145.19272
-6168.31226
-6165.83529
-6151.80983
-6164.46510
-6171.88326
-6171.77494
-6170.98638
-6161.13660
-6143.08717
-6146.17303
-6145.30183
-6141.50555
-6157.00574
-6154.76338
-6157.12048
-6161.47404
-6157.05954
-6151.04127
-6151.81925
-6150.88721
-6147.43224
-6153.71633
-6151.14190
-6156.47589
-6152.14719
-6158.81541
-6146.05691
-6149.01432
-6160.47979
-6157.29380
-6158.68168
-6149.22048
-6156.30602
-6149.58722
-6148.07326
-6143.38597
-6133.18325
-6144.47962
-6138.65215
-6147.33274
-6131.83674
-6123.98610
-6118.24391
-6123.63365
-6115.24717
-6120.14058
-6119.91720
-6131.60328
-6124.75576
-6129.67666
-6122.73614
-6129.34470
-6138.35844
-6129.16821
-6141.11348
-6136.90163
-6115.88015
-6120.89582
-6109.10829
-6103.39585
-6100.77155
-6091.90723
-6110.92733
-6103.56067
-6111.50010
-6110.74291
-6112.72644
-6119.46801
-6114.20038
-6131.92314
-6125.55620
-6129.90698
-6128.76668
-6131.57776
-6132.91577
-6138.30174
-6135.81945
-6127.32869
-6130.87829
-6140.88658
-6136.28189
-6132.80730
-6122.24841
-6125.96274
-6128.89544
-6126.05080
-6136.99654
-6122.15464
-6117.53375
-6114.68835
-6101.59786
-6087.14678
-6085.40849
-6091.87300
-6095.31134
-6104.50614
-6112.40528
-6098.39698
-6082.11831
-6057.12259
-6059.06396
-6046.53984
-6037.30743
-6048.42385
-6047.90981
-6063.64452
-6067.27780
-6064.25542
-6070.72702
-6080.64904
-6076.67171
-6074.10599
-6062.03919
-6058.40699
-6055.32664
-6044.61337
-6057.42868
-6067.50509
-6058.87865
-6065.39227
-6081.19002
-6073.63272
-6072.92851
-6073.59490
-6082.69939
-6097.85758
-6100.57986
-6103.89235
-6109.10095
-6118.87208
-6103.52145
-6097.52578
-6095.53258
-6101.37915
-6100.56213
-6095.07161
-6082.05017
-6085.71762
-6090.12252
-6109.01276
-6102.58131
-6099.93094
-6101.62119
-6106.98573
-6114.09946
-6116.22513
-6122.89282
-6130.96118
-6124.84903
-6125.76758
-6122.10929
-6114.88670
-6106.62171
-6099.89391
-6112.57503
-6111.05942
-6100.88605
-6105.84039
-6111.72211
-6115.73705
-6088.90139
-6112.52805
-6101.29163
-6093.57109
-6092.49873
-6093.99488
-6093.30560
-6101.13596
-6091.91144
-6110.58832
-6113.59749
-6116.85397
-6110.80409
-6111.09399
-6096.02415
-6099.71915
-6113.37188
-6116.12196
-6103.63273
-6098.20093
-6102.52242
-6094.75984
-6108.14144
-6106.58079
-6105.70700
-6098.83065
-6120.03797
-6115.63811
-6116.34923
-6122.23073
-6130.83967
-6117.16816
-6120.64649
-6114.37251
-6115.80692
-6117.99285
-6127.72948
-6120.66529
-6124.31127
-6111.24103
-6119.40776
-6105.59393
-6115.29531
-6118.91098
-6114.68790
-6113.26575
-6109.21434
-6113.62128
-6118.76673
-6123.67529
-6120.08663
-6130.81627
-6112.57377
-6131.91918
-6136.55623
-6148.22299
-6143.24226
-6129.97190
-6120.30024
-6137.28995
-6125.86010
-6138.47549
-6136.80627
-6146.62666
-6143.73040
-6142.48264
-6136.46743
-6134.90605
-6144.35822
-6136.81544
-6143.84952
-6146.68067
-6139.72293
-6127.70542
-6131.36346
-6138.96174
-6123.12438
-6123.37111
-6119.41302
-6116.05446
-6117.85847
-6129.66726
-6123.90396
-6125.86876
-6127.23707
-6143.46819
-6129.32606
-6121.05268
-6121.40111
-6137.09570
-6133.05400
-6131.53166
-6142.64344
-6131.98514
-6137.28626
-6136.69047
-6129.02100
-6124.59646
-6133.34723
-6115.61749
-6127.02643
-6127.02898
-6120.09517
-6121.00368
-6123.67636
-6125.77502
-6123.79245
-6114.67622
-6121.39578
-6120.69550
-6131.69582
-6138.00816
-6137.60945
-6148.18317
-6140.84255
-6148.10830
-6156.52452
-6146.10751
-6155.83461
-6151.65816
-6140.99639
-6146.37466
-6141.48963
-6146.40383
-6137.14137
-6129.76946
-6132.02463
-6137.77051
-6133.38067
-6131.58267
-6130.20798
-6127.67817
-6122.70940
-6115.27781
-6111.44137
-6097.05949
-6106.30337
-6110.98280
-6118.87217
-6106.07513
-6115.45529
-6123.81373
-6121.54782
-6134.97874
-6128.78768
-6123.99649
-6130.88882
-6121.38633
-6115.45594
-6114.17106
-6122.75250
-6133.90087
-6131.40723
-6124.27870
-6110.65859
-6107.30886
-6116.15418
-6111.25750
-6127.90767
-6131.69245
-6127.82713
-6125.75118
-6135.67313
-6144.00956
-6124.42985
-6121.36293
-6133.62043
-6132.12983
-6124.89534
-6115.28794
-6120.66245
-6110.76327
-6124.26789
-6128.02904
-6140.97574
-6137.16169
-6142.97816
-6153.79989
-6136.02493
-6127.47015
-6112.12467
-6129.82348
-6106.97635
-6116.67324
-6119.34448
-6121.35049
-6126.14159
-6120.39474
-6124.52388
-6125.16813
-6114.80662
-6122.51470
-6111.51777
-6128.67526
-6116.38409
-6114.23898
-6122.30965
-6094.10214
-6109.62173
-6114.36997
-6108.32572
-6119.55584
-6110.41095
-6119.01202
-6123.15191
-6123.45762
-6109.42228
-6107.91912
-6104.44862
-6112.18721
-6124.01605
-6117.85931
-6130.92630
-6132.71694
-6133.62988
-6128.78864
-6124.44875
-6126.98097
-6131.47518
-6131.78038
-6130.00775
-6133.59437
-6132.71248
-6137.43529
-6132.21260
-6124.05534
-6126.51195
-6118.98541
-6122.96473
-6122.92531
-6132.90429
-6119.54364
-6139.65966
-6141.16570
-6135.06913
-6132.18839
-6136.34761
-6138.14970
-6129.53542
-6126.90674
-6113.71616
-6106.28221
-6125.30220
-6117.94563
-6108.30392
-6095.68719
-6099.92717
-6101.64560
-6101.42542
-6111.92516
-6110.15455
-6109.66755
-6115.53617
-6095.66303
-6106.91783
-6096.19133
-6102.09475
-6103.60864
-6109.40519
-6107.83133
-6107.99207
-6117.25057
-6133.90741
-6119.86243
-6119.55806
-6135.54433
-6134.77161
-6123.02023
-6121.56653
-6130.02803
-6135.43380
-6127.83975
-6134.25161
-6116.12940
-6110.01460
-6107.77447
-6107.22686
-6098.54781
-6110.64872
-6106.05881
-6114.83052
-6108.90157
-6112.15198
-6105.57028
-6088.12069
-6081.69208
-6110.65214
-6101.04130
-6111.98869
-6105.93166
-6110.41705
-6115.46483
-6106.34492
-6112.52113
-6116.67005
-6116.91322
-6120.26222
-6114.05545
-6114.95611
-6110.80792
-6117.43328
-6108.48609
-6116.65484
-6104.66673
-6115.84605
-6134.89392
-6132.13544
-6135.73964
-6140.06537
-6127.85790
-6136.61356
-6128.14913
-6118.86532
-6121.62696
-6125.73928
-6117.85897
-6115.51874
-6106.65135
-6106.12715
-6117.96959
-6114.09583
-6110.20247
-6119.52707
-6124.41741
-6115.42141
-6116.94531
-6102.57593
-6117.58346
-6111.23435
-6118.04640
-6108.30812
-6102.87335
-6113.31556
-6123.72243
-6134.44766
-6120.19707
-6116.65646
-6125.97123
-6117.82737
-6113.40537
-6099.52795
-6110.34383
-6124.71235
-6116.15480
-6117.61435
-6125.61623
-6113.45633
-6114.71080
-6131.67333
-6122.19741
-6121.45816
-6119.21837
-6112.28930
-6088.06421
-6081.55828
-6096.66445
-6089.84837
-6097.51194
-6108.28272
-6091.83416
-6096.34928
-6112.48049
-6128.73197
-6112.24607
-6121.65316
-6117.75483
-6129.38332
-6122.34364
-6126.08850
-6133.95961
-6131.14149
-6120.65992
-6111.63372
-6121.33171
-6112.95177
-6118.64088
-6112.09284
-6104.07718
-6115.93948
-6119.67267
-6105.56798
-6111.45638
-6120.19858
-6120.40731
-6105.69368
-6114.05601
-6113.98207
-6118.99795
-6121.72253
-6109.51711
-6107.19028
-6106.42395
-6108.28287
-6117.14599
-6115.09667
-6106.36419
-6108.74456
-6109.30311
-6107.28743
-6119.96562
-6127.86749
-6128.64021
-6125.74463
-6119.38522
-6113.40563
-6111.51073
-6114.11732
-6117.07830
-6113.33120
-6114.71496
-6107.91311
-6106.77542
-6107.88722
-6118.46871
-6113.82610
-6108.88530
-6107.80575
-6103.74028
-6127.73110
-6136.19933
-6127.83014
-6135.83146
-6128.58069
-6121.79562
-6114.33634
-6116.59649
-6132.93997
-6137.33424
-6141.46053
-6141.90494
-6152.51584
-6152.91569
-6165.14800
-6150.69261
-6137.44832
-6156.45452
-6148.82182
-6149.96375
-6150.33409
-6150.75568
-6158.24757
-6156.51819
-6155.62177
-6144.64540
-6145.49627
-6154.35761
-6148.79822
-6139.89648
-6147.56181
-6138.01419
-6133.76525
-6130.83243
-6135.09051
-6139.09024
-6155.70166
-6140.87782
-6143.11660
-6146.32255
-6142.35942
-6126.42325
-6128.64538
-6134.22431
-6114.04982
-6117.32718
-6123.78604
-6117.16855
-6125.07197
-6135.45576
-6129.55908
-6130.59175
-6126.62181
-6123.70491
-6119.70238
-6130.35573
-6149.09215
-6149.65912
-6151.23056
-6134.27766
-6126.30933
-6118.16830
-6132.27034
-6132.89460
-6135.69829
-6133.66056
-6127.94213
-6129.83781
-6136.04027
-6136.92438
-6128.63416
-6126.35660
-6123.23372
-6107.38651
-6112.67630
-6115.23794
-6119.75519
-6117.00729
-6129.13149
-6132.51071
-6120.78064
-6133.53926
-6148.12190
-6139.43389
-6160.01977
-6154.15784
-6144.11231
-6156.06299
-6162.04030
-6151.24223
-6148.03147
-6144.75773
-6131.54644
-6132.77999
-6134.67774
-6128.28653
-6116.92067
-6120.33483
-6119.19436
-6127.58011
-6123.43778
-6135.73171
-6137.85960
-6137.54186
-6133.35835
-6143.56336
-6125.34988
-6118.71919
-6121.56765
-6121.08228
-6114.63980
-6137.53021
-6125.99425
-6130.35284
-6125.39935
-6136.38716
-6128.91705
-6119.35649
-6120.53602
-6119.87606
-6119.57027
-6111.69912
-6109.31346
-6114.41741
-6114.33297
-6105.21921
-6108.25277
-6120.48618
-6123.11842
-6131.11034
-6114.18161
-6105.53773
-6119.71276
-6115.85739
-6102.52528
-6113.69585
-6101.52997
-6105.76574
-6113.32485
-6113.06554
-6117.22671
-6124.31419
-6132.15705
-6130.99184
-6139.43934
-6136.90453
-6139.49689
-6145.97426
-6144.68235
-6132.46805
-6125.69444
-6122.62621
-6128.26348
-6123.27925
-6122.50209
-6120.93397
-6118.14823
-6120.33415
-6123.56997
-6119.42567
-6125.54002
-6139.13496
-6132.22965
-6140.11876
-6126.47874
-6119.91489
-6120.14648
-6130.78782
-6131.27907
-6121.77513
-6117.17548
-6098.65557
-6109.85315
-6109.40863
-6106.63721
-6099.83263
-6098.64272
-6103.12221
-6085.26645
-6084.61628
-6098.97768
-6091.58864
-6097.86582
-6099.72646
-6105.56760
-6101.82076
-6102.58274
-6092.63085
-6090.57170
-6099.17793
-6105.52297
-6100.78294
-6111.65672
-6122.19153
-6124.77353
-6116.95836
-6123.97321
-6122.87129
-6118.88659
-6108.51510
-6115.19483
-6118.85262
-6111.78763
-6108.82525
-6094.99356
-6094.92170
-6082.31936
-6082.79015
-6080.72568
-6074.87274
-6073.47343
-6077.02009
-6090.00793
-6066.35886
-6063.78086
-6065.67088
-6084.23380
-6088.75638
-6094.69412
-6089.28125
-6086.50383
-6083.89779
-6080.13623
-6084.97426
-6068.54954
-6066.52091
-6066.93818
-6062.36318
-6077.00378
-6073.57087
-6069.21257
-6085.15115
-6072.53251
-6068.85137
-6075.45010
-6073.99161
-6061.38987
-6075.30382
-6077.34895
-6062.85003
-6063.97344
-6070.50114
-6056.48259
-6053.53298
-6071.83750
-6068.19004
-6071.20057
-6067.77802
-6069.70185
-6074.76861
-6063.40509
-6045.05041
-6056.43073
-6051.49693
-6068.54198
-6063.91584
-6064.29751
-6061.14474
-6068.94618
-6082.09449
-6079.21275
-6078.26776
-6086.76824
-6071.05723
-6053.09446
-6058.93891
-6059.33872
-6067.50246
-6062.19018
-6053.50657
-6054.80509
-6059.97071
-6091.00138
-6070.98635
-6075.62342
-6052.20388
-6052.66804
-6056.81705
-6048.71784
-6051.60039
-6048.20883
-6056.42183
-6064.25310
-6063.83250
-6058.95320
-6069.83441
-6072.89204
-6082.04989
-6085.53648
-6091.74185
-6090.37697
-6079.84884
-6078.07294
-6091.19223
-6080.86790
-6089.63076
-6097.12165
-6082.63977
-6095.20055
-6098.10242
-6113.37247
-6107.86606
-6117.44773
-6106.40124
-6109.80349
-6101.82886
-6093.58129
-6100.49387
-6108.60966
-6090.75978
-6103.85203
-6086.60785
-6082.95883
-6087.33849
-6090.80477
-6093.34392
-6110.63047
-6099.57190
-6096.97234
-6111.22476
-6110.82000
-6104.28202
-6102.37449
-6104.23999
-6087.63456
-6096.58597
-6084.39157
-6112.76938
-6112.37505
-6105.47410
-6113.08858
-6100.71843
-6100.45239
-6105.74175
-6096.24655
-6090.13875
-6104.43270
-6100.51572
-6098.31383
-6089.36637
-6092.13178
-6097.05882
-6089.46227
-6106.66515
-6110.39523
-6111.68093
-6114.04392
-6122.57581
-6120.45319
-6121.33389
-6119.15351
-6121.00269
-6113.10285
-6110.82886
-6108.25305
-6119.76517
-6122.26299
-6114.02912
-6127.97055
-6136.14221
-6136.98042
-6130.51748
-6117.98039
-6129.79444
-6128.89298
-6133.01595
-6125.12538
-6138.54589
-6126.60250
-6121.40734
-6131.80339
-6136.00290
-6137.34736
-6145.10130
-6135.77359
-6139.87943
-6140.43811
-6129.04968
-6128.00003
-6138.56281
-6143.37301
-6153.21460
-6158.97980
-6154.20141
-6156.95961
-6145.46638
-6139.95542
-6130.74221
-6124.67652
-6129.42929
-6126.15158
-6145.32944
-6138.01849
-6129.66724
-6118.35200
-6128.86288
-6122.61896
-6121.15031
-6123.31440
