      0.00000E+00  0.00000E+00
      0.10000E+01  0.89935E+00
      0.20000E+01  0.12088E+01
      0.30000E+01  0.15262E+01
      0.40000E+01  0.18190E+01
      0.50000E+01  0.21107E+01
      0.60000E+01  0.23964E+01
      0.70000E+01  0.26779E+01
      0.80000E+01  0.29594E+01
      0.90000E+01  0.32381E+01
      0.10000E+02  0.35154E+01
      0.11000E+02  0.37921E+01
      0.12000E+02  0.40666E+01
      0.13000E+02  0.43418E+01
      0.14000E+02  0.46162E+01
      0.15000E+02  0.48896E+01
      0.16000E+02  0.51637E+01
      0.17000E+02  0.54372E+01
      0.18000E+02  0.57090E+01
      0.19000E+02  0.59812E+01
      0.20000E+02  0.62531E+01
      0.21000E+02  0.65254E+01
      0.22000E+02  0.67952E+01
      0.23000E+02  0.70668E+01
      0.24000E+02  0.73382E+01
      0.25000E+02  0.76086E+01
      0.26000E+02  0.78778E+01
      0.27000E+02  0.81467E+01
      0.28000E+02  0.84157E+01
      0.29000E+02  0.86853E+01
      0.30000E+02  0.89530E+01
      0.31000E+02  0.92216E+01
      0.32000E+02  0.94900E+01
      0.33000E+02  0.97595E+01
      0.34000E+02  0.10029E+02
      0.35000E+02  0.10299E+02
      0.36000E+02  0.10567E+02
      0.37000E+02  0.10837E+02
      0.38000E+02  0.11106E+02
      0.39000E+02  0.11375E+02
      0.40000E+02  0.11645E+02
      0.41000E+02  0.11915E+02
      0.42000E+02  0.12185E+02
      0.43000E+02  0.12456E+02
      0.44000E+02  0.12725E+02
      0.45000E+02  0.12993E+02
      0.46000E+02  0.13264E+02
      0.47000E+02  0.13534E+02
      0.48000E+02  0.13804E+02
      0.49000E+02  0.14073E+02
      0.50000E+02  0.14342E+02
      0.51000E+02  0.14612E+02
      0.52000E+02  0.14882E+02
      0.53000E+02  0.15152E+02
      0.54000E+02  0.15422E+02
      0.55000E+02  0.15694E+02
      0.56000E+02  0.15964E+02
      0.57000E+02  0.16233E+02
      0.58000E+02  0.16504E+02
      0.59000E+02  0.16775E+02
      0.60000E+02  0.17043E+02
      0.61000E+02  0.17315E+02
      0.62000E+02  0.17585E+02
      0.63000E+02  0.17857E+02
      0.64000E+02  0.18127E+02
      0.65000E+02  0.18399E+02
      0.66000E+02  0.18670E+02
      0.67000E+02  0.18942E+02
      0.68000E+02  0.19214E+02
      0.69000E+02  0.19486E+02
      0.70000E+02  0.19756E+02
      0.71000E+02  0.20028E+02
      0.72000E+02  0.20300E+02
      0.73000E+02  0.20572E+02
      0.74000E+02  0.20845E+02
      0.75000E+02  0.21119E+02
      0.76000E+02  0.21391E+02
      0.77000E+02  0.21664E+02
      0.78000E+02  0.21935E+02
      0.79000E+02  0.22208E+02
      0.80000E+02  0.22480E+02
      0.81000E+02  0.22751E+02
      0.82000E+02  0.23024E+02
      0.83000E+02  0.23293E+02
      0.84000E+02  0.23566E+02
      0.85000E+02  0.23838E+02
      0.86000E+02  0.24109E+02
      0.87000E+02  0.24381E+02
      0.88000E+02  0.24653E+02
      0.89000E+02  0.24924E+02
      0.90000E+02  0.25196E+02
      0.91000E+02  0.25468E+02
      0.92000E+02  0.25740E+02
      0.93000E+02  0.26010E+02
      0.94000E+02  0.26282E+02
      0.95000E+02  0.26553E+02
      0.96000E+02  0.26825E+02
      0.97000E+02  0.27095E+02
      0.98000E+02  0.27367E+02
      0.99000E+02  0.27637E+02
      0.10000E+03  0.27908E+02
      0.10100E+03  0.28180E+02
      0.10200E+03  0.28451E+02
      0.10300E+03  0.28722E+02
      0.10400E+03  0.28993E+02
      0.10500E+03  0.29264E+02
      0.10600E+03  0.29534E+02
      0.10700E+03  0.29805E+02
      0.10800E+03  0.30075E+02
      0.10900E+03  0.30347E+02
      0.11000E+03  0.30620E+02
      0.11100E+03  0.30890E+02
      0.11200E+03  0.31162E+02
      0.11300E+03  0.31433E+02
      0.11400E+03  0.31704E+02
      0.11500E+03  0.31976E+02
      0.11600E+03  0.32249E+02
      0.11700E+03  0.32520E+02
      0.11800E+03  0.32793E+02
      0.11900E+03  0.33064E+02
      0.12000E+03  0.33337E+02
      0.12100E+03  0.33609E+02
      0.12200E+03  0.33881E+02
      0.12300E+03  0.34155E+02
      0.12400E+03  0.34427E+02
      0.12500E+03  0.34699E+02
      0.12600E+03  0.34974E+02
      0.12700E+03  0.35245E+02
      0.12800E+03  0.35518E+02
      0.12900E+03  0.35792E+02
      0.13000E+03  0.36063E+02
      0.13100E+03  0.36335E+02
      0.13200E+03  0.36609E+02
      0.13300E+03  0.36880E+02
      0.13400E+03  0.37153E+02
      0.13500E+03  0.37426E+02
      0.13600E+03  0.37698E+02
      0.13700E+03  0.37970E+02
      0.13800E+03  0.38242E+02
      0.13900E+03  0.38514E+02
      0.14000E+03  0.38785E+02
      0.14100E+03  0.39058E+02
      0.14200E+03  0.39330E+02
      0.14300E+03  0.39601E+02
      0.14400E+03  0.39872E+02
      0.14500E+03  0.40143E+02
      0.14600E+03  0.40415E+02
      0.14700E+03  0.40688E+02
      0.14800E+03  0.40960E+02
      0.14900E+03  0.41231E+02
      0.15000E+03  0.41502E+02
      0.15100E+03  0.41773E+02
      0.15200E+03  0.42045E+02
      0.15300E+03  0.42317E+02
      0.15400E+03  0.42590E+02
      0.15500E+03  0.42862E+02
      0.15600E+03  0.43135E+02
      0.15700E+03  0.43409E+02
      0.15800E+03  0.43682E+02
      0.15900E+03  0.43955E+02
      0.16000E+03  0.44228E+02
      0.16100E+03  0.44501E+02
      0.16200E+03  0.44773E+02
      0.16300E+03  0.45045E+02
      0.16400E+03  0.45320E+02
      0.16500E+03  0.45593E+02
      0.16600E+03  0.45866E+02
      0.16700E+03  0.46139E+02
      0.16800E+03  0.46413E+02
      0.16900E+03  0.46685E+02
      0.17000E+03  0.46958E+02
      0.17100E+03  0.47231E+02
      0.17200E+03  0.47503E+02
      0.17300E+03  0.47777E+02
      0.17400E+03  0.48050E+02
      0.17500E+03  0.48323E+02
      0.17600E+03  0.48597E+02
      0.17700E+03  0.48869E+02
      0.17800E+03  0.49143E+02
      0.17900E+03  0.49416E+02
      0.18000E+03  0.49690E+02
      0.18100E+03  0.49963E+02
      0.18200E+03  0.50236E+02
      0.18300E+03  0.50510E+02
      0.18400E+03  0.50785E+02
      0.18500E+03  0.51059E+02
      0.18600E+03  0.51333E+02
      0.18700E+03  0.51607E+02
      0.18800E+03  0.51880E+02
      0.18900E+03  0.52152E+02
      0.19000E+03  0.52425E+02
      0.19100E+03  0.52697E+02
      0.19200E+03  0.52970E+02
      0.19300E+03  0.53241E+02
      0.19400E+03  0.53513E+02
      0.19500E+03  0.53785E+02
      0.19600E+03  0.54057E+02
      0.19700E+03  0.54329E+02
      0.19800E+03  0.54600E+02
      0.19900E+03  0.54873E+02
      0.20000E+03  0.55145E+02
      0.20100E+03  0.55417E+02
      0.20200E+03  0.55689E+02
      0.20300E+03  0.55962E+02
      0.20400E+03  0.56234E+02
      0.20500E+03  0.56509E+02
      0.20600E+03  0.56781E+02
      0.20700E+03  0.57055E+02
      0.20800E+03  0.57329E+02
      0.20900E+03  0.57603E+02
      0.21000E+03  0.57879E+02
      0.21100E+03  0.58150E+02
      0.21200E+03  0.58425E+02
      0.21300E+03  0.58698E+02
      0.21400E+03  0.58970E+02
      0.21500E+03  0.59244E+02
      0.21600E+03  0.59517E+02
      0.21700E+03  0.59788E+02
      0.21800E+03  0.60062E+02
      0.21900E+03  0.60334E+02
      0.22000E+03  0.60607E+02
      0.22100E+03  0.60877E+02
      0.22200E+03  0.61149E+02
      0.22300E+03  0.61420E+02
      0.22400E+03  0.61693E+02
      0.22500E+03  0.61967E+02
      0.22600E+03  0.62238E+02
      0.22700E+03  0.62511E+02
      0.22800E+03  0.62781E+02
      0.22900E+03  0.63053E+02
      0.23000E+03  0.63325E+02
      0.23100E+03  0.63597E+02
      0.23200E+03  0.63869E+02
      0.23300E+03  0.64140E+02
      0.23400E+03  0.64412E+02
      0.23500E+03  0.64683E+02
      0.23600E+03  0.64956E+02
      0.23700E+03  0.65226E+02
      0.23800E+03  0.65497E+02
      0.23900E+03  0.65768E+02
      0.24000E+03  0.66039E+02
      0.24100E+03  0.66310E+02
      0.24200E+03  0.66581E+02
      0.24300E+03  0.66851E+02
      0.24400E+03  0.67122E+02
      0.24500E+03  0.67394E+02
      0.24600E+03  0.67665E+02
      0.24700E+03  0.67936E+02
      0.24800E+03  0.68207E+02
      0.24900E+03  0.68478E+02
      0.25000E+03  0.68750E+02
      0.25100E+03  0.69021E+02
      0.25200E+03  0.69291E+02
      0.25300E+03  0.69562E+02
      0.25400E+03  0.69834E+02
      0.25500E+03  0.70105E+02
      0.25600E+03  0.70376E+02
      0.25700E+03  0.70649E+02
      0.25800E+03  0.70921E+02
      0.25900E+03  0.71193E+02
      0.26000E+03  0.71465E+02
      0.26100E+03  0.71737E+02
      0.26200E+03  0.72011E+02
      0.26300E+03  0.72283E+02
      0.26400E+03  0.72555E+02
      0.26500E+03  0.72828E+02
      0.26600E+03  0.73100E+02
      0.26700E+03  0.73371E+02
      0.26800E+03  0.73644E+02
      0.26900E+03  0.73916E+02
      0.27000E+03  0.74188E+02
      0.27100E+03  0.74460E+02
      0.27200E+03  0.74732E+02
      0.27300E+03  0.75005E+02
      0.27400E+03  0.75276E+02
      0.27500E+03  0.75550E+02
      0.27600E+03  0.75822E+02
      0.27700E+03  0.76095E+02
      0.27800E+03  0.76367E+02
      0.27900E+03  0.76641E+02
      0.28000E+03  0.76913E+02
      0.28100E+03  0.77185E+02
      0.28200E+03  0.77456E+02
      0.28300E+03  0.77728E+02
      0.28400E+03  0.77999E+02
      0.28500E+03  0.78270E+02
      0.28600E+03  0.78542E+02
      0.28700E+03  0.78813E+02
      0.28800E+03  0.79085E+02
      0.28900E+03  0.79356E+02
      0.29000E+03  0.79628E+02
      0.29100E+03  0.79899E+02
      0.29200E+03  0.80171E+02
      0.29300E+03  0.80442E+02
      0.29400E+03  0.80714E+02
      0.29500E+03  0.80986E+02
      0.29600E+03  0.81258E+02
      0.29700E+03  0.81530E+02
      0.29800E+03  0.81803E+02
      0.29900E+03  0.82074E+02
      0.30000E+03  0.82347E+02
      0.30100E+03  0.82619E+02
      0.30200E+03  0.82891E+02
      0.30300E+03  0.83163E+02
      0.30400E+03  0.83434E+02
      0.30500E+03  0.83708E+02
      0.30600E+03  0.83981E+02
      0.30700E+03  0.84252E+02
      0.30800E+03  0.84525E+02
      0.30900E+03  0.84798E+02
      0.31000E+03  0.85072E+02
      0.31100E+03  0.85345E+02
      0.31200E+03  0.85620E+02
      0.31300E+03  0.85894E+02
      0.31400E+03  0.86166E+02
      0.31500E+03  0.86439E+02
      0.31600E+03  0.86710E+02
      0.31700E+03  0.86983E+02
      0.31800E+03  0.87256E+02
      0.31900E+03  0.87529E+02
      0.32000E+03  0.87802E+02
      0.32100E+03  0.88075E+02
      0.32200E+03  0.88347E+02
      0.32300E+03  0.88621E+02
      0.32400E+03  0.88895E+02
      0.32500E+03  0.89169E+02
      0.32600E+03  0.89443E+02
      0.32700E+03  0.89716E+02
      0.32800E+03  0.89990E+02
      0.32900E+03  0.90264E+02
      0.33000E+03  0.90538E+02
      0.33100E+03  0.90810E+02
      0.33200E+03  0.91084E+02
      0.33300E+03  0.91357E+02
      0.33400E+03  0.91630E+02
      0.33500E+03  0.91903E+02
      0.33600E+03  0.92177E+02
      0.33700E+03  0.92450E+02
      0.33800E+03  0.92722E+02
      0.33900E+03  0.92996E+02
      0.34000E+03  0.93270E+02
      0.34100E+03  0.93542E+02
      0.34200E+03  0.93815E+02
      0.34300E+03  0.94087E+02
      0.34400E+03  0.94361E+02
      0.34500E+03  0.94635E+02
      0.34600E+03  0.94908E+02
      0.34700E+03  0.95181E+02
      0.34800E+03  0.95453E+02
      0.34900E+03  0.95725E+02
      0.35000E+03  0.95998E+02
      0.35100E+03  0.96270E+02
      0.35200E+03  0.96542E+02
      0.35300E+03  0.96814E+02
      0.35400E+03  0.97086E+02
      0.35500E+03  0.97359E+02
      0.35600E+03  0.97632E+02
      0.35700E+03  0.97906E+02
      0.35800E+03  0.98177E+02
      0.35900E+03  0.98447E+02
      0.36000E+03  0.98718E+02
      0.36100E+03  0.98990E+02
      0.36200E+03  0.99262E+02
      0.36300E+03  0.99535E+02
      0.36400E+03  0.99805E+02
      0.36500E+03  0.10008E+03
      0.36600E+03  0.10035E+03
      0.36700E+03  0.10062E+03
      0.36800E+03  0.10088E+03
      0.36900E+03  0.10115E+03
      0.37000E+03  0.10142E+03
      0.37100E+03  0.10169E+03
      0.37200E+03  0.10196E+03
      0.37300E+03  0.10223E+03
      0.37400E+03  0.10250E+03
      0.37500E+03  0.10277E+03
      0.37600E+03  0.10304E+03
      0.37700E+03  0.10331E+03
      0.37800E+03  0.10359E+03
      0.37900E+03  0.10386E+03
      0.38000E+03  0.10413E+03
      0.38100E+03  0.10440E+03
      0.38200E+03  0.10467E+03
      0.38300E+03  0.10494E+03
      0.38400E+03  0.10521E+03
      0.38500E+03  0.10548E+03
      0.38600E+03  0.10575E+03
      0.38700E+03  0.10603E+03
      0.38800E+03  0.10630E+03
      0.38900E+03  0.10657E+03
      0.39000E+03  0.10684E+03
      0.39100E+03  0.10711E+03
      0.39200E+03  0.10738E+03
      0.39300E+03  0.10765E+03
      0.39400E+03  0.10792E+03
      0.39500E+03  0.10820E+03
      0.39600E+03  0.10847E+03
      0.39700E+03  0.10874E+03
      0.39800E+03  0.10901E+03
      0.39900E+03  0.10928E+03
