      0.00000E+00  0.00000E+00
      0.10000E+01  0.25270E+01
      0.20000E+01  0.44361E+01
      0.30000E+01  0.62896E+01
      0.40000E+01  0.81202E+01
      0.50000E+01  0.99473E+01
      0.60000E+01  0.11775E+02
      0.70000E+01  0.13600E+02
      0.80000E+01  0.15422E+02
      0.90000E+01  0.17247E+02
      0.10000E+02  0.19069E+02
      0.11000E+02  0.20897E+02
      0.12000E+02  0.22716E+02
      0.13000E+02  0.24541E+02
      0.14000E+02  0.26359E+02
      0.15000E+02  0.28173E+02
      0.16000E+02  0.29993E+02
      0.17000E+02  0.31812E+02
      0.18000E+02  0.33624E+02
      0.19000E+02  0.35440E+02
      0.20000E+02  0.37254E+02
      0.21000E+02  0.39067E+02
      0.22000E+02  0.40881E+02
      0.23000E+02  0.42690E+02
      0.24000E+02  0.44503E+02
      0.25000E+02  0.46317E+02
      0.26000E+02  0.48139E+02
      0.27000E+02  0.49949E+02
      0.28000E+02  0.51764E+02
      0.29000E+02  0.53581E+02
      0.30000E+02  0.55393E+02
      0.31000E+02  0.57209E+02
      0.32000E+02  0.59021E+02
      0.33000E+02  0.60834E+02
      0.34000E+02  0.62650E+02
      0.35000E+02  0.64471E+02
      0.36000E+02  0.66295E+02
      0.37000E+02  0.68104E+02
      0.38000E+02  0.69922E+02
      0.39000E+02  0.71735E+02
      0.40000E+02  0.73552E+02
      0.41000E+02  0.75379E+02
      0.42000E+02  0.77205E+02
      0.43000E+02  0.79022E+02
      0.44000E+02  0.80839E+02
      0.45000E+02  0.82660E+02
      0.46000E+02  0.84482E+02
      0.47000E+02  0.86304E+02
      0.48000E+02  0.88121E+02
      0.49000E+02  0.89944E+02
      0.50000E+02  0.91765E+02
      0.51000E+02  0.93592E+02
      0.52000E+02  0.95411E+02
      0.53000E+02  0.97230E+02
      0.54000E+02  0.99050E+02
      0.55000E+02  0.10087E+03
      0.56000E+02  0.10268E+03
      0.57000E+02  0.10450E+03
      0.58000E+02  0.10632E+03
      0.59000E+02  0.10814E+03
      0.60000E+02  0.10996E+03
      0.61000E+02  0.11177E+03
      0.62000E+02  0.11359E+03
      0.63000E+02  0.11540E+03
      0.64000E+02  0.11722E+03
      0.65000E+02  0.11903E+03
      0.66000E+02  0.12084E+03
      0.67000E+02  0.12266E+03
      0.68000E+02  0.12447E+03
      0.69000E+02  0.12629E+03
      0.70000E+02  0.12810E+03
      0.71000E+02  0.12992E+03
      0.72000E+02  0.13174E+03
      0.73000E+02  0.13356E+03
      0.74000E+02  0.13538E+03
      0.75000E+02  0.13720E+03
      0.76000E+02  0.13902E+03
      0.77000E+02  0.14084E+03
      0.78000E+02  0.14265E+03
      0.79000E+02  0.14447E+03
      0.80000E+02  0.14629E+03
      0.81000E+02  0.14810E+03
      0.82000E+02  0.14992E+03
      0.83000E+02  0.15173E+03
      0.84000E+02  0.15355E+03
      0.85000E+02  0.15537E+03
      0.86000E+02  0.15718E+03
      0.87000E+02  0.15899E+03
      0.88000E+02  0.16080E+03
      0.89000E+02  0.16262E+03
      0.90000E+02  0.16443E+03
      0.91000E+02  0.16625E+03
      0.92000E+02  0.16807E+03
      0.93000E+02  0.16988E+03
      0.94000E+02  0.17169E+03
      0.95000E+02  0.17351E+03
      0.96000E+02  0.17532E+03
      0.97000E+02  0.17715E+03
      0.98000E+02  0.17896E+03
      0.99000E+02  0.18078E+03
      0.10000E+03  0.18260E+03
      0.10100E+03  0.18441E+03
      0.10200E+03  0.18623E+03
      0.10300E+03  0.18805E+03
      0.10400E+03  0.18987E+03
      0.10500E+03  0.19170E+03
      0.10600E+03  0.19352E+03
      0.10700E+03  0.19535E+03
      0.10800E+03  0.19717E+03
      0.10900E+03  0.19900E+03
      0.11000E+03  0.20083E+03
      0.11100E+03  0.20266E+03
      0.11200E+03  0.20448E+03
      0.11300E+03  0.20631E+03
      0.11400E+03  0.20814E+03
      0.11500E+03  0.20996E+03
      0.11600E+03  0.21178E+03
      0.11700E+03  0.21360E+03
      0.11800E+03  0.21542E+03
      0.11900E+03  0.21724E+03
      0.12000E+03  0.21906E+03
      0.12100E+03  0.22088E+03
      0.12200E+03  0.22270E+03
      0.12300E+03  0.22451E+03
      0.12400E+03  0.22632E+03
      0.12500E+03  0.22815E+03
      0.12600E+03  0.22997E+03
      0.12700E+03  0.23179E+03
      0.12800E+03  0.23362E+03
      0.12900E+03  0.23544E+03
      0.13000E+03  0.23726E+03
      0.13100E+03  0.23907E+03
      0.13200E+03  0.24089E+03
      0.13300E+03  0.24272E+03
      0.13400E+03  0.24453E+03
      0.13500E+03  0.24634E+03
      0.13600E+03  0.24816E+03
      0.13700E+03  0.24998E+03
      0.13800E+03  0.25180E+03
      0.13900E+03  0.25362E+03
      0.14000E+03  0.25544E+03
      0.14100E+03  0.25727E+03
      0.14200E+03  0.25909E+03
      0.14300E+03  0.26091E+03
      0.14400E+03  0.26273E+03
      0.14500E+03  0.26455E+03
      0.14600E+03  0.26637E+03
      0.14700E+03  0.26819E+03
      0.14800E+03  0.27002E+03
      0.14900E+03  0.27185E+03
      0.15000E+03  0.27367E+03
      0.15100E+03  0.27549E+03
      0.15200E+03  0.27731E+03
      0.15300E+03  0.27913E+03
      0.15400E+03  0.28096E+03
      0.15500E+03  0.28279E+03
      0.15600E+03  0.28462E+03
      0.15700E+03  0.28644E+03
      0.15800E+03  0.28826E+03
      0.15900E+03  0.29009E+03
      0.16000E+03  0.29192E+03
      0.16100E+03  0.29374E+03
      0.16200E+03  0.29557E+03
      0.16300E+03  0.29739E+03
      0.16400E+03  0.29922E+03
      0.16500E+03  0.30105E+03
      0.16600E+03  0.30287E+03
      0.16700E+03  0.30469E+03
      0.16800E+03  0.30652E+03
      0.16900E+03  0.30834E+03
      0.17000E+03  0.31016E+03
      0.17100E+03  0.31199E+03
      0.17200E+03  0.31381E+03
      0.17300E+03  0.31564E+03
      0.17400E+03  0.31747E+03
      0.17500E+03  0.31930E+03
      0.17600E+03  0.32113E+03
      0.17700E+03  0.32296E+03
      0.17800E+03  0.32479E+03
      0.17900E+03  0.32661E+03
      0.18000E+03  0.32844E+03
      0.18100E+03  0.33026E+03
      0.18200E+03  0.33209E+03
      0.18300E+03  0.33393E+03
      0.18400E+03  0.33575E+03
      0.18500E+03  0.33758E+03
      0.18600E+03  0.33941E+03
      0.18700E+03  0.34124E+03
      0.18800E+03  0.34307E+03
      0.18900E+03  0.34490E+03
      0.19000E+03  0.34673E+03
      0.19100E+03  0.34856E+03
      0.19200E+03  0.35040E+03
      0.19300E+03  0.35224E+03
      0.19400E+03  0.35407E+03
      0.19500E+03  0.35591E+03
      0.19600E+03  0.35775E+03
      0.19700E+03  0.35958E+03
      0.19800E+03  0.36142E+03
      0.19900E+03  0.36325E+03
      0.20000E+03  0.36508E+03
      0.20100E+03  0.36691E+03
      0.20200E+03  0.36874E+03
      0.20300E+03  0.37057E+03
      0.20400E+03  0.37239E+03
      0.20500E+03  0.37423E+03
      0.20600E+03  0.37606E+03
      0.20700E+03  0.37789E+03
      0.20800E+03  0.37972E+03
      0.20900E+03  0.38155E+03
      0.21000E+03  0.38338E+03
      0.21100E+03  0.38521E+03
      0.21200E+03  0.38704E+03
      0.21300E+03  0.38888E+03
      0.21400E+03  0.39071E+03
      0.21500E+03  0.39255E+03
      0.21600E+03  0.39439E+03
      0.21700E+03  0.39623E+03
      0.21800E+03  0.39807E+03
      0.21900E+03  0.39991E+03
      0.22000E+03  0.40175E+03
      0.22100E+03  0.40359E+03
      0.22200E+03  0.40543E+03
      0.22300E+03  0.40727E+03
      0.22400E+03  0.40911E+03
      0.22500E+03  0.41095E+03
      0.22600E+03  0.41279E+03
      0.22700E+03  0.41463E+03
      0.22800E+03  0.41647E+03
      0.22900E+03  0.41831E+03
      0.23000E+03  0.42015E+03
      0.23100E+03  0.42199E+03
      0.23200E+03  0.42383E+03
      0.23300E+03  0.42567E+03
      0.23400E+03  0.42750E+03
      0.23500E+03  0.42933E+03
      0.23600E+03  0.43117E+03
      0.23700E+03  0.43300E+03
      0.23800E+03  0.43484E+03
      0.23900E+03  0.43667E+03
      0.24000E+03  0.43851E+03
      0.24100E+03  0.44034E+03
      0.24200E+03  0.44216E+03
      0.24300E+03  0.44400E+03
      0.24400E+03  0.44582E+03
      0.24500E+03  0.44765E+03
      0.24600E+03  0.44947E+03
      0.24700E+03  0.45129E+03
      0.24800E+03  0.45312E+03
      0.24900E+03  0.45494E+03
      0.25000E+03  0.45677E+03
      0.25100E+03  0.45859E+03
      0.25200E+03  0.46041E+03
      0.25300E+03  0.46223E+03
      0.25400E+03  0.46405E+03
      0.25500E+03  0.46588E+03
      0.25600E+03  0.46770E+03
      0.25700E+03  0.46953E+03
      0.25800E+03  0.47135E+03
      0.25900E+03  0.47317E+03
      0.26000E+03  0.47500E+03
      0.26100E+03  0.47683E+03
      0.26200E+03  0.47866E+03
      0.26300E+03  0.48048E+03
      0.26400E+03  0.48231E+03
      0.26500E+03  0.48414E+03
      0.26600E+03  0.48597E+03
      0.26700E+03  0.48779E+03
      0.26800E+03  0.48962E+03
      0.26900E+03  0.49145E+03
      0.27000E+03  0.49327E+03
      0.27100E+03  0.49510E+03
      0.27200E+03  0.49693E+03
      0.27300E+03  0.49876E+03
      0.27400E+03  0.50058E+03
      0.27500E+03  0.50240E+03
      0.27600E+03  0.50423E+03
      0.27700E+03  0.50605E+03
      0.27800E+03  0.50788E+03
      0.27900E+03  0.50970E+03
      0.28000E+03  0.51153E+03
      0.28100E+03  0.51335E+03
      0.28200E+03  0.51517E+03
      0.28300E+03  0.51700E+03
      0.28400E+03  0.51882E+03
      0.28500E+03  0.52064E+03
      0.28600E+03  0.52247E+03
      0.28700E+03  0.52429E+03
      0.28800E+03  0.52611E+03
      0.28900E+03  0.52794E+03
      0.29000E+03  0.52975E+03
      0.29100E+03  0.53158E+03
      0.29200E+03  0.53340E+03
      0.29300E+03  0.53523E+03
      0.29400E+03  0.53706E+03
      0.29500E+03  0.53888E+03
      0.29600E+03  0.54071E+03
      0.29700E+03  0.54253E+03
      0.29800E+03  0.54435E+03
      0.29900E+03  0.54617E+03
      0.30000E+03  0.54800E+03
      0.30100E+03  0.54982E+03
      0.30200E+03  0.55163E+03
      0.30300E+03  0.55346E+03
      0.30400E+03  0.55529E+03
      0.30500E+03  0.55710E+03
      0.30600E+03  0.55892E+03
      0.30700E+03  0.56073E+03
      0.30800E+03  0.56254E+03
      0.30900E+03  0.56435E+03
      0.31000E+03  0.56616E+03
      0.31100E+03  0.56797E+03
      0.31200E+03  0.56978E+03
      0.31300E+03  0.57159E+03
      0.31400E+03  0.57341E+03
      0.31500E+03  0.57521E+03
      0.31600E+03  0.57702E+03
      0.31700E+03  0.57883E+03
      0.31800E+03  0.58064E+03
      0.31900E+03  0.58245E+03
      0.32000E+03  0.58426E+03
      0.32100E+03  0.58607E+03
      0.32200E+03  0.58788E+03
      0.32300E+03  0.58968E+03
      0.32400E+03  0.59150E+03
      0.32500E+03  0.59330E+03
      0.32600E+03  0.59512E+03
      0.32700E+03  0.59693E+03
      0.32800E+03  0.59875E+03
      0.32900E+03  0.60056E+03
      0.33000E+03  0.60237E+03
      0.33100E+03  0.60418E+03
      0.33200E+03  0.60599E+03
      0.33300E+03  0.60780E+03
      0.33400E+03  0.60961E+03
      0.33500E+03  0.61142E+03
      0.33600E+03  0.61323E+03
      0.33700E+03  0.61504E+03
      0.33800E+03  0.61685E+03
      0.33900E+03  0.61866E+03
      0.34000E+03  0.62046E+03
      0.34100E+03  0.62227E+03
      0.34200E+03  0.62408E+03
      0.34300E+03  0.62589E+03
      0.34400E+03  0.62770E+03
      0.34500E+03  0.62950E+03
      0.34600E+03  0.63131E+03
      0.34700E+03  0.63312E+03
      0.34800E+03  0.63493E+03
      0.34900E+03  0.63673E+03
      0.35000E+03  0.63854E+03
      0.35100E+03  0.64035E+03
      0.35200E+03  0.64216E+03
      0.35300E+03  0.64396E+03
      0.35400E+03  0.64577E+03
      0.35500E+03  0.64758E+03
      0.35600E+03  0.64939E+03
      0.35700E+03  0.65120E+03
      0.35800E+03  0.65301E+03
      0.35900E+03  0.65482E+03
      0.36000E+03  0.65664E+03
      0.36100E+03  0.65845E+03
      0.36200E+03  0.66026E+03
      0.36300E+03  0.66207E+03
      0.36400E+03  0.66388E+03
      0.36500E+03  0.66568E+03
      0.36600E+03  0.66748E+03
      0.36700E+03  0.66928E+03
      0.36800E+03  0.67109E+03
      0.36900E+03  0.67289E+03
      0.37000E+03  0.67470E+03
      0.37100E+03  0.67651E+03
      0.37200E+03  0.67832E+03
      0.37300E+03  0.68012E+03
      0.37400E+03  0.68193E+03
      0.37500E+03  0.68373E+03
      0.37600E+03  0.68554E+03
      0.37700E+03  0.68734E+03
      0.37800E+03  0.68914E+03
      0.37900E+03  0.69094E+03
      0.38000E+03  0.69275E+03
      0.38100E+03  0.69455E+03
      0.38200E+03  0.69635E+03
      0.38300E+03  0.69815E+03
      0.38400E+03  0.69996E+03
      0.38500E+03  0.70177E+03
      0.38600E+03  0.70356E+03
      0.38700E+03  0.70538E+03
      0.38800E+03  0.70718E+03
      0.38900E+03  0.70899E+03
      0.39000E+03  0.71080E+03
      0.39100E+03  0.71262E+03
      0.39200E+03  0.71443E+03
      0.39300E+03  0.71624E+03
      0.39400E+03  0.71805E+03
      0.39500E+03  0.71986E+03
      0.39600E+03  0.72168E+03
      0.39700E+03  0.72349E+03
      0.39800E+03  0.72530E+03
      0.39900E+03  0.72711E+03
