# ssmp-m4
#     Temp       Pres        Volu_avg         Box Len        Dens_avg
#      (K)      (atm)          (A**3)             (A)       (g/cm**3)
     238.0        1.0         15772.9        25.07864         0.97076         0.00110
     258.0        1.0         15359.4        24.85755         0.99689         0.00027
     268.0        1.0         15299.2        24.82500         1.00082         0.00046
     278.0        1.0         15311.6        24.83174         1.00000         0.00028
     298.0        1.0         15394.5        24.87645         0.99462         0.00037
     318.0        1.0         15568.4        24.96977         0.98351         0.00016
     338.0        1.0         15805.1        25.09566         0.96878         0.00007
